t,x,F,falla,severidad
0.0000000000,0.0000337724,-0.0035005823,falla_engranaje,0.8000000000
0.0005000000,-0.0000742349,0.0099425042,falla_engranaje,0.8000000000
0.0010000000,0.0000680301,0.0333628056,falla_engranaje,0.8000000000
0.0015000000,-0.0001044484,0.0096851775,falla_engranaje,0.8000000000
0.0020000000,-0.0000772172,0.0321273851,falla_engranaje,0.8000000000
0.0025000000,0.0000875840,0.0319755692,falla_engranaje,0.8000000000
0.0030000000,0.0000275593,0.0440616351,falla_engranaje,0.8000000000
0.0035000000,-0.0000421284,0.0348610108,falla_engranaje,0.8000000000
0.0040000000,0.0000519186,0.0603315269,falla_engranaje,0.8000000000
0.0045000000,-0.0000013408,0.0599602795,falla_engranaje,0.8000000000
0.0050000000,0.0000944548,0.0571664401,falla_engranaje,0.8000000000
0.0055000000,0.0000281985,0.0750234037,falla_engranaje,0.8000000000
0.0060000000,-0.0000753691,0.0739318653,falla_engranaje,0.8000000000
0.0065000000,-0.0000278734,0.1041611497,falla_engranaje,0.8000000000
0.0070000000,0.0000613289,0.0992618047,falla_engranaje,0.8000000000
0.0075000000,0.0000471782,0.1023535441,falla_engranaje,0.8000000000
0.0080000000,-0.0001231535,0.0965150157,falla_engranaje,0.8000000000
0.0085000000,-0.0000769397,0.0992933657,falla_engranaje,0.8000000000
0.0090000000,-0.0000664167,0.1136436415,falla_engranaje,0.8000000000
0.0095000000,-0.0000330888,0.1168731941,falla_engranaje,0.8000000000
0.0100000000,-0.0000217975,0.1037569790,falla_engranaje,0.8000000000
0.0105000000,-0.0001006763,0.1240888357,falla_engranaje,0.8000000000
0.0110000000,0.0000382845,0.1392572021,falla_engranaje,0.8000000000
0.0115000000,0.0000894308,0.1392585791,falla_engranaje,0.8000000000
0.0120000000,-0.0000511363,0.1541922608,falla_engranaje,0.8000000000
0.0125000000,0.0000050612,0.1450627286,falla_engranaje,0.8000000000
0.0130000000,0.0000073388,0.1536180902,falla_engranaje,0.8000000000
0.0135000000,-0.0001031355,0.1482735329,falla_engranaje,0.8000000000
0.0140000000,-0.0000369025,0.1644447517,falla_engranaje,0.8000000000
0.0145000000,0.0000021713,0.1724311197,falla_engranaje,0.8000000000
0.0150000000,0.0000442350,0.1792008776,falla_engranaje,0.8000000000
0.0155000000,0.0001037655,0.1957813886,falla_engranaje,0.8000000000
0.0160000000,0.0000602787,0.1904741340,falla_engranaje,0.8000000000
0.0165000000,-0.0000615501,0.1932245305,falla_engranaje,0.8000000000
0.0170000000,0.0000108422,0.2028049708,falla_engranaje,0.8000000000
0.0175000000,-0.0000428113,0.2195226736,falla_engranaje,0.8000000000
0.0180000000,0.0000601825,0.2085326214,falla_engranaje,0.8000000000
0.0185000000,-0.0000561066,0.2387491989,falla_engranaje,0.8000000000
0.0190000000,0.0000544412,0.2352489138,falla_engranaje,0.8000000000
0.0195000000,0.0000598285,0.2251681514,falla_engranaje,0.8000000000
0.0200000000,0.0000048593,0.2538483135,falla_engranaje,0.8000000000
0.0205000000,-0.0000324305,0.2499923775,falla_engranaje,0.8000000000
0.0210000000,0.0001087413,0.2544192797,falla_engranaje,0.8000000000
0.0215000000,0.0000438794,0.2557064536,falla_engranaje,0.8000000000
0.0220000000,0.0001098495,0.2420723590,falla_engranaje,0.8000000000
0.0225000000,0.0000254437,0.2853074466,falla_engranaje,0.8000000000
0.0230000000,0.0000127115,0.2812601355,falla_engranaje,0.8000000000
0.0235000000,0.0000150001,0.2801909600,falla_engranaje,0.8000000000
0.0240000000,-0.0000162664,0.2876698851,falla_engranaje,0.8000000000
0.0245000000,0.0000464793,0.2977400057,falla_engranaje,0.8000000000
0.0250000000,-0.0000162826,0.3052541532,falla_engranaje,0.8000000000
0.0255000000,-0.0000220702,0.2962933645,falla_engranaje,0.8000000000
0.0260000000,-0.0000864947,0.2851042415,falla_engranaje,0.8000000000
0.0265000000,-0.0000495493,0.3338494583,falla_engranaje,0.8000000000
0.0270000000,0.0000477973,0.3027648943,falla_engranaje,0.8000000000
0.0275000000,-0.0000530856,0.3251319748,falla_engranaje,0.8000000000
0.0280000000,-0.0000573826,0.3133678230,falla_engranaje,0.8000000000
0.0285000000,0.0000415311,0.3463793822,falla_engranaje,0.8000000000
0.0290000000,0.0000337156,0.3309217098,falla_engranaje,0.8000000000
0.0295000000,-0.0000723360,0.3468234689,falla_engranaje,0.8000000000
0.0300000000,0.0000152460,0.3620301804,falla_engranaje,0.8000000000
0.0305000000,-0.0000263774,0.3601877684,falla_engranaje,0.8000000000
0.0310000000,-0.0000553907,0.3689703377,falla_engranaje,0.8000000000
0.0315000000,0.0001103540,0.3863676953,falla_engranaje,0.8000000000
0.0320000000,0.0001228510,0.3861518650,falla_engranaje,0.8000000000
0.0325000000,0.0001752120,0.3816132886,falla_engranaje,0.8000000000
0.0330000000,-0.0000483703,0.3874261655,falla_engranaje,0.8000000000
0.0335000000,0.0000942193,0.3923932423,falla_engranaje,0.8000000000
0.0340000000,0.0000435109,0.4208872337,falla_engranaje,0.8000000000
0.0345000000,0.0001326757,0.3920720834,falla_engranaje,0.8000000000
0.0350000000,0.0001356892,0.4081630150,falla_engranaje,0.8000000000
0.0355000000,0.0000410071,0.4327659995,falla_engranaje,0.8000000000
0.0360000000,0.0000849114,0.4057928456,falla_engranaje,0.8000000000
0.0365000000,0.0001235999,0.4186315353,falla_engranaje,0.8000000000
0.0370000000,0.0000771994,0.4338913948,falla_engranaje,0.8000000000
0.0375000000,0.0000662267,0.4559843797,falla_engranaje,0.8000000000
0.0380000000,0.0000451710,0.4510397771,falla_engranaje,0.8000000000
0.0385000000,0.0001487011,0.4640603690,falla_engranaje,0.8000000000
0.0390000000,0.0000913463,0.4783503421,falla_engranaje,0.8000000000
0.0395000000,0.0001448030,0.4573727906,falla_engranaje,0.8000000000
0.0400000000,0.0000542710,0.4685009627,falla_engranaje,0.8000000000
0.0405000000,0.0002585167,0.4641781906,falla_engranaje,0.8000000000
0.0410000000,0.0000877797,0.4960688094,falla_engranaje,0.8000000000
0.0415000000,0.0002290819,0.4893074985,falla_engranaje,0.8000000000
0.0420000000,0.0000488948,0.5036725309,falla_engranaje,0.8000000000
0.0425000000,0.0001479926,0.4874054247,falla_engranaje,0.8000000000
0.0430000000,0.0001621097,0.5031655770,falla_engranaje,0.8000000000
0.0435000000,0.0001643435,0.5112384773,falla_engranaje,0.8000000000
0.0440000000,0.0001900374,0.5214996824,falla_engranaje,0.8000000000
0.0445000000,0.0002270142,0.5475704795,falla_engranaje,0.8000000000
0.0450000000,0.0001730579,0.5307026925,falla_engranaje,0.8000000000
0.0455000000,0.0001697499,0.5382927723,falla_engranaje,0.8000000000
0.0460000000,0.0000980109,0.5357707195,falla_engranaje,0.8000000000
0.0465000000,0.0002219284,0.5647158790,falla_engranaje,0.8000000000
0.0470000000,0.0001179903,0.5559753178,falla_engranaje,0.8000000000
0.0475000000,0.0002350084,0.5749263015,falla_engranaje,0.8000000000
0.0480000000,0.0002283579,0.5704724740,falla_engranaje,0.8000000000
0.0485000000,0.0002398869,0.5591688230,falla_engranaje,0.8000000000
0.0490000000,0.0001697506,0.5815490963,falla_engranaje,0.8000000000
0.0495000000,0.0003921702,0.5801571671,falla_engranaje,0.8000000000
0.0500000000,0.0001681297,0.5857785661,falla_engranaje,0.8000000000
0.0505000000,0.0003679845,0.6016508263,falla_engranaje,0.8000000000
0.0510000000,0.0003065885,0.6005892180,falla_engranaje,0.8000000000
0.0515000000,0.0002951240,0.5852155196,falla_engranaje,0.8000000000
0.0520000000,0.0003172157,0.6191770409,falla_engranaje,0.8000000000
0.0525000000,0.0002810123,0.6096020746,falla_engranaje,0.8000000000
0.0530000000,0.0001584197,0.6270471531,falla_engranaje,0.8000000000
0.0535000000,0.0003049033,0.6205560414,falla_engranaje,0.8000000000
0.0540000000,0.0003374357,0.6381912222,falla_engranaje,0.8000000000
0.0545000000,0.0003156952,0.6305287912,falla_engranaje,0.8000000000
0.0550000000,0.0002862147,0.6295525071,falla_engranaje,0.8000000000
0.0555000000,0.0003248212,0.6492891906,falla_engranaje,0.8000000000
0.0560000000,0.0002521617,0.6453351449,falla_engranaje,0.8000000000
0.0565000000,0.0003158904,0.6614704137,falla_engranaje,0.8000000000
0.0570000000,0.0003561464,0.6668875746,falla_engranaje,0.8000000000
0.0575000000,0.0004279428,0.6896941399,falla_engranaje,0.8000000000
0.0580000000,0.0004046313,0.6885289343,falla_engranaje,0.8000000000
0.0585000000,0.0003826579,0.6896755753,falla_engranaje,0.8000000000
0.0590000000,0.0003751514,0.6738749699,falla_engranaje,0.8000000000
0.0595000000,0.0004034257,0.7047272138,falla_engranaje,0.8000000000
0.0600000000,0.0004144267,0.6941218823,falla_engranaje,0.8000000000
0.0605000000,0.0004851685,0.6873292138,falla_engranaje,0.8000000000
0.0610000000,0.0004865466,0.6996176019,falla_engranaje,0.8000000000
0.0615000000,0.0004631232,0.7194775434,falla_engranaje,0.8000000000
0.0620000000,0.0004232781,0.7176658828,falla_engranaje,0.8000000000
0.0625000000,0.0004505512,0.7181177986,falla_engranaje,0.8000000000
0.0630000000,0.0005009600,0.7354703748,falla_engranaje,0.8000000000
0.0635000000,0.0005085884,0.7458610144,falla_engranaje,0.8000000000
0.0640000000,0.0004014855,0.7387222853,falla_engranaje,0.8000000000
0.0645000000,0.0004475846,0.7510280642,falla_engranaje,0.8000000000
0.0650000000,0.0004384993,0.7533544115,falla_engranaje,0.8000000000
0.0655000000,0.0004117803,0.7547191825,falla_engranaje,0.8000000000
0.0660000000,0.0006055925,0.7537333080,falla_engranaje,0.8000000000
0.0665000000,0.0005749989,0.7619987768,falla_engranaje,0.8000000000
0.0670000000,0.0006004587,0.7484854461,falla_engranaje,0.8000000000
0.0675000000,0.0006131299,0.7920613968,falla_engranaje,0.8000000000
0.0680000000,0.0006357894,0.7893280700,falla_engranaje,0.8000000000
0.0685000000,0.0006339900,0.7759569245,falla_engranaje,0.8000000000
0.0690000000,0.0005102133,0.7773641908,falla_engranaje,0.8000000000
0.0695000000,0.0005968105,0.7964972792,falla_engranaje,0.8000000000
0.0700000000,0.0006651562,0.8164555696,falla_engranaje,0.8000000000
0.0705000000,0.0007095165,0.8113752692,falla_engranaje,0.8000000000
0.0710000000,0.0007078440,0.8152513440,falla_engranaje,0.8000000000
0.0715000000,0.0006480331,0.8087922702,falla_engranaje,0.8000000000
0.0720000000,0.0007016190,0.8362820739,falla_engranaje,0.8000000000
0.0725000000,0.0007762968,0.8361545541,falla_engranaje,0.8000000000
0.0730000000,0.0005804378,0.8326976905,falla_engranaje,0.8000000000
0.0735000000,0.0007006160,0.8343771819,falla_engranaje,0.8000000000
0.0740000000,0.0007311631,0.8333760316,falla_engranaje,0.8000000000
0.0745000000,0.0007182046,0.8476416971,falla_engranaje,0.8000000000
0.0750000000,0.0006706392,0.8604029406,falla_engranaje,0.8000000000
0.0755000000,0.0008615315,0.8618170834,falla_engranaje,0.8000000000
0.0760000000,0.0007779923,0.8552406496,falla_engranaje,0.8000000000
0.0765000000,0.0007175407,0.8800336182,falla_engranaje,0.8000000000
0.0770000000,0.0008638667,0.8800418542,falla_engranaje,0.8000000000
0.0775000000,0.0008788998,0.8800661386,falla_engranaje,0.8000000000
0.0780000000,0.0009135550,0.9019070271,falla_engranaje,0.8000000000
0.0785000000,0.0009102976,0.8795275145,falla_engranaje,0.8000000000
0.0790000000,0.0007947161,0.8890603639,falla_engranaje,0.8000000000
0.0795000000,0.0008260370,0.8940583222,falla_engranaje,0.8000000000
0.0800000000,0.0007813117,0.8992112113,falla_engranaje,0.8000000000
0.0805000000,0.0008982039,0.9203317595,falla_engranaje,0.8000000000
0.0810000000,0.0010433019,0.9342417066,falla_engranaje,0.8000000000
0.0815000000,0.0010095794,0.9105094127,falla_engranaje,0.8000000000
0.0820000000,0.0010091953,0.9258211378,falla_engranaje,0.8000000000
0.0825000000,0.0008361439,0.9240892949,falla_engranaje,0.8000000000
0.0830000000,0.0009552803,0.9321315990,falla_engranaje,0.8000000000
0.0835000000,0.0011361785,0.9214796919,falla_engranaje,0.8000000000
0.0840000000,0.0010527991,0.9499137390,falla_engranaje,0.8000000000
0.0845000000,0.0010314335,0.9393299689,falla_engranaje,0.8000000000
0.0850000000,0.0010918152,0.9363276221,falla_engranaje,0.8000000000
0.0855000000,0.0011319902,0.9556589580,falla_engranaje,0.8000000000
0.0860000000,0.0010899216,0.9475769938,falla_engranaje,0.8000000000
0.0865000000,0.0011769696,0.9604216684,falla_engranaje,0.8000000000
0.0870000000,0.0010667010,0.9563962483,falla_engranaje,0.8000000000
0.0875000000,0.0012719159,0.9831451515,falla_engranaje,0.8000000000
0.0880000000,0.0011128330,0.9619473938,falla_engranaje,0.8000000000
0.0885000000,0.0011619560,0.9673203105,falla_engranaje,0.8000000000
0.0890000000,0.0012148452,0.9802935508,falla_engranaje,0.8000000000
0.0895000000,0.0012211638,0.9790760034,falla_engranaje,0.8000000000
0.0900000000,0.0011505206,1.0091727035,falla_engranaje,0.8000000000
0.0905000000,0.0012967840,0.9969177810,falla_engranaje,0.8000000000
0.0910000000,0.0013348266,0.9971441372,falla_engranaje,0.8000000000
0.0915000000,0.0012098367,1.0169110976,falla_engranaje,0.8000000000
0.0920000000,0.0014371995,1.0051411636,falla_engranaje,0.8000000000
0.0925000000,0.0013536089,1.0150411114,falla_engranaje,0.8000000000
0.0930000000,0.0013091887,1.0368239402,falla_engranaje,0.8000000000
0.0935000000,0.0014360413,1.0273457394,falla_engranaje,0.8000000000
0.0940000000,0.0013564103,1.0322724708,falla_engranaje,0.8000000000
0.0945000000,0.0015068724,1.0477295500,falla_engranaje,0.8000000000
0.0950000000,0.0014428523,1.0510577664,falla_engranaje,0.8000000000
0.0955000000,0.0014211881,1.0531614546,falla_engranaje,0.8000000000
0.0960000000,0.0015050736,1.0459468675,falla_engranaje,0.8000000000
0.0965000000,0.0015334308,1.0640579090,falla_engranaje,0.8000000000
0.0970000000,0.0015135289,1.0490824415,falla_engranaje,0.8000000000
0.0975000000,0.0014800816,1.0598705207,falla_engranaje,0.8000000000
0.0980000000,0.0015150018,1.0826022573,falla_engranaje,0.8000000000
0.0985000000,0.0016048469,1.0550841018,falla_engranaje,0.8000000000
0.0990000000,0.0015384993,1.0641535257,falla_engranaje,0.8000000000
0.0995000000,0.0016280585,1.0830605380,falla_engranaje,0.8000000000
0.1000000000,0.0015288685,1.0816871790,falla_engranaje,0.8000000000
0.1005000000,0.0016472586,1.1025090915,falla_engranaje,0.8000000000
0.1010000000,0.0018813310,1.0975218535,falla_engranaje,0.8000000000
0.1015000000,0.0017426025,1.0813730437,falla_engranaje,0.8000000000
0.1020000000,0.0018646532,1.0916126734,falla_engranaje,0.8000000000
0.1025000000,0.0018123789,1.1047307061,falla_engranaje,0.8000000000
0.1030000000,0.0018748622,1.1040378100,falla_engranaje,0.8000000000
0.1035000000,0.0017465490,1.1369529665,falla_engranaje,0.8000000000
0.1040000000,0.0017234118,1.1392962092,falla_engranaje,0.8000000000
0.1045000000,0.0017457808,1.1459135286,falla_engranaje,0.8000000000
0.1050000000,0.0019119867,1.1262230182,falla_engranaje,0.8000000000
0.1055000000,0.0018824286,1.1275208897,falla_engranaje,0.8000000000
0.1060000000,0.0020186104,1.1293717751,falla_engranaje,0.8000000000
0.1065000000,0.0018650770,1.1220730430,falla_engranaje,0.8000000000
0.1070000000,0.0018452621,1.1414058811,falla_engranaje,0.8000000000
0.1075000000,0.0020583794,1.1521241599,falla_engranaje,0.8000000000
0.1080000000,0.0018967737,1.1600773210,falla_engranaje,0.8000000000
0.1085000000,0.0020144228,1.1576095358,falla_engranaje,0.8000000000
0.1090000000,0.0018824099,1.1533633433,falla_engranaje,0.8000000000
0.1095000000,0.0021120314,1.1582676978,falla_engranaje,0.8000000000
0.1100000000,0.0020708763,1.1664438600,falla_engranaje,0.8000000000
0.1105000000,0.0022293090,1.1698132540,falla_engranaje,0.8000000000
0.1110000000,0.0021311053,1.1629161561,falla_engranaje,0.8000000000
0.1115000000,0.0021328986,1.1687729111,falla_engranaje,0.8000000000
0.1120000000,0.0022217509,1.1800655125,falla_engranaje,0.8000000000
0.1125000000,0.0023429643,1.1974200484,falla_engranaje,0.8000000000
0.1130000000,0.0022436739,1.1855081544,falla_engranaje,0.8000000000
0.1135000000,0.0023229841,1.1886087351,falla_engranaje,0.8000000000
0.1140000000,0.0022776687,1.2020557136,falla_engranaje,0.8000000000
0.1145000000,0.0023608485,1.2100595081,falla_engranaje,0.8000000000
0.1150000000,0.0023969067,1.2104743718,falla_engranaje,0.8000000000
0.1155000000,0.0023762469,1.2182387158,falla_engranaje,0.8000000000
0.1160000000,0.0024249702,1.2194144583,falla_engranaje,0.8000000000
0.1165000000,0.0026270303,1.2258248739,falla_engranaje,0.8000000000
0.1170000000,0.0024821628,1.2099298380,falla_engranaje,0.8000000000
0.1175000000,0.0025922625,1.2212588972,falla_engranaje,0.8000000000
0.1180000000,0.0024479772,1.2241237505,falla_engranaje,0.8000000000
0.1185000000,0.0026285902,1.2094123302,falla_engranaje,0.8000000000
0.1190000000,0.0025858122,1.2342710092,falla_engranaje,0.8000000000
0.1195000000,0.0027181636,1.2281344151,falla_engranaje,0.8000000000
0.1200000000,0.0027192144,1.2463018345,falla_engranaje,0.8000000000
0.1205000000,0.0026158706,1.2365542376,falla_engranaje,0.8000000000
0.1210000000,0.0026883812,1.2514400886,falla_engranaje,0.8000000000
0.1215000000,0.0026679393,1.2511932113,falla_engranaje,0.8000000000
0.1220000000,0.0028077119,1.2357208404,falla_engranaje,0.8000000000
0.1225000000,0.0027386386,1.2591417617,falla_engranaje,0.8000000000
0.1230000000,0.0028409797,1.2676714159,falla_engranaje,0.8000000000
0.1235000000,0.0027975597,1.2641683888,falla_engranaje,0.8000000000
0.1240000000,0.0028832216,1.2600544383,falla_engranaje,0.8000000000
0.1245000000,0.0028177029,1.2664384017,falla_engranaje,0.8000000000
0.1250000000,0.0029375746,1.2765120158,falla_engranaje,0.8000000000
0.1255000000,0.0030220521,1.2888640393,falla_engranaje,0.8000000000
0.1260000000,0.0029659686,1.2955251739,falla_engranaje,0.8000000000
0.1265000000,0.0029870801,1.2832913783,falla_engranaje,0.8000000000
0.1270000000,0.0030299786,1.2984008358,falla_engranaje,0.8000000000
0.1275000000,0.0030648141,1.3044265934,falla_engranaje,0.8000000000
0.1280000000,0.0029833197,1.2932517533,falla_engranaje,0.8000000000
0.1285000000,0.0029819461,1.2932067558,falla_engranaje,0.8000000000
0.1290000000,0.0032840485,1.2920331447,falla_engranaje,0.8000000000
0.1295000000,0.0032023438,1.3050321908,falla_engranaje,0.8000000000
0.1300000000,0.0031796315,1.3057286774,falla_engranaje,0.8000000000
0.1305000000,0.0033184170,1.3041116150,falla_engranaje,0.8000000000
0.1310000000,0.0032104562,1.3469740891,falla_engranaje,0.8000000000
0.1315000000,0.0031385290,1.3237782525,falla_engranaje,0.8000000000
0.1320000000,0.0032739064,1.3268237743,falla_engranaje,0.8000000000
0.1325000000,0.0034920394,1.3400324382,falla_engranaje,0.8000000000
0.1330000000,0.0033155169,1.3126930010,falla_engranaje,0.8000000000
0.1335000000,0.0034144159,1.3362260844,falla_engranaje,0.8000000000
0.1340000000,0.0035217658,1.3511994181,falla_engranaje,0.8000000000
0.1345000000,0.0034117088,1.3477777675,falla_engranaje,0.8000000000
0.1350000000,0.0035543039,1.3307689929,falla_engranaje,0.8000000000
0.1355000000,0.0034692744,1.3549401211,falla_engranaje,0.8000000000
0.1360000000,0.0035257591,1.3471238464,falla_engranaje,0.8000000000
0.1365000000,0.0035174546,1.3732338719,falla_engranaje,0.8000000000
0.1370000000,0.0036367696,1.3484881999,falla_engranaje,0.8000000000
0.1375000000,0.0036789353,1.3579571673,falla_engranaje,0.8000000000
0.1380000000,0.0037838243,1.3616765922,falla_engranaje,0.8000000000
0.1385000000,0.0037190314,1.3736317781,falla_engranaje,0.8000000000
0.1390000000,0.0038106912,1.3552500186,falla_engranaje,0.8000000000
0.1395000000,0.0037306906,1.3590258377,falla_engranaje,0.8000000000
0.1400000000,0.0039069136,1.3677664314,falla_engranaje,0.8000000000
0.1405000000,0.0039563790,1.3549237486,falla_engranaje,0.8000000000
0.1410000000,0.0039885819,1.3723069519,falla_engranaje,0.8000000000
0.1415000000,0.0039090347,1.3690998177,falla_engranaje,0.8000000000
0.1420000000,0.0039154471,1.3814941881,falla_engranaje,0.8000000000
0.1425000000,0.0039378314,1.3789503712,falla_engranaje,0.8000000000
0.1430000000,0.0039914696,1.4007612669,falla_engranaje,0.8000000000
0.1435000000,0.0040197900,1.3900828465,falla_engranaje,0.8000000000
0.1440000000,0.0040020260,1.3882254610,falla_engranaje,0.8000000000
0.1445000000,0.0041289186,1.3988790040,falla_engranaje,0.8000000000
0.1450000000,0.0041599464,1.4017219782,falla_engranaje,0.8000000000
0.1455000000,0.0041821297,1.3947626569,falla_engranaje,0.8000000000
0.1460000000,0.0042987537,1.3786806826,falla_engranaje,0.8000000000
0.1465000000,0.0041630794,1.4003052727,falla_engranaje,0.8000000000
0.1470000000,0.0042615255,1.4022798631,falla_engranaje,0.8000000000
0.1475000000,0.0042758135,1.4134145985,falla_engranaje,0.8000000000
0.1480000000,0.0043181421,1.4154094927,falla_engranaje,0.8000000000
0.1485000000,0.0043488389,1.4162794693,falla_engranaje,0.8000000000
0.1490000000,0.0044242785,1.4309174899,falla_engranaje,0.8000000000
0.1495000000,0.0044385948,1.4236496793,falla_engranaje,0.8000000000
0.1500000000,0.0044629554,1.4369431338,falla_engranaje,0.8000000000
0.1505000000,0.0044178934,1.4270602885,falla_engranaje,0.8000000000
0.1510000000,0.0045101294,1.4168208793,falla_engranaje,0.8000000000
0.1515000000,0.0045068856,1.4290183138,falla_engranaje,0.8000000000
0.1520000000,0.0046317661,1.4166454652,falla_engranaje,0.8000000000
0.1525000000,0.0046361848,1.4277561747,falla_engranaje,0.8000000000
0.1530000000,0.0047113261,1.4430335084,falla_engranaje,0.8000000000
0.1535000000,0.0045794354,1.4348038941,falla_engranaje,0.8000000000
0.1540000000,0.0047847549,1.4534358059,falla_engranaje,0.8000000000
0.1545000000,0.0047267512,1.4447090174,falla_engranaje,0.8000000000
0.1550000000,0.0047278148,1.4439224304,falla_engranaje,0.8000000000
0.1555000000,0.0047907587,1.4699252449,falla_engranaje,0.8000000000
0.1560000000,0.0048763406,1.4778710162,falla_engranaje,0.8000000000
0.1565000000,0.0050188313,1.4664129916,falla_engranaje,0.8000000000
0.1570000000,0.0048460781,1.4530619232,falla_engranaje,0.8000000000
0.1575000000,0.0048948697,1.4434717932,falla_engranaje,0.8000000000
0.1580000000,0.0050055418,1.4514526443,falla_engranaje,0.8000000000
0.1585000000,0.0050056525,1.4616480420,falla_engranaje,0.8000000000
0.1590000000,0.0050849336,1.4620636048,falla_engranaje,0.8000000000
0.1595000000,0.0051444065,1.4737397753,falla_engranaje,0.8000000000
0.1600000000,0.0050806727,1.4740978176,falla_engranaje,0.8000000000
0.1605000000,0.0051112576,1.4758390920,falla_engranaje,0.8000000000
0.1610000000,0.0050442260,1.4731352532,falla_engranaje,0.8000000000
0.1615000000,0.0051743162,1.4698874254,falla_engranaje,0.8000000000
0.1620000000,0.0053151923,1.4675171273,falla_engranaje,0.8000000000
0.1625000000,0.0053715735,1.4768700047,falla_engranaje,0.8000000000
0.1630000000,0.0053866815,1.4950605061,falla_engranaje,0.8000000000
0.1635000000,0.0053910360,1.4985677502,falla_engranaje,0.8000000000
0.1640000000,0.0052648307,1.4800631711,falla_engranaje,0.8000000000
0.1645000000,0.0054552054,1.5012227868,falla_engranaje,0.8000000000
0.1650000000,0.0054682566,1.4922906658,falla_engranaje,0.8000000000
0.1655000000,0.0054284043,1.4913937328,falla_engranaje,0.8000000000
0.1660000000,0.0054388184,1.5080940242,falla_engranaje,0.8000000000
0.1665000000,0.0055789552,1.5163457578,falla_engranaje,0.8000000000
0.1670000000,0.0056514345,1.4875085357,falla_engranaje,0.8000000000
0.1675000000,0.0056199891,1.4998110886,falla_engranaje,0.8000000000
0.1680000000,0.0056238032,1.4861232154,falla_engranaje,0.8000000000
0.1685000000,0.0056865346,1.5050925597,falla_engranaje,0.8000000000
0.1690000000,0.0057061781,1.5276851768,falla_engranaje,0.8000000000
0.1695000000,0.0056860172,1.5048414732,falla_engranaje,0.8000000000
0.1700000000,0.0057666444,1.5034628330,falla_engranaje,0.8000000000
0.1705000000,0.0058613527,1.5048407516,falla_engranaje,0.8000000000
0.1710000000,0.0059549363,1.5097320459,falla_engranaje,0.8000000000
0.1715000000,0.0058403400,1.5163196379,falla_engranaje,0.8000000000
0.1720000000,0.0059734494,1.5290746647,falla_engranaje,0.8000000000
0.1725000000,0.0059947938,1.5071846298,falla_engranaje,0.8000000000
0.1730000000,0.0060359027,1.5184750098,falla_engranaje,0.8000000000
0.1735000000,0.0060169558,1.5016202071,falla_engranaje,0.8000000000
0.1740000000,0.0062104139,1.5245581153,falla_engranaje,0.8000000000
0.1745000000,0.0061633279,1.5336658441,falla_engranaje,0.8000000000
0.1750000000,0.0061137486,1.5205360227,falla_engranaje,0.8000000000
0.1755000000,0.0063143525,1.5133235076,falla_engranaje,0.8000000000
0.1760000000,0.0062416916,1.5292815190,falla_engranaje,0.8000000000
0.1765000000,0.0062436397,1.5317447975,falla_engranaje,0.8000000000
0.1770000000,0.0062602845,1.5309431189,falla_engranaje,0.8000000000
0.1775000000,0.0062894933,1.5434093814,falla_engranaje,0.8000000000
0.1780000000,0.0063978824,1.5170474974,falla_engranaje,0.8000000000
0.1785000000,0.0063872983,1.5264452544,falla_engranaje,0.8000000000
0.1790000000,0.0063695252,1.5317849632,falla_engranaje,0.8000000000
0.1795000000,0.0065626848,1.5385049147,falla_engranaje,0.8000000000
0.1800000000,0.0064750908,1.5354654601,falla_engranaje,0.8000000000
0.1805000000,0.0065200377,1.5512034244,falla_engranaje,0.8000000000
0.1810000000,0.0065414831,1.5516914222,falla_engranaje,0.8000000000
0.1815000000,0.0066054307,1.5417727061,falla_engranaje,0.8000000000
0.1820000000,0.0065781561,1.5323483495,falla_engranaje,0.8000000000
0.1825000000,0.0067966361,1.5275976340,falla_engranaje,0.8000000000
0.1830000000,0.0067600640,1.5577441018,falla_engranaje,0.8000000000
0.1835000000,0.0066815285,1.5544828215,falla_engranaje,0.8000000000
0.1840000000,0.0067445740,1.5283586761,falla_engranaje,0.8000000000
0.1845000000,0.0068217379,1.5706158739,falla_engranaje,0.8000000000
0.1850000000,0.0068662055,1.5542551667,falla_engranaje,0.8000000000
0.1855000000,0.0069773118,1.5525423615,falla_engranaje,0.8000000000
0.1860000000,0.0068054042,1.5512136376,falla_engranaje,0.8000000000
0.1865000000,0.0069081658,1.5646668682,falla_engranaje,0.8000000000
0.1870000000,0.0069503732,1.5620003069,falla_engranaje,0.8000000000
0.1875000000,0.0069431651,1.5567396372,falla_engranaje,0.8000000000
0.1880000000,0.0071389276,1.5620071347,falla_engranaje,0.8000000000
0.1885000000,0.0071428927,1.5623506791,falla_engranaje,0.8000000000
0.1890000000,0.0070979007,1.5639888323,falla_engranaje,0.8000000000
0.1895000000,0.0071180958,1.5417484022,falla_engranaje,0.8000000000
0.1900000000,0.0071322767,1.5590710606,falla_engranaje,0.8000000000
0.1905000000,0.0072741241,1.5714411888,falla_engranaje,0.8000000000
0.1910000000,0.0071423737,1.5685702965,falla_engranaje,0.8000000000
0.1915000000,0.0073694408,1.5733990577,falla_engranaje,0.8000000000
0.1920000000,0.0072683406,1.5701118070,falla_engranaje,0.8000000000
0.1925000000,0.0074173158,1.5596133440,falla_engranaje,0.8000000000
0.1930000000,0.0073193468,1.5838215746,falla_engranaje,0.8000000000
0.1935000000,0.0073718757,1.5506410231,falla_engranaje,0.8000000000
0.1940000000,0.0072637118,1.5394324349,falla_engranaje,0.8000000000
0.1945000000,0.0073845367,1.5781080049,falla_engranaje,0.8000000000
0.1950000000,0.0075060272,1.5875647583,falla_engranaje,0.8000000000
0.1955000000,0.0074703043,1.5610088164,falla_engranaje,0.8000000000
0.1960000000,0.0074501820,1.5663702467,falla_engranaje,0.8000000000
0.1965000000,0.0075917535,1.5653142076,falla_engranaje,0.8000000000
0.1970000000,0.0075417847,1.5630437588,falla_engranaje,0.8000000000
0.1975000000,0.0076478804,1.5633164456,falla_engranaje,0.8000000000
0.1980000000,0.0075594493,1.5793642104,falla_engranaje,0.8000000000
0.1985000000,0.0077170962,1.5543939143,falla_engranaje,0.8000000000
0.1990000000,0.0077208329,1.5798701510,falla_engranaje,0.8000000000
0.1995000000,0.0076688722,1.5691057286,falla_engranaje,0.8000000000
0.2000000000,0.0078582131,1.5936664132,falla_engranaje,0.8000000000
0.2005000000,0.0077206659,1.5620821302,falla_engranaje,0.8000000000
0.2010000000,0.0078172276,1.5849839913,falla_engranaje,0.8000000000
0.2015000000,0.0079139061,1.5682789396,falla_engranaje,0.8000000000
0.2020000000,0.0079247269,1.5663365386,falla_engranaje,0.8000000000
0.2025000000,0.0079150931,1.5804306647,falla_engranaje,0.8000000000
0.2030000000,0.0080072410,1.5864319949,falla_engranaje,0.8000000000
0.2035000000,0.0078754807,1.5975313804,falla_engranaje,0.8000000000
0.2040000000,0.0080054629,1.5912480284,falla_engranaje,0.8000000000
0.2045000000,0.0079941348,1.5845479292,falla_engranaje,0.8000000000
0.2050000000,0.0080809550,1.5814931208,falla_engranaje,0.8000000000
0.2055000000,0.0081961635,1.6050567162,falla_engranaje,0.8000000000
0.2060000000,0.0081985939,1.5795360535,falla_engranaje,0.8000000000
0.2065000000,0.0081575532,1.5809758367,falla_engranaje,0.8000000000
0.2070000000,0.0083079837,1.5895231684,falla_engranaje,0.8000000000
0.2075000000,0.0082048184,1.5829882368,falla_engranaje,0.8000000000
0.2080000000,0.0082001749,1.5871078607,falla_engranaje,0.8000000000
0.2085000000,0.0082618499,1.5848899355,falla_engranaje,0.8000000000
0.2090000000,0.0083196415,1.5805642358,falla_engranaje,0.8000000000
0.2095000000,0.0083504435,1.5676928189,falla_engranaje,0.8000000000
0.2100000000,0.0083347505,1.6011144708,falla_engranaje,0.8000000000
0.2105000000,0.0083769457,1.5768800396,falla_engranaje,0.8000000000
0.2110000000,0.0083803523,1.5886605262,falla_engranaje,0.8000000000
0.2115000000,0.0084102878,1.5813970412,falla_engranaje,0.8000000000
0.2120000000,0.0084625083,1.6068427519,falla_engranaje,0.8000000000
0.2125000000,0.0083795253,1.6007073669,falla_engranaje,0.8000000000
0.2130000000,0.0086059177,1.6067083912,falla_engranaje,0.8000000000
0.2135000000,0.0085356597,1.5867934895,falla_engranaje,0.8000000000
0.2140000000,0.0086321466,1.5882977530,falla_engranaje,0.8000000000
0.2145000000,0.0085870302,1.5697331524,falla_engranaje,0.8000000000
0.2150000000,0.0087135456,1.5932474801,falla_engranaje,0.8000000000
0.2155000000,0.0087602616,1.5857532437,falla_engranaje,0.8000000000
0.2160000000,0.0087853137,1.5665601978,falla_engranaje,0.8000000000
0.2165000000,0.0086500836,1.5863695450,falla_engranaje,0.8000000000
0.2170000000,0.0086715535,1.5792042972,falla_engranaje,0.8000000000
0.2175000000,0.0088445332,1.5873188804,falla_engranaje,0.8000000000
0.2180000000,0.0086931643,1.5850687629,falla_engranaje,0.8000000000
0.2185000000,0.0088920098,1.5913917314,falla_engranaje,0.8000000000
0.2190000000,0.0087493410,1.5980418667,falla_engranaje,0.8000000000
0.2195000000,0.0088559168,1.5778972625,falla_engranaje,0.8000000000
0.2200000000,0.0088162529,1.5881593030,falla_engranaje,0.8000000000
0.2205000000,0.0089268876,1.5930739439,falla_engranaje,0.8000000000
0.2210000000,0.0090287711,1.5997689928,falla_engranaje,0.8000000000
0.2215000000,0.0090125902,1.5894145198,falla_engranaje,0.8000000000
0.2220000000,0.0090846469,1.5727649176,falla_engranaje,0.8000000000
0.2225000000,0.0090857157,1.5772089420,falla_engranaje,0.8000000000
0.2230000000,0.0090145661,1.5912135392,falla_engranaje,0.8000000000
0.2235000000,0.0090406445,1.5728165997,falla_engranaje,0.8000000000
0.2240000000,0.0089763169,1.5895143806,falla_engranaje,0.8000000000
0.2245000000,0.0089811932,1.5852090161,falla_engranaje,0.8000000000
0.2250000000,0.0091880435,1.5780046573,falla_engranaje,0.8000000000
0.2255000000,0.0091144099,1.5806094614,falla_engranaje,0.8000000000
0.2260000000,0.0092933325,1.5820501224,falla_engranaje,0.8000000000
0.2265000000,0.0092544806,1.5870793378,falla_engranaje,0.8000000000
0.2270000000,0.0091873794,1.5887347612,falla_engranaje,0.8000000000
0.2275000000,0.0092561747,1.5860287826,falla_engranaje,0.8000000000
0.2280000000,0.0092495570,1.5986639021,falla_engranaje,0.8000000000
0.2285000000,0.0092232228,1.6008514498,falla_engranaje,0.8000000000
0.2290000000,0.0093381194,1.5821080437,falla_engranaje,0.8000000000
0.2295000000,0.0092249444,1.5847467546,falla_engranaje,0.8000000000
0.2300000000,0.0093873378,1.5814283675,falla_engranaje,0.8000000000
0.2305000000,0.0092981062,1.5884822159,falla_engranaje,0.8000000000
0.2310000000,0.0095484524,1.5876773734,falla_engranaje,0.8000000000
0.2315000000,0.0096754887,1.5835063427,falla_engranaje,0.8000000000
0.2320000000,0.0093497889,1.5756681720,falla_engranaje,0.8000000000
0.2325000000,0.0094613629,1.5633839356,falla_engranaje,0.8000000000
0.2330000000,0.0093840331,1.5798887781,falla_engranaje,0.8000000000
0.2335000000,0.0094301199,1.5959144961,falla_engranaje,0.8000000000
0.2340000000,0.0094971296,1.5641695121,falla_engranaje,0.8000000000
0.2345000000,0.0094314099,1.5938821675,falla_engranaje,0.8000000000
0.2350000000,0.0094763952,1.5698320716,falla_engranaje,0.8000000000
0.2355000000,0.0096416440,1.5799139537,falla_engranaje,0.8000000000
0.2360000000,0.0096408729,1.5656231739,falla_engranaje,0.8000000000
0.2365000000,0.0097078410,1.5734869835,falla_engranaje,0.8000000000
0.2370000000,0.0095821976,1.5668275799,falla_engranaje,0.8000000000
0.2375000000,0.0097363909,1.5681012368,falla_engranaje,0.8000000000
0.2380000000,0.0096690151,1.5587779169,falla_engranaje,0.8000000000
0.2385000000,0.0095126123,1.5716171421,falla_engranaje,0.8000000000
0.2390000000,0.0097272044,1.5529036362,falla_engranaje,0.8000000000
0.2395000000,0.0096703551,1.5782783518,falla_engranaje,0.8000000000
0.2400000000,0.0097708243,1.5719903484,falla_engranaje,0.8000000000
0.2405000000,0.0097621780,1.5746033094,falla_engranaje,0.8000000000
0.2410000000,0.0098230863,1.5478631192,falla_engranaje,0.8000000000
0.2415000000,0.0098101337,1.5696520710,falla_engranaje,0.8000000000
0.2420000000,0.0097670885,1.5867789603,falla_engranaje,0.8000000000
0.2425000000,0.0097913599,1.5665162641,falla_engranaje,0.8000000000
0.2430000000,0.0096741921,1.5521012018,falla_engranaje,0.8000000000
0.2435000000,0.0098499822,1.5601629697,falla_engranaje,0.8000000000
0.2440000000,0.0097872070,1.5589601302,falla_engranaje,0.8000000000
0.2445000000,0.0097511930,1.5663810269,falla_engranaje,0.8000000000
0.2450000000,0.0099943214,1.5606177252,falla_engranaje,0.8000000000
0.2455000000,0.0099802388,1.5682503867,falla_engranaje,0.8000000000
0.2460000000,0.0098371135,1.5577333118,falla_engranaje,0.8000000000
0.2465000000,0.0099571291,1.5536379714,falla_engranaje,0.8000000000
0.2470000000,0.0099936088,1.5525728384,falla_engranaje,0.8000000000
0.2475000000,0.0099793815,1.5496726539,falla_engranaje,0.8000000000
0.2480000000,0.0099300393,1.5536541931,falla_engranaje,0.8000000000
0.2485000000,0.0099584213,1.5602481049,falla_engranaje,0.8000000000
0.2490000000,0.0099778852,1.5425131647,falla_engranaje,0.8000000000
0.2495000000,0.0100040336,1.5509681016,falla_engranaje,0.8000000000
0.2500000000,0.0100072377,1.5569613246,falla_engranaje,0.8000000000
0.2505000000,0.0100428653,1.5540224079,falla_engranaje,0.8000000000
0.2510000000,0.0100708648,1.5422260130,falla_engranaje,0.8000000000
0.2515000000,0.0100396753,1.5566993108,falla_engranaje,0.8000000000
0.2520000000,0.0101657226,1.5540967616,falla_engranaje,0.8000000000
0.2525000000,0.0100890980,1.5457326555,falla_engranaje,0.8000000000
0.2530000000,0.0101629597,1.5522395277,falla_engranaje,0.8000000000
0.2535000000,0.0102297829,1.5398431764,falla_engranaje,0.8000000000
0.2540000000,0.0101691357,1.5535733776,falla_engranaje,0.8000000000
0.2545000000,0.0100887105,1.5484878379,falla_engranaje,0.8000000000
0.2550000000,0.0101025985,1.5506090948,falla_engranaje,0.8000000000
0.2555000000,0.0100710571,1.5388254509,falla_engranaje,0.8000000000
0.2560000000,0.0102520457,1.5453866701,falla_engranaje,0.8000000000
0.2565000000,0.0102680090,1.5292366978,falla_engranaje,0.8000000000
0.2570000000,0.0101518450,1.5412148692,falla_engranaje,0.8000000000
0.2575000000,0.0100381203,1.5490642011,falla_engranaje,0.8000000000
0.2580000000,0.0101964543,1.5175039793,falla_engranaje,0.8000000000
0.2585000000,0.0101681159,1.5447809267,falla_engranaje,0.8000000000
0.2590000000,0.0102127911,1.5285110735,falla_engranaje,0.8000000000
0.2595000000,0.0100913154,1.5357600707,falla_engranaje,0.8000000000
0.2600000000,0.0102006701,1.5435387103,falla_engranaje,0.8000000000
0.2605000000,0.0101927315,1.5272842759,falla_engranaje,0.8000000000
0.2610000000,0.0101894367,1.5316125429,falla_engranaje,0.8000000000
0.2615000000,0.0101786930,1.5102008463,falla_engranaje,0.8000000000
0.2620000000,0.0102296440,1.5079127122,falla_engranaje,0.8000000000
0.2625000000,0.0103033204,1.5127824749,falla_engranaje,0.8000000000
0.2630000000,0.0102267633,1.5317151388,falla_engranaje,0.8000000000
0.2635000000,0.0103239244,1.5137930697,falla_engranaje,0.8000000000
0.2640000000,0.0103473947,1.5218562937,falla_engranaje,0.8000000000
0.2645000000,0.0104012218,1.5057880797,falla_engranaje,0.8000000000
0.2650000000,0.0103071761,1.5114337351,falla_engranaje,0.8000000000
0.2655000000,0.0102466865,1.5090430223,falla_engranaje,0.8000000000
0.2660000000,0.0103319971,1.5073389741,falla_engranaje,0.8000000000
0.2665000000,0.0103793875,1.4998868114,falla_engranaje,0.8000000000
0.2670000000,0.0102817054,1.5034116318,falla_engranaje,0.8000000000
0.2675000000,0.0102839676,1.5117275094,falla_engranaje,0.8000000000
0.2680000000,0.0102202755,1.5145834569,falla_engranaje,0.8000000000
0.2685000000,0.0102327403,1.5129616335,falla_engranaje,0.8000000000
0.2690000000,0.0103147117,1.5010082255,falla_engranaje,0.8000000000
0.2695000000,0.0102942845,1.5108866422,falla_engranaje,0.8000000000
0.2700000000,0.0102470641,1.5100963679,falla_engranaje,0.8000000000
0.2705000000,0.0103364032,1.4998034553,falla_engranaje,0.8000000000
0.2710000000,0.0103412657,1.5027185422,falla_engranaje,0.8000000000
0.2715000000,0.0101785693,1.4991791915,falla_engranaje,0.8000000000
0.2720000000,0.0103004588,1.5090858335,falla_engranaje,0.8000000000
0.2725000000,0.0103870995,1.4948926667,falla_engranaje,0.8000000000
0.2730000000,0.0102507253,1.4829965376,falla_engranaje,0.8000000000
0.2735000000,0.0103246445,1.5034768185,falla_engranaje,0.8000000000
0.2740000000,0.0103525932,1.4882526036,falla_engranaje,0.8000000000
0.2745000000,0.0102350399,1.5039664618,falla_engranaje,0.8000000000
0.2750000000,0.0103291387,1.4882918539,falla_engranaje,0.8000000000
0.2755000000,0.0102813050,1.4902223181,falla_engranaje,0.8000000000
0.2760000000,0.0104375267,1.4787829216,falla_engranaje,0.8000000000
0.2765000000,0.0102925803,1.4746094897,falla_engranaje,0.8000000000
0.2770000000,0.0103679765,1.4817639570,falla_engranaje,0.8000000000
0.2775000000,0.0104116967,1.4805072578,falla_engranaje,0.8000000000
0.2780000000,0.0103597097,1.4868581262,falla_engranaje,0.8000000000
0.2785000000,0.0102553362,1.4744143708,falla_engranaje,0.8000000000
0.2790000000,0.0102628932,1.4728088634,falla_engranaje,0.8000000000
0.2795000000,0.0102711250,1.4797362554,falla_engranaje,0.8000000000
0.2800000000,0.0103050308,1.4774709278,falla_engranaje,0.8000000000
0.2805000000,0.0103696761,1.4713205903,falla_engranaje,0.8000000000
0.2810000000,0.0104238456,1.4734441283,falla_engranaje,0.8000000000
0.2815000000,0.0103956321,1.4584578016,falla_engranaje,0.8000000000
0.2820000000,0.0102889426,1.4560572607,falla_engranaje,0.8000000000
0.2825000000,0.0102300491,1.4683743327,falla_engranaje,0.8000000000
0.2830000000,0.0102260749,1.4743122791,falla_engranaje,0.8000000000
0.2835000000,0.0103425665,1.4333831297,falla_engranaje,0.8000000000
0.2840000000,0.0102891272,1.4577643105,falla_engranaje,0.8000000000
0.2845000000,0.0102322697,1.4592599046,falla_engranaje,0.8000000000
0.2850000000,0.0102448783,1.4489577707,falla_engranaje,0.8000000000
0.2855000000,0.0101025953,1.4548274108,falla_engranaje,0.8000000000
0.2860000000,0.0103565838,1.4402581981,falla_engranaje,0.8000000000
0.2865000000,0.0102444718,1.4181456283,falla_engranaje,0.8000000000
0.2870000000,0.0101641042,1.4532613019,falla_engranaje,0.8000000000
0.2875000000,0.0101930354,1.4504179227,falla_engranaje,0.8000000000
0.2880000000,0.0103640557,1.4554572369,falla_engranaje,0.8000000000
0.2885000000,0.0101819357,1.4588337119,falla_engranaje,0.8000000000
0.2890000000,0.0102287841,1.4288347684,falla_engranaje,0.8000000000
0.2895000000,0.0102682872,1.4244262744,falla_engranaje,0.8000000000
0.2900000000,0.0102196652,1.4315122992,falla_engranaje,0.8000000000
0.2905000000,0.0101108647,1.4130214408,falla_engranaje,0.8000000000
0.2910000000,0.0101406332,1.4480087023,falla_engranaje,0.8000000000
0.2915000000,0.0101502158,1.4418657382,falla_engranaje,0.8000000000
0.2920000000,0.0099964801,1.4287025179,falla_engranaje,0.8000000000
0.2925000000,0.0101505840,1.4065333749,falla_engranaje,0.8000000000
0.2930000000,0.0101803936,1.4281828473,falla_engranaje,0.8000000000
0.2935000000,0.0101027878,1.4221827056,falla_engranaje,0.8000000000
0.2940000000,0.0102044834,1.4198406454,falla_engranaje,0.8000000000
0.2945000000,0.0100933272,1.4208425658,falla_engranaje,0.8000000000
0.2950000000,0.0100233117,1.4311806284,falla_engranaje,0.8000000000
0.2955000000,0.0102002593,1.4196306094,falla_engranaje,0.8000000000
0.2960000000,0.0101096250,1.4027243749,falla_engranaje,0.8000000000
0.2965000000,0.0099529091,1.3987472079,falla_engranaje,0.8000000000
0.2970000000,0.0100214816,1.4057625313,falla_engranaje,0.8000000000
0.2975000000,0.0099694951,1.3957204976,falla_engranaje,0.8000000000
0.2980000000,0.0099896909,1.3917016475,falla_engranaje,0.8000000000
0.2985000000,0.0101533684,1.3875846424,falla_engranaje,0.8000000000
0.2990000000,0.0099958406,1.3998129529,falla_engranaje,0.8000000000
0.2995000000,0.0100248296,1.3834346190,falla_engranaje,0.8000000000
0.3000000000,0.0099997527,1.4003513393,falla_engranaje,0.8000000000
0.3005000000,0.0099578409,1.3943368361,falla_engranaje,0.8000000000
0.3010000000,0.0099253165,1.3918614485,falla_engranaje,0.8000000000
0.3015000000,0.0100863541,1.3856100033,falla_engranaje,0.8000000000
0.3020000000,0.0098554712,1.3858423794,falla_engranaje,0.8000000000
0.3025000000,0.0100123457,1.3934594771,falla_engranaje,0.8000000000
0.3030000000,0.0099991741,1.3923104230,falla_engranaje,0.8000000000
0.3035000000,0.0099240325,1.3925014714,falla_engranaje,0.8000000000
0.3040000000,0.0097954779,1.3904307106,falla_engranaje,0.8000000000
0.3045000000,0.0098567662,1.3744020381,falla_engranaje,0.8000000000
0.3050000000,0.0098330261,1.3817634650,falla_engranaje,0.8000000000
0.3055000000,0.0097852646,1.3778375534,falla_engranaje,0.8000000000
0.3060000000,0.0096320100,1.3859668123,falla_engranaje,0.8000000000
0.3065000000,0.0098477723,1.3651957431,falla_engranaje,0.8000000000
0.3070000000,0.0097521897,1.3760185044,falla_engranaje,0.8000000000
0.3075000000,0.0098023199,1.3704872417,falla_engranaje,0.8000000000
0.3080000000,0.0098191944,1.3674359106,falla_engranaje,0.8000000000
0.3085000000,0.0096047254,1.3705623185,falla_engranaje,0.8000000000
0.3090000000,0.0096643778,1.3453677307,falla_engranaje,0.8000000000
0.3095000000,0.0098182463,1.3676734655,falla_engranaje,0.8000000000
0.3100000000,0.0097713790,1.3576448169,falla_engranaje,0.8000000000
0.3105000000,0.0094858065,1.3621732312,falla_engranaje,0.8000000000
0.3110000000,0.0095809353,1.3493199273,falla_engranaje,0.8000000000
0.3115000000,0.0095365753,1.3585781977,falla_engranaje,0.8000000000
0.3120000000,0.0094620491,1.3564770624,falla_engranaje,0.8000000000
0.3125000000,0.0095989877,1.3424726889,falla_engranaje,0.8000000000
0.3130000000,0.0095178934,1.3568123361,falla_engranaje,0.8000000000
0.3135000000,0.0095124743,1.3511661161,falla_engranaje,0.8000000000
0.3140000000,0.0095954939,1.3456451253,falla_engranaje,0.8000000000
0.3145000000,0.0093572777,1.3360941457,falla_engranaje,0.8000000000
0.3150000000,0.0095190796,1.3425649940,falla_engranaje,0.8000000000
0.3155000000,0.0094522124,1.3344373246,falla_engranaje,0.8000000000
0.3160000000,0.0094158531,1.3296571066,falla_engranaje,0.8000000000
0.3165000000,0.0095560951,1.3315297331,falla_engranaje,0.8000000000
0.3170000000,0.0094209106,1.3393158377,falla_engranaje,0.8000000000
0.3175000000,0.0093797123,1.3255060933,falla_engranaje,0.8000000000
0.3180000000,0.0093556577,1.3266582438,falla_engranaje,0.8000000000
0.3185000000,0.0093942962,1.3199198725,falla_engranaje,0.8000000000
0.3190000000,0.0091677477,1.3212461549,falla_engranaje,0.8000000000
0.3195000000,0.0092337553,1.3260860928,falla_engranaje,0.8000000000
0.3200000000,0.0092392462,1.2963540916,falla_engranaje,0.8000000000
0.3205000000,0.0092913456,1.3152729790,falla_engranaje,0.8000000000
0.3210000000,0.0092572242,1.3104748327,falla_engranaje,0.8000000000
0.3215000000,0.0091630155,1.3152428610,falla_engranaje,0.8000000000
0.3220000000,0.0091531195,1.3027370459,falla_engranaje,0.8000000000
0.3225000000,0.0091837544,1.2978150359,falla_engranaje,0.8000000000
0.3230000000,0.0091676083,1.3315284763,falla_engranaje,0.8000000000
0.3235000000,0.0089675359,1.2947973797,falla_engranaje,0.8000000000
0.3240000000,0.0089320054,1.2941624300,falla_engranaje,0.8000000000
0.3245000000,0.0090161709,1.2990492653,falla_engranaje,0.8000000000
0.3250000000,0.0089366144,1.3062572505,falla_engranaje,0.8000000000
0.3255000000,0.0089488790,1.2835169039,falla_engranaje,0.8000000000
0.3260000000,0.0090219629,1.2996746747,falla_engranaje,0.8000000000
0.3265000000,0.0088782259,1.2867046409,falla_engranaje,0.8000000000
0.3270000000,0.0088649628,1.2973875774,falla_engranaje,0.8000000000
0.3275000000,0.0089221372,1.2716638264,falla_engranaje,0.8000000000
0.3280000000,0.0088371387,1.2916919183,falla_engranaje,0.8000000000
0.3285000000,0.0087422788,1.2894669637,falla_engranaje,0.8000000000
0.3290000000,0.0087218840,1.2688461309,falla_engranaje,0.8000000000
0.3295000000,0.0088665657,1.2817997473,falla_engranaje,0.8000000000
0.3300000000,0.0087811119,1.2805159685,falla_engranaje,0.8000000000
0.3305000000,0.0086610728,1.2755816253,falla_engranaje,0.8000000000
0.3310000000,0.0087483744,1.2721813297,falla_engranaje,0.8000000000
0.3315000000,0.0086520026,1.2756031333,falla_engranaje,0.8000000000
0.3320000000,0.0086020255,1.2840176461,falla_engranaje,0.8000000000
0.3325000000,0.0086799161,1.2726061575,falla_engranaje,0.8000000000
0.3330000000,0.0085002497,1.2495226155,falla_engranaje,0.8000000000
0.3335000000,0.0086032338,1.2441640892,falla_engranaje,0.8000000000
0.3340000000,0.0084916606,1.2536844536,falla_engranaje,0.8000000000
0.3345000000,0.0084670761,1.2653379106,falla_engranaje,0.8000000000
0.3350000000,0.0084314940,1.2575611158,falla_engranaje,0.8000000000
0.3355000000,0.0085178163,1.2589870941,falla_engranaje,0.8000000000
0.3360000000,0.0083178015,1.2443641733,falla_engranaje,0.8000000000
0.3365000000,0.0082650904,1.2479849335,falla_engranaje,0.8000000000
0.3370000000,0.0082068607,1.2119957176,falla_engranaje,0.8000000000
0.3375000000,0.0083078073,1.2442798164,falla_engranaje,0.8000000000
0.3380000000,0.0082163982,1.2501979234,falla_engranaje,0.8000000000
0.3385000000,0.0082457588,1.2369847836,falla_engranaje,0.8000000000
0.3390000000,0.0083017343,1.2384777391,falla_engranaje,0.8000000000
0.3395000000,0.0082376699,1.2405140510,falla_engranaje,0.8000000000
0.3400000000,0.0080839854,1.2302094837,falla_engranaje,0.8000000000
0.3405000000,0.0081162644,1.2270086831,falla_engranaje,0.8000000000
0.3410000000,0.0080219916,1.1930959831,falla_engranaje,0.8000000000
0.3415000000,0.0080725909,1.2098721399,falla_engranaje,0.8000000000
0.3420000000,0.0081151891,1.2100806107,falla_engranaje,0.8000000000
0.3425000000,0.0079352681,1.2220822315,falla_engranaje,0.8000000000
0.3430000000,0.0079574368,1.2252392499,falla_engranaje,0.8000000000
0.3435000000,0.0079065716,1.2296579092,falla_engranaje,0.8000000000
0.3440000000,0.0079382697,1.2031890569,falla_engranaje,0.8000000000
0.3445000000,0.0077800930,1.2219944436,falla_engranaje,0.8000000000
0.3450000000,0.0077709707,1.2129263353,falla_engranaje,0.8000000000
0.3455000000,0.0078002527,1.2182544090,falla_engranaje,0.8000000000
0.3460000000,0.0077768462,1.1958478623,falla_engranaje,0.8000000000
0.3465000000,0.0076782143,1.1931039272,falla_engranaje,0.8000000000
0.3470000000,0.0075878176,1.1999651298,falla_engranaje,0.8000000000
0.3475000000,0.0077287311,1.1856561427,falla_engranaje,0.8000000000
0.3480000000,0.0077415202,1.2010155304,falla_engranaje,0.8000000000
0.3485000000,0.0076220401,1.2106295472,falla_engranaje,0.8000000000
0.3490000000,0.0075452077,1.1875274911,falla_engranaje,0.8000000000
0.3495000000,0.0075703136,1.1776950616,falla_engranaje,0.8000000000
0.3500000000,0.0074422365,1.1879598165,falla_engranaje,0.8000000000
0.3505000000,0.0076079241,1.1846205738,falla_engranaje,0.8000000000
0.3510000000,0.0074637097,1.1666533977,falla_engranaje,0.8000000000
0.3515000000,0.0074059570,1.1794685826,falla_engranaje,0.8000000000
0.3520000000,0.0074477140,1.1816833431,falla_engranaje,0.8000000000
0.3525000000,0.0072732887,1.1753540957,falla_engranaje,0.8000000000
0.3530000000,0.0072907924,1.1783259114,falla_engranaje,0.8000000000
0.3535000000,0.0072733873,1.1629389142,falla_engranaje,0.8000000000
0.3540000000,0.0070964039,1.1731496783,falla_engranaje,0.8000000000
0.3545000000,0.0070961003,1.1762022117,falla_engranaje,0.8000000000
0.3550000000,0.0072811023,1.1662145017,falla_engranaje,0.8000000000
0.3555000000,0.0071675902,1.1611773561,falla_engranaje,0.8000000000
0.3560000000,0.0070561462,1.1422107146,falla_engranaje,0.8000000000
0.3565000000,0.0069977444,1.1530801034,falla_engranaje,0.8000000000
0.3570000000,0.0069351637,1.1475537372,falla_engranaje,0.8000000000
0.3575000000,0.0069421990,1.1348434032,falla_engranaje,0.8000000000
0.3580000000,0.0070420023,1.1473307486,falla_engranaje,0.8000000000
0.3585000000,0.0068284426,1.1444420143,falla_engranaje,0.8000000000
0.3590000000,0.0068812821,1.1465327620,falla_engranaje,0.8000000000
0.3595000000,0.0066895710,1.1501967061,falla_engranaje,0.8000000000
0.3600000000,0.0068660419,1.1376291417,falla_engranaje,0.8000000000
0.3605000000,0.0067764285,1.1363574285,falla_engranaje,0.8000000000
0.3610000000,0.0067033758,1.1224391296,falla_engranaje,0.8000000000
0.3615000000,0.0067797921,1.1238490464,falla_engranaje,0.8000000000
0.3620000000,0.0065963471,1.1177461955,falla_engranaje,0.8000000000
0.3625000000,0.0066614004,1.1295889190,falla_engranaje,0.8000000000
0.3630000000,0.0065544180,1.1342976461,falla_engranaje,0.8000000000
0.3635000000,0.0064855790,1.1021859012,falla_engranaje,0.8000000000
0.3640000000,0.0064738903,1.1179894923,falla_engranaje,0.8000000000
0.3645000000,0.0064666896,1.1233443291,falla_engranaje,0.8000000000
0.3650000000,0.0064450465,1.1269017103,falla_engranaje,0.8000000000
0.3655000000,0.0063406398,1.1266999613,falla_engranaje,0.8000000000
0.3660000000,0.0062083401,1.1414930929,falla_engranaje,0.8000000000
0.3665000000,0.0062950384,1.1034387953,falla_engranaje,0.8000000000
0.3670000000,0.0062991267,1.1115618750,falla_engranaje,0.8000000000
0.3675000000,0.0062521933,1.1135677629,falla_engranaje,0.8000000000
0.3680000000,0.0062782831,1.1013838466,falla_engranaje,0.8000000000
0.3685000000,0.0060327748,1.1017596802,falla_engranaje,0.8000000000
0.3690000000,0.0061142597,1.1135216551,falla_engranaje,0.8000000000
0.3695000000,0.0060280778,1.1017518138,falla_engranaje,0.8000000000
0.3700000000,0.0060042499,1.0883244001,falla_engranaje,0.8000000000
0.3705000000,0.0059472008,1.0855832842,falla_engranaje,0.8000000000
0.3710000000,0.0058299832,1.0966588560,falla_engranaje,0.8000000000
0.3715000000,0.0059405144,1.0838723794,falla_engranaje,0.8000000000
0.3720000000,0.0058816912,1.0795014061,falla_engranaje,0.8000000000
0.3725000000,0.0057049251,1.1044613387,falla_engranaje,0.8000000000
0.3730000000,0.0057956295,1.0814789067,falla_engranaje,0.8000000000
0.3735000000,0.0057198779,1.0642999170,falla_engranaje,0.8000000000
0.3740000000,0.0057168319,1.0862723848,falla_engranaje,0.8000000000
0.3745000000,0.0057300317,1.0612256805,falla_engranaje,0.8000000000
0.3750000000,0.0055752756,1.0561636076,falla_engranaje,0.8000000000
0.3755000000,0.0055591712,1.0636300049,falla_engranaje,0.8000000000
0.3760000000,0.0054487680,1.0737376466,falla_engranaje,0.8000000000
0.3765000000,0.0054743182,1.0577819368,falla_engranaje,0.8000000000
0.3770000000,0.0053943263,1.0622981211,falla_engranaje,0.8000000000
0.3775000000,0.0055206014,1.0683875703,falla_engranaje,0.8000000000
0.3780000000,0.0054315390,1.0559074786,falla_engranaje,0.8000000000
0.3785000000,0.0053557670,1.0590472139,falla_engranaje,0.8000000000
0.3790000000,0.0052927847,1.0407937488,falla_engranaje,0.8000000000
0.3795000000,0.0052971840,1.0570536240,falla_engranaje,0.8000000000
0.3800000000,0.0052777686,1.0724720445,falla_engranaje,0.8000000000
0.3805000000,0.0051639828,1.0393708934,falla_engranaje,0.8000000000
0.3810000000,0.0051132414,1.0608503491,falla_engranaje,0.8000000000
0.3815000000,0.0050760771,1.0333428009,falla_engranaje,0.8000000000
0.3820000000,0.0051891891,1.0331317502,falla_engranaje,0.8000000000
0.3825000000,0.0050989351,1.0622192466,falla_engranaje,0.8000000000
0.3830000000,0.0049987886,1.0351599569,falla_engranaje,0.8000000000
0.3835000000,0.0049882891,1.0447013155,falla_engranaje,0.8000000000
0.3840000000,0.0049668655,1.0398393892,falla_engranaje,0.8000000000
0.3845000000,0.0049252089,1.0353007472,falla_engranaje,0.8000000000
0.3850000000,0.0048266049,1.0387679699,falla_engranaje,0.8000000000
0.3855000000,0.0048715809,1.0430615208,falla_engranaje,0.8000000000
0.3860000000,0.0046651959,1.0308994874,falla_engranaje,0.8000000000
0.3865000000,0.0047684367,1.0144423950,falla_engranaje,0.8000000000
0.3870000000,0.0046177100,1.0216576837,falla_engranaje,0.8000000000
0.3875000000,0.0046482960,1.0133408228,falla_engranaje,0.8000000000
0.3880000000,0.0045576870,1.0173078197,falla_engranaje,0.8000000000
0.3885000000,0.0047718619,1.0251734647,falla_engranaje,0.8000000000
0.3890000000,0.0046655406,1.0202177481,falla_engranaje,0.8000000000
0.3895000000,0.0045464514,1.0117348499,falla_engranaje,0.8000000000
0.3900000000,0.0044137141,1.0013066546,falla_engranaje,0.8000000000
0.3905000000,0.0044141731,0.9956464592,falla_engranaje,0.8000000000
0.3910000000,0.0043460488,0.9958733985,falla_engranaje,0.8000000000
0.3915000000,0.0043593029,1.0005744044,falla_engranaje,0.8000000000
0.3920000000,0.0043338837,0.9823330723,falla_engranaje,0.8000000000
0.3925000000,0.0042504563,0.9833975215,falla_engranaje,0.8000000000
0.3930000000,0.0043063968,0.9880624039,falla_engranaje,0.8000000000
0.3935000000,0.0041225287,0.9903051965,falla_engranaje,0.8000000000
0.3940000000,0.0041274247,0.9703776387,falla_engranaje,0.8000000000
0.3945000000,0.0041855585,0.9985786264,falla_engranaje,0.8000000000
0.3950000000,0.0040117993,0.9803899775,falla_engranaje,0.8000000000
0.3955000000,0.0040337868,0.9809579567,falla_engranaje,0.8000000000
0.3960000000,0.0039336216,0.9965007393,falla_engranaje,0.8000000000
0.3965000000,0.0038690714,0.9761529749,falla_engranaje,0.8000000000
0.3970000000,0.0038756627,0.9750333284,falla_engranaje,0.8000000000
0.3975000000,0.0038722287,0.9868519534,falla_engranaje,0.8000000000
0.3980000000,0.0037958782,0.9852268640,falla_engranaje,0.8000000000
0.3985000000,0.0038017994,0.9814733770,falla_engranaje,0.8000000000
0.3990000000,0.0037409002,0.9742950397,falla_engranaje,0.8000000000
0.3995000000,0.0036955047,0.9586717555,falla_engranaje,0.8000000000
0.4000000000,0.0037532798,0.9778788751,falla_engranaje,0.8000000000
0.4005000000,0.0036953751,0.9703375771,falla_engranaje,0.8000000000
0.4010000000,0.0035988881,0.9695056172,falla_engranaje,0.8000000000
0.4015000000,0.0034808892,0.9600553568,falla_engranaje,0.8000000000
0.4020000000,0.0034649788,0.9548035080,falla_engranaje,0.8000000000
0.4025000000,0.0034431111,0.9588942919,falla_engranaje,0.8000000000
0.4030000000,0.0034433759,0.9472874562,falla_engranaje,0.8000000000
0.4035000000,0.0032048232,0.9584255615,falla_engranaje,0.8000000000
0.4040000000,0.0032592075,0.9600608752,falla_engranaje,0.8000000000
0.4045000000,0.0032917084,0.9630496275,falla_engranaje,0.8000000000
0.4050000000,0.0032272673,0.9400009317,falla_engranaje,0.8000000000
0.4055000000,0.0033153912,0.9518148181,falla_engranaje,0.8000000000
0.4060000000,0.0031807947,0.9389610637,falla_engranaje,0.8000000000
0.4065000000,0.0032221202,0.9500705436,falla_engranaje,0.8000000000
0.4070000000,0.0030692795,0.9279130567,falla_engranaje,0.8000000000
0.4075000000,0.0030071357,0.9403880489,falla_engranaje,0.8000000000
0.4080000000,0.0030588321,0.9281414233,falla_engranaje,0.8000000000
0.4085000000,0.0028542518,0.9290280470,falla_engranaje,0.8000000000
0.4090000000,0.0029703084,0.9388323944,falla_engranaje,0.8000000000
0.4095000000,0.0028995645,0.9407159862,falla_engranaje,0.8000000000
0.4100000000,0.0029066517,0.9343882480,falla_engranaje,0.8000000000
0.4105000000,0.0028587459,0.9267733927,falla_engranaje,0.8000000000
0.4110000000,0.0029670667,0.9371805152,falla_engranaje,0.8000000000
0.4115000000,0.0027934454,0.9089248120,falla_engranaje,0.8000000000
0.4120000000,0.0028254728,0.9313009239,falla_engranaje,0.8000000000
0.4125000000,0.0028022601,0.9195628116,falla_engranaje,0.8000000000
0.4130000000,0.0026629480,0.9052320271,falla_engranaje,0.8000000000
0.4135000000,0.0027013126,0.9190153761,falla_engranaje,0.8000000000
0.4140000000,0.0026910653,0.9151411277,falla_engranaje,0.8000000000
0.4145000000,0.0025978416,0.8948475790,falla_engranaje,0.8000000000
0.4150000000,0.0024568244,0.9005855587,falla_engranaje,0.8000000000
0.4155000000,0.0024990934,0.8953747866,falla_engranaje,0.8000000000
0.4160000000,0.0024972461,0.9057456700,falla_engranaje,0.8000000000
0.4165000000,0.0025141595,0.8818082490,falla_engranaje,0.8000000000
0.4170000000,0.0023717502,0.8972325094,falla_engranaje,0.8000000000
0.4175000000,0.0024267195,0.9152793258,falla_engranaje,0.8000000000
0.4180000000,0.0022796366,0.8997739086,falla_engranaje,0.8000000000
0.4185000000,0.0022729360,0.8999352441,falla_engranaje,0.8000000000
0.4190000000,0.0021625401,0.8898965194,falla_engranaje,0.8000000000
0.4195000000,0.0022227315,0.9108475006,falla_engranaje,0.8000000000
0.4200000000,0.0021204139,0.8865724937,falla_engranaje,0.8000000000
0.4205000000,0.0021663342,0.8995338737,falla_engranaje,0.8000000000
0.4210000000,0.0021359093,0.8700326004,falla_engranaje,0.8000000000
0.4215000000,0.0020575008,0.8691703905,falla_engranaje,0.8000000000
0.4220000000,0.0019360975,0.9088161622,falla_engranaje,0.8000000000
0.4225000000,0.0018950640,0.8837721587,falla_engranaje,0.8000000000
0.4230000000,0.0020081009,0.8864264556,falla_engranaje,0.8000000000
0.4235000000,0.0019400254,0.8814820637,falla_engranaje,0.8000000000
0.4240000000,0.0018507960,0.8750589073,falla_engranaje,0.8000000000
0.4245000000,0.0018248022,0.8692123995,falla_engranaje,0.8000000000
0.4250000000,0.0018450531,0.8752171027,falla_engranaje,0.8000000000
0.4255000000,0.0018057819,0.8695201524,falla_engranaje,0.8000000000
0.4260000000,0.0017030335,0.8625283875,falla_engranaje,0.8000000000
0.4265000000,0.0016092679,0.8609684715,falla_engranaje,0.8000000000
0.4270000000,0.0017244386,0.8592564528,falla_engranaje,0.8000000000
0.4275000000,0.0015889671,0.8852594094,falla_engranaje,0.8000000000
0.4280000000,0.0015717522,0.8681301146,falla_engranaje,0.8000000000
0.4285000000,0.0015515979,0.8696747232,falla_engranaje,0.8000000000
0.4290000000,0.0016397060,0.8588261754,falla_engranaje,0.8000000000
0.4295000000,0.0015028373,0.8606996079,falla_engranaje,0.8000000000
0.4300000000,0.0014308190,0.8315428268,falla_engranaje,0.8000000000
0.4305000000,0.0014268715,0.8626080060,falla_engranaje,0.8000000000
0.4310000000,0.0014419464,0.8627010333,falla_engranaje,0.8000000000
0.4315000000,0.0013458482,0.8507682167,falla_engranaje,0.8000000000
0.4320000000,0.0013463571,0.8490962238,falla_engranaje,0.8000000000
0.4325000000,0.0013041566,0.8610438752,falla_engranaje,0.8000000000
0.4330000000,0.0013855010,0.8271036618,falla_engranaje,0.8000000000
0.4335000000,0.0014229702,0.8368283211,falla_engranaje,0.8000000000
0.4340000000,0.0012223242,0.8483061409,falla_engranaje,0.8000000000
0.4345000000,0.0011965669,0.8522955288,falla_engranaje,0.8000000000
0.4350000000,0.0011472339,0.8335361045,falla_engranaje,0.8000000000
0.4355000000,0.0010902504,0.8494370172,falla_engranaje,0.8000000000
0.4360000000,0.0011324534,0.8502243636,falla_engranaje,0.8000000000
0.4365000000,0.0009844555,0.8417357766,falla_engranaje,0.8000000000
0.4370000000,0.0011492879,0.8450132117,falla_engranaje,0.8000000000
0.4375000000,0.0010072050,0.8232630523,falla_engranaje,0.8000000000
0.4380000000,0.0009912349,0.8414990103,falla_engranaje,0.8000000000
0.4385000000,0.0010168240,0.8289945354,falla_engranaje,0.8000000000
0.4390000000,0.0008998392,0.8332628772,falla_engranaje,0.8000000000
0.4395000000,0.0009122442,0.8307854250,falla_engranaje,0.8000000000
0.4400000000,0.0008919637,0.8219352114,falla_engranaje,0.8000000000
0.4405000000,0.0009107114,0.8207320472,falla_engranaje,0.8000000000
0.4410000000,0.0008161807,0.8195981490,falla_engranaje,0.8000000000
0.4415000000,0.0008127500,0.8226278727,falla_engranaje,0.8000000000
0.4420000000,0.0007630096,0.8143156457,falla_engranaje,0.8000000000
0.4425000000,0.0007366982,0.8273602292,falla_engranaje,0.8000000000
0.4430000000,0.0006590707,0.8152120348,falla_engranaje,0.8000000000
0.4435000000,0.0007018299,0.8006795357,falla_engranaje,0.8000000000
0.4440000000,0.0006357685,0.8306155108,falla_engranaje,0.8000000000
0.4445000000,0.0004286438,0.7929842520,falla_engranaje,0.8000000000
0.4450000000,0.0006730494,0.8201311355,falla_engranaje,0.8000000000
0.4455000000,0.0005611513,0.8096774126,falla_engranaje,0.8000000000
0.4460000000,0.0005085357,0.8269755418,falla_engranaje,0.8000000000
0.4465000000,0.0005332817,0.8218512737,falla_engranaje,0.8000000000
0.4470000000,0.0004528816,0.8135292181,falla_engranaje,0.8000000000
0.4475000000,0.0003772982,0.8016233787,falla_engranaje,0.8000000000
0.4480000000,0.0003552229,0.7929885772,falla_engranaje,0.8000000000
0.4485000000,0.0003675346,0.8061719038,falla_engranaje,0.8000000000
0.4490000000,0.0003240897,0.8015818810,falla_engranaje,0.8000000000
0.4495000000,0.0003399705,0.7933861573,falla_engranaje,0.8000000000
0.4500000000,0.0003018082,0.7949703817,falla_engranaje,0.8000000000
0.4505000000,0.0002901107,0.7996169375,falla_engranaje,0.8000000000
0.4510000000,0.0001903846,0.7810694148,falla_engranaje,0.8000000000
0.4515000000,0.0002385299,0.8024251807,falla_engranaje,0.8000000000
0.4520000000,0.0002390403,0.7988221117,falla_engranaje,0.8000000000
0.4525000000,0.0001452104,0.7971089613,falla_engranaje,0.8000000000
0.4530000000,0.0001894626,0.8098385639,falla_engranaje,0.8000000000
0.4535000000,0.0001620745,0.8082468851,falla_engranaje,0.8000000000
0.4540000000,0.0001939127,0.7830477883,falla_engranaje,0.8000000000
0.4545000000,0.0000080613,0.8014728267,falla_engranaje,0.8000000000
0.4550000000,0.0000380529,0.7875799181,falla_engranaje,0.8000000000
0.4555000000,-0.0000026297,0.7887827531,falla_engranaje,0.8000000000
0.4560000000,0.0000121648,0.7727085690,falla_engranaje,0.8000000000
0.4565000000,-0.0000301744,0.7836099963,falla_engranaje,0.8000000000
0.4570000000,-0.0001311105,0.7962956726,falla_engranaje,0.8000000000
0.4575000000,-0.0000715126,0.7708829314,falla_engranaje,0.8000000000
0.4580000000,-0.0000254113,0.7762531366,falla_engranaje,0.8000000000
0.4585000000,-0.0003661949,0.7845065137,falla_engranaje,0.8000000000
0.4590000000,-0.0000353773,0.7727772146,falla_engranaje,0.8000000000
0.4595000000,-0.0001070463,0.7648576011,falla_engranaje,0.8000000000
0.4600000000,-0.0002271539,0.7883544788,falla_engranaje,0.8000000000
0.4605000000,-0.0002564267,0.7575652203,falla_engranaje,0.8000000000
0.4610000000,-0.0002171609,0.7695936562,falla_engranaje,0.8000000000
0.4615000000,-0.0002865254,0.7879721779,falla_engranaje,0.8000000000
0.4620000000,-0.0001876965,0.7661959309,falla_engranaje,0.8000000000
0.4625000000,-0.0003468228,0.7771588351,falla_engranaje,0.8000000000
0.4630000000,-0.0003741947,0.7703920620,falla_engranaje,0.8000000000
0.4635000000,-0.0002571023,0.7660650400,falla_engranaje,0.8000000000
0.4640000000,-0.0003451286,0.7515132191,falla_engranaje,0.8000000000
0.4645000000,-0.0004087190,0.7700301689,falla_engranaje,0.8000000000
0.4650000000,-0.0002587522,0.7743129692,falla_engranaje,0.8000000000
0.4655000000,-0.0004617439,0.7711924665,falla_engranaje,0.8000000000
0.4660000000,-0.0003337415,0.7528875337,falla_engranaje,0.8000000000
0.4665000000,-0.0004201275,0.7460492776,falla_engranaje,0.8000000000
0.4670000000,-0.0004148950,0.7551253748,falla_engranaje,0.8000000000
0.4675000000,-0.0005127109,0.7593305863,falla_engranaje,0.8000000000
0.4680000000,-0.0005264673,0.7499140682,falla_engranaje,0.8000000000
0.4685000000,-0.0006121356,0.7353929978,falla_engranaje,0.8000000000
0.4690000000,-0.0004592527,0.7548105008,falla_engranaje,0.8000000000
0.4695000000,-0.0006380398,0.7241269489,falla_engranaje,0.8000000000
0.4700000000,-0.0005503390,0.7509840767,falla_engranaje,0.8000000000
0.4705000000,-0.0004679832,0.7458089519,falla_engranaje,0.8000000000
0.4710000000,-0.0006655516,0.7451939058,falla_engranaje,0.8000000000
0.4715000000,-0.0005433408,0.7412212483,falla_engranaje,0.8000000000
0.4720000000,-0.0006764683,0.7414498315,falla_engranaje,0.8000000000
0.4725000000,-0.0006624627,0.7450244392,falla_engranaje,0.8000000000
0.4730000000,-0.0006736578,0.7515334017,falla_engranaje,0.8000000000
0.4735000000,-0.0007053909,0.7458903139,falla_engranaje,0.8000000000
0.4740000000,-0.0006458006,0.7442339908,falla_engranaje,0.8000000000
0.4745000000,-0.0006987717,0.7446137988,falla_engranaje,0.8000000000
0.4750000000,-0.0008254838,0.7319041253,falla_engranaje,0.8000000000
0.4755000000,-0.0008585463,0.7319255318,falla_engranaje,0.8000000000
0.4760000000,-0.0008371810,0.7314688752,falla_engranaje,0.8000000000
0.4765000000,-0.0008246954,0.7409743242,falla_engranaje,0.8000000000
0.4770000000,-0.0007208079,0.7370777830,falla_engranaje,0.8000000000
0.4775000000,-0.0007485497,0.7273823185,falla_engranaje,0.8000000000
0.4780000000,-0.0009804322,0.7402868473,falla_engranaje,0.8000000000
0.4785000000,-0.0008045925,0.7346904240,falla_engranaje,0.8000000000
0.4790000000,-0.0008888905,0.7042576721,falla_engranaje,0.8000000000
0.4795000000,-0.0007077645,0.7165791607,falla_engranaje,0.8000000000
0.4800000000,-0.0009606723,0.7384869828,falla_engranaje,0.8000000000
0.4805000000,-0.0007930532,0.6991762900,falla_engranaje,0.8000000000
0.4810000000,-0.0009921364,0.7230519347,falla_engranaje,0.8000000000
0.4815000000,-0.0009541629,0.7236886958,falla_engranaje,0.8000000000
0.4820000000,-0.0010295747,0.7060178283,falla_engranaje,0.8000000000
0.4825000000,-0.0009989863,0.7178436196,falla_engranaje,0.8000000000
0.4830000000,-0.0009686886,0.7050577199,falla_engranaje,0.8000000000
0.4835000000,-0.0010206695,0.7232821891,falla_engranaje,0.8000000000
0.4840000000,-0.0008597559,0.7152792206,falla_engranaje,0.8000000000
0.4845000000,-0.0010413976,0.7238948276,falla_engranaje,0.8000000000
0.4850000000,-0.0009605187,0.7016390120,falla_engranaje,0.8000000000
0.4855000000,-0.0008709748,0.7099644818,falla_engranaje,0.8000000000
0.4860000000,-0.0010902896,0.7079138089,falla_engranaje,0.8000000000
0.4865000000,-0.0009741812,0.6978327161,falla_engranaje,0.8000000000
0.4870000000,-0.0008855222,0.7258282816,falla_engranaje,0.8000000000
0.4875000000,-0.0009970788,0.7295458885,falla_engranaje,0.8000000000
0.4880000000,-0.0010856191,0.7045135363,falla_engranaje,0.8000000000
0.4885000000,-0.0010812345,0.7173435493,falla_engranaje,0.8000000000
0.4890000000,-0.0008672459,0.6904545751,falla_engranaje,0.8000000000
0.4895000000,-0.0010365305,0.7109203844,falla_engranaje,0.8000000000
0.4900000000,-0.0010658483,0.7027573114,falla_engranaje,0.8000000000
0.4905000000,-0.0009754715,0.7021361651,falla_engranaje,0.8000000000
0.4910000000,-0.0010971000,0.6985620018,falla_engranaje,0.8000000000
0.4915000000,-0.0011302706,0.6854680750,falla_engranaje,0.8000000000
0.4920000000,-0.0012465735,0.7144603397,falla_engranaje,0.8000000000
0.4925000000,-0.0011374492,0.7115150068,falla_engranaje,0.8000000000
0.4930000000,-0.0011886305,0.7090375801,falla_engranaje,0.8000000000
0.4935000000,-0.0010168436,0.6978089413,falla_engranaje,0.8000000000
0.4940000000,-0.0010437815,0.7004189083,falla_engranaje,0.8000000000
0.4945000000,-0.0010738143,0.7091239135,falla_engranaje,0.8000000000
0.4950000000,-0.0011837307,0.7057896915,falla_engranaje,0.8000000000
0.4955000000,-0.0010791100,0.6942208629,falla_engranaje,0.8000000000
0.4960000000,-0.0011574944,0.6879729599,falla_engranaje,0.8000000000
0.4965000000,-0.0010659868,0.6899215179,falla_engranaje,0.8000000000
0.4970000000,-0.0011518954,0.6900536594,falla_engranaje,0.8000000000
0.4975000000,-0.0012142271,0.6897925242,falla_engranaje,0.8000000000
0.4980000000,-0.0011414522,0.7025687464,falla_engranaje,0.8000000000
0.4985000000,-0.0010630729,0.6784636147,falla_engranaje,0.8000000000
0.4990000000,-0.0011515429,0.6959783144,falla_engranaje,0.8000000000
0.4995000000,-0.0010733903,0.7058921488,falla_engranaje,0.8000000000
0.5000000000,-0.0012320230,0.7102131389,falla_engranaje,0.8000000000
0.5005000000,-0.0011292975,0.6891709831,falla_engranaje,0.8000000000
0.5010000000,-0.0011383256,0.6902244616,falla_engranaje,0.8000000000
0.5015000000,-0.0010302592,0.7087840862,falla_engranaje,0.8000000000
0.5020000000,-0.0010407168,0.6955208406,falla_engranaje,0.8000000000
0.5025000000,-0.0011012626,0.6973485592,falla_engranaje,0.8000000000
0.5030000000,-0.0011820257,0.6933922907,falla_engranaje,0.8000000000
0.5035000000,-0.0010387532,0.6808660669,falla_engranaje,0.8000000000
0.5040000000,-0.0011842784,0.6793017539,falla_engranaje,0.8000000000
0.5045000000,-0.0010969506,0.6788807199,falla_engranaje,0.8000000000
0.5050000000,-0.0011233097,0.6836652213,falla_engranaje,0.8000000000
0.5055000000,-0.0011905498,0.6928766235,falla_engranaje,0.8000000000
0.5060000000,-0.0010426743,0.6893314454,falla_engranaje,0.8000000000
0.5065000000,-0.0011070680,0.6835480491,falla_engranaje,0.8000000000
0.5070000000,-0.0011750724,0.6758803029,falla_engranaje,0.8000000000
0.5075000000,-0.0012067986,0.6637537682,falla_engranaje,0.8000000000
0.5080000000,-0.0011265622,0.6689958551,falla_engranaje,0.8000000000
0.5085000000,-0.0012061166,0.6639975200,falla_engranaje,0.8000000000
0.5090000000,-0.0012105516,0.6731029780,falla_engranaje,0.8000000000
0.5095000000,-0.0012579601,0.6894637213,falla_engranaje,0.8000000000
0.5100000000,-0.0010864938,0.6815188405,falla_engranaje,0.8000000000
0.5105000000,-0.0011180925,0.6763611244,falla_engranaje,0.8000000000
0.5110000000,-0.0012225800,0.6726858083,falla_engranaje,0.8000000000
0.5115000000,-0.0012906454,0.6758459321,falla_engranaje,0.8000000000
0.5120000000,-0.0012163254,0.6708445680,falla_engranaje,0.8000000000
0.5125000000,-0.0011819747,0.6703780061,falla_engranaje,0.8000000000
0.5130000000,-0.0012261137,0.6608829257,falla_engranaje,0.8000000000
0.5135000000,-0.0010573794,0.6604585085,falla_engranaje,0.8000000000
0.5140000000,-0.0010212118,0.6604033674,falla_engranaje,0.8000000000
0.5145000000,-0.0010862215,0.6708659996,falla_engranaje,0.8000000000
0.5150000000,-0.0010638679,0.6588150633,falla_engranaje,0.8000000000
0.5155000000,-0.0010665033,0.6718192667,falla_engranaje,0.8000000000
0.5160000000,-0.0010888873,0.6664522054,falla_engranaje,0.8000000000
0.5165000000,-0.0009744322,0.6539104006,falla_engranaje,0.8000000000
0.5170000000,-0.0011518958,0.6651095142,falla_engranaje,0.8000000000
0.5175000000,-0.0011019668,0.6772383084,falla_engranaje,0.8000000000
0.5180000000,-0.0010990062,0.6511742762,falla_engranaje,0.8000000000
0.5185000000,-0.0010766952,0.6587324390,falla_engranaje,0.8000000000
0.5190000000,-0.0011368739,0.6639202821,falla_engranaje,0.8000000000
0.5195000000,-0.0010819987,0.6681447315,falla_engranaje,0.8000000000
0.5200000000,-0.0008888704,0.6683792465,falla_engranaje,0.8000000000
0.5205000000,-0.0010597784,0.6476937898,falla_engranaje,0.8000000000
0.5210000000,-0.0009781024,0.6523852944,falla_engranaje,0.8000000000
0.5215000000,-0.0009355091,0.6509961901,falla_engranaje,0.8000000000
0.5220000000,-0.0010579591,0.6570713917,falla_engranaje,0.8000000000
0.5225000000,-0.0009864488,0.6491756329,falla_engranaje,0.8000000000
0.5230000000,-0.0009795634,0.6511526787,falla_engranaje,0.8000000000
0.5235000000,-0.0009760235,0.6627432891,falla_engranaje,0.8000000000
0.5240000000,-0.0010279474,0.6621597567,falla_engranaje,0.8000000000
0.5245000000,-0.0009949034,0.6510515774,falla_engranaje,0.8000000000
0.5250000000,-0.0009233936,0.6402055409,falla_engranaje,0.8000000000
0.5255000000,-0.0009683374,0.6634465576,falla_engranaje,0.8000000000
0.5260000000,-0.0008372939,0.6468016473,falla_engranaje,0.8000000000
0.5265000000,-0.0009264944,0.6449576874,falla_engranaje,0.8000000000
0.5270000000,-0.0010165966,0.6541886227,falla_engranaje,0.8000000000
0.5275000000,-0.0008093876,0.6464691427,falla_engranaje,0.8000000000
0.5280000000,-0.0010116778,0.6406971354,falla_engranaje,0.8000000000
0.5285000000,-0.0008589994,0.6327119070,falla_engranaje,0.8000000000
0.5290000000,-0.0009401771,0.6477242051,falla_engranaje,0.8000000000
0.5295000000,-0.0008434110,0.6327775070,falla_engranaje,0.8000000000
0.5300000000,-0.0008775123,0.6296795583,falla_engranaje,0.8000000000
0.5305000000,-0.0009461844,0.6406698456,falla_engranaje,0.8000000000
0.5310000000,-0.0008167884,0.6245228009,falla_engranaje,0.8000000000
0.5315000000,-0.0008638165,0.6261250615,falla_engranaje,0.8000000000
0.5320000000,-0.0009022989,0.6346937466,falla_engranaje,0.8000000000
0.5325000000,-0.0007330734,0.6333231893,falla_engranaje,0.8000000000
0.5330000000,-0.0008343439,0.6533876195,falla_engranaje,0.8000000000
0.5335000000,-0.0007816453,0.6290834062,falla_engranaje,0.8000000000
0.5340000000,-0.0008104220,0.6577332206,falla_engranaje,0.8000000000
0.5345000000,-0.0008212917,0.6443324228,falla_engranaje,0.8000000000
0.5350000000,-0.0006811233,0.6351361737,falla_engranaje,0.8000000000
0.5355000000,-0.0007887066,0.6169085728,falla_engranaje,0.8000000000
0.5360000000,-0.0006941214,0.6306985514,falla_engranaje,0.8000000000
0.5365000000,-0.0006151945,0.6374675251,falla_engranaje,0.8000000000
0.5370000000,-0.0005885554,0.6505075337,falla_engranaje,0.8000000000
0.5375000000,-0.0005743639,0.6441428289,falla_engranaje,0.8000000000
0.5380000000,-0.0007266440,0.6421206576,falla_engranaje,0.8000000000
0.5385000000,-0.0006934722,0.6285218475,falla_engranaje,0.8000000000
0.5390000000,-0.0006949153,0.6195167026,falla_engranaje,0.8000000000
0.5395000000,-0.0006245968,0.6343395066,falla_engranaje,0.8000000000
0.5400000000,-0.0005360077,0.6355205908,falla_engranaje,0.8000000000
0.5405000000,-0.0005365711,0.6459955265,falla_engranaje,0.8000000000
0.5410000000,-0.0005703082,0.6154809022,falla_engranaje,0.8000000000
0.5415000000,-0.0004361738,0.6450798766,falla_engranaje,0.8000000000
0.5420000000,-0.0006412147,0.6320258648,falla_engranaje,0.8000000000
0.5425000000,-0.0005403394,0.6346223411,falla_engranaje,0.8000000000
0.5430000000,-0.0005768324,0.6223047855,falla_engranaje,0.8000000000
0.5435000000,-0.0003437885,0.6239344079,falla_engranaje,0.8000000000
0.5440000000,-0.0004702985,0.6361422088,falla_engranaje,0.8000000000
0.5445000000,-0.0004636254,0.6364304905,falla_engranaje,0.8000000000
0.5450000000,-0.0004965376,0.6254956729,falla_engranaje,0.8000000000
0.5455000000,-0.0003203282,0.6188116062,falla_engranaje,0.8000000000
0.5460000000,-0.0005099956,0.6287408826,falla_engranaje,0.8000000000
0.5465000000,-0.0002996055,0.6345885571,falla_engranaje,0.8000000000
0.5470000000,-0.0002872843,0.6171389659,falla_engranaje,0.8000000000
0.5475000000,-0.0002333363,0.6201642499,falla_engranaje,0.8000000000
0.5480000000,-0.0002980232,0.6118922893,falla_engranaje,0.8000000000
0.5485000000,-0.0003274156,0.6463832460,falla_engranaje,0.8000000000
0.5490000000,-0.0002921302,0.6253632165,falla_engranaje,0.8000000000
0.5495000000,-0.0002508469,0.6190039138,falla_engranaje,0.8000000000
0.5500000000,-0.0004459546,0.6400923848,falla_engranaje,0.8000000000
0.5505000000,-0.0001632170,0.6363319481,falla_engranaje,0.8000000000
0.5510000000,-0.0002629767,0.6247818758,falla_engranaje,0.8000000000
0.5515000000,-0.0001447531,0.6339807080,falla_engranaje,0.8000000000
0.5520000000,-0.0002358467,0.6195392679,falla_engranaje,0.8000000000
0.5525000000,-0.0001864234,0.6146302313,falla_engranaje,0.8000000000
0.5530000000,-0.0003209422,0.6205675708,falla_engranaje,0.8000000000
0.5535000000,-0.0000976835,0.6477080535,falla_engranaje,0.8000000000
0.5540000000,-0.0001727443,0.6195605685,falla_engranaje,0.8000000000
0.5545000000,-0.0000828244,0.6219675671,falla_engranaje,0.8000000000
0.5550000000,-0.0001344604,0.6212087582,falla_engranaje,0.8000000000
0.5555000000,-0.0000153106,0.6224068954,falla_engranaje,0.8000000000
0.5560000000,-0.0000524791,0.6322099359,falla_engranaje,0.8000000000
0.5565000000,0.0000601190,0.6037106854,falla_engranaje,0.8000000000
0.5570000000,0.0000435109,0.6188798045,falla_engranaje,0.8000000000
0.5575000000,0.0000905567,0.6217265481,falla_engranaje,0.8000000000
0.5580000000,0.0000037588,0.6187994907,falla_engranaje,0.8000000000
0.5585000000,0.0001020216,0.6309500572,falla_engranaje,0.8000000000
0.5590000000,-0.0001100586,0.6271896311,falla_engranaje,0.8000000000
0.5595000000,0.0002406845,0.6256751360,falla_engranaje,0.8000000000
0.5600000000,0.0001914567,0.6237940931,falla_engranaje,0.8000000000
0.5605000000,0.0001853951,0.6209737244,falla_engranaje,0.8000000000
0.5610000000,0.0001638730,0.6122406821,falla_engranaje,0.8000000000
0.5615000000,0.0002552938,0.6102115359,falla_engranaje,0.8000000000
0.5620000000,0.0001938495,0.6226410116,falla_engranaje,0.8000000000
0.5625000000,0.0002475908,0.6271337606,falla_engranaje,0.8000000000
0.5630000000,0.0002339981,0.6283131275,falla_engranaje,0.8000000000
0.5635000000,0.0003396772,0.6037927451,falla_engranaje,0.8000000000
0.5640000000,0.0002419695,0.6003684556,falla_engranaje,0.8000000000
0.5645000000,0.0003768144,0.6002159732,falla_engranaje,0.8000000000
0.5650000000,0.0003900872,0.6205012884,falla_engranaje,0.8000000000
0.5655000000,0.0003665792,0.5969357405,falla_engranaje,0.8000000000
0.5660000000,0.0003246879,0.5986304431,falla_engranaje,0.8000000000
0.5665000000,0.0005100315,0.6127130951,falla_engranaje,0.8000000000
0.5670000000,0.0004810624,0.6145959754,falla_engranaje,0.8000000000
0.5675000000,0.0006033789,0.6109034088,falla_engranaje,0.8000000000
0.5680000000,0.0006357822,0.6063662350,falla_engranaje,0.8000000000
0.5685000000,0.0005459400,0.6040821680,falla_engranaje,0.8000000000
0.5690000000,0.0005879121,0.5931897485,falla_engranaje,0.8000000000
0.5695000000,0.0005529080,0.6003845801,falla_engranaje,0.8000000000
0.5700000000,0.0006434283,0.6191594200,falla_engranaje,0.8000000000
0.5705000000,0.0006452569,0.6140628308,falla_engranaje,0.8000000000
0.5710000000,0.0006617113,0.5940691160,falla_engranaje,0.8000000000
0.5715000000,0.0006709811,0.6192116372,falla_engranaje,0.8000000000
0.5720000000,0.0005932908,0.6190368650,falla_engranaje,0.8000000000
0.5725000000,0.0006684337,0.6111400577,falla_engranaje,0.8000000000
0.5730000000,0.0007069741,0.6165224168,falla_engranaje,0.8000000000
0.5735000000,0.0007934521,0.6093372087,falla_engranaje,0.8000000000
0.5740000000,0.0006634400,0.5989976026,falla_engranaje,0.8000000000
0.5745000000,0.0009252380,0.6054873371,falla_engranaje,0.8000000000
0.5750000000,0.0008100148,0.6200954299,falla_engranaje,0.8000000000
0.5755000000,0.0007772806,0.6008768609,falla_engranaje,0.8000000000
0.5760000000,0.0008395447,0.6117970448,falla_engranaje,0.8000000000
0.5765000000,0.0007533539,0.6132019375,falla_engranaje,0.8000000000
0.5770000000,0.0009832198,0.6078563666,falla_engranaje,0.8000000000
0.5775000000,0.0009322759,0.6124917715,falla_engranaje,0.8000000000
0.5780000000,0.0010924421,0.6031147181,falla_engranaje,0.8000000000
0.5785000000,0.0010012872,0.5967763356,falla_engranaje,0.8000000000
0.5790000000,0.0010560392,0.5957102425,falla_engranaje,0.8000000000
0.5795000000,0.0010532073,0.5855062336,falla_engranaje,0.8000000000
0.5800000000,0.0011636868,0.5954527186,falla_engranaje,0.8000000000
0.5805000000,0.0009901021,0.6107594245,falla_engranaje,0.8000000000
0.5810000000,0.0011545011,0.5962373188,falla_engranaje,0.8000000000
0.5815000000,0.0012511035,0.6044708582,falla_engranaje,0.8000000000
0.5820000000,0.0012416538,0.5935629733,falla_engranaje,0.8000000000
0.5825000000,0.0013204768,0.5948198773,falla_engranaje,0.8000000000
0.5830000000,0.0012602449,0.5840607495,falla_engranaje,0.8000000000
0.5835000000,0.0012209448,0.5952264145,falla_engranaje,0.8000000000
0.5840000000,0.0012996188,0.6059902170,falla_engranaje,0.8000000000
0.5845000000,0.0011342361,0.5961552972,falla_engranaje,0.8000000000
0.5850000000,0.0012889331,0.5922668310,falla_engranaje,0.8000000000
0.5855000000,0.0012535896,0.5767924521,falla_engranaje,0.8000000000
0.5860000000,0.0014756523,0.5859944046,falla_engranaje,0.8000000000
0.5865000000,0.0014334534,0.6050737662,falla_engranaje,0.8000000000
0.5870000000,0.0014340239,0.5976771350,falla_engranaje,0.8000000000
0.5875000000,0.0015674744,0.5827429714,falla_engranaje,0.8000000000
0.5880000000,0.0014400188,0.5974362925,falla_engranaje,0.8000000000
0.5885000000,0.0015246989,0.5862087866,falla_engranaje,0.8000000000
0.5890000000,0.0016633310,0.5822031933,falla_engranaje,0.8000000000
0.5895000000,0.0015111947,0.6049056187,falla_engranaje,0.8000000000
0.5900000000,0.0015297824,0.5978211350,falla_engranaje,0.8000000000
0.5905000000,0.0016084043,0.5910242387,falla_engranaje,0.8000000000
0.5910000000,0.0015066837,0.5696973415,falla_engranaje,0.8000000000
0.5915000000,0.0016822603,0.5834757208,falla_engranaje,0.8000000000
0.5920000000,0.0017694097,0.5939482273,falla_engranaje,0.8000000000
0.5925000000,0.0017546238,0.6054487740,falla_engranaje,0.8000000000
0.5930000000,0.0017097226,0.6007388193,falla_engranaje,0.8000000000
0.5935000000,0.0017555942,0.5786643590,falla_engranaje,0.8000000000
0.5940000000,0.0018825240,0.5934810827,falla_engranaje,0.8000000000
0.5945000000,0.0018215369,0.5834152280,falla_engranaje,0.8000000000
0.5950000000,0.0018560946,0.5792354073,falla_engranaje,0.8000000000
0.5955000000,0.0019856773,0.5761365048,falla_engranaje,0.8000000000
0.5960000000,0.0019436156,0.5858448685,falla_engranaje,0.8000000000
0.5965000000,0.0020586223,0.5777667331,falla_engranaje,0.8000000000
0.5970000000,0.0019917213,0.5941364817,falla_engranaje,0.8000000000
0.5975000000,0.0019804428,0.5841923825,falla_engranaje,0.8000000000
0.5980000000,0.0020272637,0.5545461460,falla_engranaje,0.8000000000
0.5985000000,0.0020507520,0.5830088804,falla_engranaje,0.8000000000
0.5990000000,0.0019287237,0.5723657146,falla_engranaje,0.8000000000
0.5995000000,0.0021336679,0.5893291377,falla_engranaje,0.8000000000
0.6000000000,0.0021535473,0.5860627690,falla_engranaje,0.8000000000
0.6005000000,0.0021322897,0.5960709066,falla_engranaje,0.8000000000
0.6010000000,0.0022379796,0.5881961872,falla_engranaje,0.8000000000
0.6015000000,0.0021167291,0.5745086203,falla_engranaje,0.8000000000
0.6020000000,0.0022961720,0.5703344216,falla_engranaje,0.8000000000
0.6025000000,0.0022522767,0.5699344296,falla_engranaje,0.8000000000
0.6030000000,0.0022141779,0.5808790470,falla_engranaje,0.8000000000
0.6035000000,0.0024272754,0.5640282222,falla_engranaje,0.8000000000
0.6040000000,0.0022684677,0.5888309693,falla_engranaje,0.8000000000
0.6045000000,0.0024444035,0.5790332983,falla_engranaje,0.8000000000
0.6050000000,0.0024553788,0.5793633816,falla_engranaje,0.8000000000
0.6055000000,0.0023855936,0.5849372019,falla_engranaje,0.8000000000
0.6060000000,0.0025125337,0.5847724452,falla_engranaje,0.8000000000
0.6065000000,0.0024398709,0.5780589498,falla_engranaje,0.8000000000
0.6070000000,0.0024562380,0.5841546441,falla_engranaje,0.8000000000
0.6075000000,0.0024427682,0.5610964280,falla_engranaje,0.8000000000
0.6080000000,0.0025151408,0.5919556690,falla_engranaje,0.8000000000
0.6085000000,0.0024942438,0.5533401690,falla_engranaje,0.8000000000
0.6090000000,0.0025664677,0.5632347500,falla_engranaje,0.8000000000
0.6095000000,0.0026761311,0.5559574756,falla_engranaje,0.8000000000
0.6100000000,0.0026029713,0.5801881276,falla_engranaje,0.8000000000
0.6105000000,0.0027054935,0.5551649567,falla_engranaje,0.8000000000
0.6110000000,0.0028310266,0.5689690603,falla_engranaje,0.8000000000
0.6115000000,0.0027562056,0.5787454091,falla_engranaje,0.8000000000
0.6120000000,0.0027031478,0.5654495724,falla_engranaje,0.8000000000
0.6125000000,0.0028065900,0.5605366311,falla_engranaje,0.8000000000
0.6130000000,0.0029054757,0.5719384526,falla_engranaje,0.8000000000
0.6135000000,0.0027997160,0.5914049097,falla_engranaje,0.8000000000
0.6140000000,0.0029678842,0.5713168081,falla_engranaje,0.8000000000
0.6145000000,0.0028692512,0.5681977483,falla_engranaje,0.8000000000
0.6150000000,0.0029627818,0.5847759307,falla_engranaje,0.8000000000
0.6155000000,0.0029507081,0.5719560597,falla_engranaje,0.8000000000
0.6160000000,0.0029834860,0.5819260020,falla_engranaje,0.8000000000
0.6165000000,0.0029239639,0.5738428365,falla_engranaje,0.8000000000
0.6170000000,0.0029865147,0.5543929239,falla_engranaje,0.8000000000
0.6175000000,0.0030773534,0.5688865854,falla_engranaje,0.8000000000
0.6180000000,0.0029614305,0.5416545832,falla_engranaje,0.8000000000
0.6185000000,0.0030902063,0.5691588425,falla_engranaje,0.8000000000
0.6190000000,0.0031400841,0.5618345097,falla_engranaje,0.8000000000
0.6195000000,0.0030352644,0.5776670839,falla_engranaje,0.8000000000
0.6200000000,0.0032307859,0.5595008479,falla_engranaje,0.8000000000
0.6205000000,0.0032378369,0.5706328457,falla_engranaje,0.8000000000
0.6210000000,0.0031367236,0.5668584489,falla_engranaje,0.8000000000
0.6215000000,0.0032251106,0.5579617306,falla_engranaje,0.8000000000
0.6220000000,0.0032649795,0.5665026528,falla_engranaje,0.8000000000
0.6225000000,0.0033543537,0.5499221001,falla_engranaje,0.8000000000
0.6230000000,0.0033927332,0.5539348335,falla_engranaje,0.8000000000
0.6235000000,0.0032953238,0.5397086006,falla_engranaje,0.8000000000
0.6240000000,0.0034800649,0.5597720780,falla_engranaje,0.8000000000
0.6245000000,0.0034238910,0.5584168834,falla_engranaje,0.8000000000
0.6250000000,0.0033924956,0.5775557475,falla_engranaje,0.8000000000
0.6255000000,0.0034444561,0.5712309363,falla_engranaje,0.8000000000
0.6260000000,0.0033806721,0.5619498001,falla_engranaje,0.8000000000
0.6265000000,0.0035069363,0.5643702840,falla_engranaje,0.8000000000
0.6270000000,0.0036030688,0.5514173922,falla_engranaje,0.8000000000
0.6275000000,0.0035570153,0.5639816207,falla_engranaje,0.8000000000
0.6280000000,0.0035703664,0.5406951643,falla_engranaje,0.8000000000
0.6285000000,0.0035874363,0.5475718772,falla_engranaje,0.8000000000
0.6290000000,0.0036753112,0.5623471849,falla_engranaje,0.8000000000
0.6295000000,0.0035685208,0.5533977951,falla_engranaje,0.8000000000
0.6300000000,0.0037008350,0.5503652198,falla_engranaje,0.8000000000
0.6305000000,0.0036791191,0.5657715911,falla_engranaje,0.8000000000
0.6310000000,0.0035880510,0.5453045400,falla_engranaje,0.8000000000
0.6315000000,0.0036594531,0.5459879534,falla_engranaje,0.8000000000
0.6320000000,0.0036677573,0.5479369934,falla_engranaje,0.8000000000
0.6325000000,0.0037023472,0.5537693707,falla_engranaje,0.8000000000
0.6330000000,0.0038291262,0.5570514600,falla_engranaje,0.8000000000
0.6335000000,0.0038102708,0.5412574721,falla_engranaje,0.8000000000
0.6340000000,0.0038065742,0.5469004890,falla_engranaje,0.8000000000
0.6345000000,0.0038717713,0.5522014363,falla_engranaje,0.8000000000
0.6350000000,0.0039663734,0.5508038287,falla_engranaje,0.8000000000
0.6355000000,0.0040319226,0.5357296170,falla_engranaje,0.8000000000
0.6360000000,0.0038962957,0.5523676767,falla_engranaje,0.8000000000
0.6365000000,0.0039260771,0.5520322209,falla_engranaje,0.8000000000
0.6370000000,0.0040069152,0.5602686917,falla_engranaje,0.8000000000
0.6375000000,0.0039338073,0.5603701975,falla_engranaje,0.8000000000
0.6380000000,0.0039075395,0.5468334598,falla_engranaje,0.8000000000
0.6385000000,0.0040252211,0.5340334761,falla_engranaje,0.8000000000
0.6390000000,0.0040735516,0.5374250802,falla_engranaje,0.8000000000
0.6395000000,0.0040720937,0.5323568831,falla_engranaje,0.8000000000
0.6400000000,0.0041291965,0.5473483081,falla_engranaje,0.8000000000
0.6405000000,0.0041783528,0.5339431275,falla_engranaje,0.8000000000
0.6410000000,0.0041025236,0.5395404083,falla_engranaje,0.8000000000
0.6415000000,0.0040532689,0.5411162092,falla_engranaje,0.8000000000
0.6420000000,0.0040730473,0.5453528663,falla_engranaje,0.8000000000
0.6425000000,0.0042034398,0.5338603897,falla_engranaje,0.8000000000
0.6430000000,0.0042084173,0.5574250983,falla_engranaje,0.8000000000
0.6435000000,0.0043105348,0.5369715719,falla_engranaje,0.8000000000
0.6440000000,0.0042248820,0.5340783385,falla_engranaje,0.8000000000
0.6445000000,0.0042698415,0.5319465831,falla_engranaje,0.8000000000
0.6450000000,0.0043087809,0.5195904961,falla_engranaje,0.8000000000
0.6455000000,0.0043186108,0.5383721280,falla_engranaje,0.8000000000
0.6460000000,0.0042876825,0.5301056688,falla_engranaje,0.8000000000
0.6465000000,0.0043720334,0.5452397572,falla_engranaje,0.8000000000
0.6470000000,0.0043395637,0.5423396830,falla_engranaje,0.8000000000
0.6475000000,0.0043246880,0.5382010366,falla_engranaje,0.8000000000
0.6480000000,0.0044469437,0.5209198251,falla_engranaje,0.8000000000
0.6485000000,0.0042879845,0.5381015887,falla_engranaje,0.8000000000
0.6490000000,0.0043927189,0.5372961996,falla_engranaje,0.8000000000
0.6495000000,0.0044534180,0.5187798535,falla_engranaje,0.8000000000
0.6500000000,0.0044225410,0.5281147327,falla_engranaje,0.8000000000
0.6505000000,0.0044757337,0.5239119993,falla_engranaje,0.8000000000
0.6510000000,0.0044618477,0.5364360183,falla_engranaje,0.8000000000
0.6515000000,0.0045337567,0.5385606686,falla_engranaje,0.8000000000
0.6520000000,0.0045578576,0.5272244406,falla_engranaje,0.8000000000
0.6525000000,0.0046150035,0.5233689521,falla_engranaje,0.8000000000
0.6530000000,0.0045678592,0.5234175547,falla_engranaje,0.8000000000
0.6535000000,0.0045036079,0.5490329623,falla_engranaje,0.8000000000
0.6540000000,0.0046617581,0.5177270513,falla_engranaje,0.8000000000
0.6545000000,0.0046535271,0.5135023326,falla_engranaje,0.8000000000
0.6550000000,0.0047308787,0.5203851244,falla_engranaje,0.8000000000
0.6555000000,0.0046992489,0.5157580711,falla_engranaje,0.8000000000
0.6560000000,0.0046141577,0.5152782836,falla_engranaje,0.8000000000
0.6565000000,0.0046193622,0.5244270269,falla_engranaje,0.8000000000
0.6570000000,0.0047052995,0.5083966259,falla_engranaje,0.8000000000
0.6575000000,0.0047618995,0.5030176740,falla_engranaje,0.8000000000
0.6580000000,0.0047523295,0.5080709520,falla_engranaje,0.8000000000
0.6585000000,0.0047243344,0.5077394573,falla_engranaje,0.8000000000
0.6590000000,0.0048850585,0.5305466951,falla_engranaje,0.8000000000
0.6595000000,0.0050003324,0.5300960314,falla_engranaje,0.8000000000
0.6600000000,0.0048025231,0.5185433015,falla_engranaje,0.8000000000
0.6605000000,0.0048650412,0.5172762037,falla_engranaje,0.8000000000
0.6610000000,0.0047829599,0.5151649396,falla_engranaje,0.8000000000
0.6615000000,0.0048642531,0.5361097654,falla_engranaje,0.8000000000
0.6620000000,0.0048470308,0.5256941616,falla_engranaje,0.8000000000
0.6625000000,0.0049347080,0.5218887608,falla_engranaje,0.8000000000
0.6630000000,0.0047926509,0.4865995152,falla_engranaje,0.8000000000
0.6635000000,0.0048446814,0.4831317414,falla_engranaje,0.8000000000
0.6640000000,0.0048759469,0.5073271224,falla_engranaje,0.8000000000
0.6645000000,0.0048279624,0.5083494884,falla_engranaje,0.8000000000
0.6650000000,0.0049710053,0.5102119663,falla_engranaje,0.8000000000
0.6655000000,0.0048712169,0.5187705395,falla_engranaje,0.8000000000
0.6660000000,0.0049942109,0.5137768854,falla_engranaje,0.8000000000
0.6665000000,0.0049166104,0.5036817725,falla_engranaje,0.8000000000
0.6670000000,0.0049875998,0.4969103428,falla_engranaje,0.8000000000
0.6675000000,0.0049322494,0.4888376470,falla_engranaje,0.8000000000
0.6680000000,0.0049667133,0.5134631963,falla_engranaje,0.8000000000
0.6685000000,0.0050460254,0.5140435643,falla_engranaje,0.8000000000
0.6690000000,0.0051172388,0.5087857606,falla_engranaje,0.8000000000
0.6695000000,0.0050311913,0.5146316403,falla_engranaje,0.8000000000
0.6700000000,0.0049786942,0.5101109586,falla_engranaje,0.8000000000
0.6705000000,0.0051435194,0.5000374852,falla_engranaje,0.8000000000
0.6710000000,0.0051522307,0.4922068173,falla_engranaje,0.8000000000
0.6715000000,0.0050780012,0.5114644382,falla_engranaje,0.8000000000
0.6720000000,0.0051483802,0.4959412691,falla_engranaje,0.8000000000
0.6725000000,0.0050431502,0.4875796670,falla_engranaje,0.8000000000
0.6730000000,0.0049607388,0.4829800383,falla_engranaje,0.8000000000
0.6735000000,0.0051226737,0.4967533187,falla_engranaje,0.8000000000
0.6740000000,0.0051790881,0.5001543436,falla_engranaje,0.8000000000
0.6745000000,0.0050256316,0.4985138514,falla_engranaje,0.8000000000
0.6750000000,0.0051326480,0.4896744322,falla_engranaje,0.8000000000
0.6755000000,0.0051790477,0.4844343630,falla_engranaje,0.8000000000
0.6760000000,0.0051245711,0.4827684896,falla_engranaje,0.8000000000
0.6765000000,0.0052656472,0.4987977729,falla_engranaje,0.8000000000
0.6770000000,0.0051981807,0.4938379045,falla_engranaje,0.8000000000
0.6775000000,0.0052339971,0.4979532935,falla_engranaje,0.8000000000
0.6780000000,0.0052066814,0.4696314297,falla_engranaje,0.8000000000
0.6785000000,0.0050984698,0.4868155815,falla_engranaje,0.8000000000
0.6790000000,0.0051267609,0.4735973157,falla_engranaje,0.8000000000
0.6795000000,0.0051836512,0.4815585745,falla_engranaje,0.8000000000
0.6800000000,0.0053449802,0.4887739130,falla_engranaje,0.8000000000
0.6805000000,0.0051447728,0.4897464677,falla_engranaje,0.8000000000
0.6810000000,0.0052046619,0.4766951144,falla_engranaje,0.8000000000
0.6815000000,0.0053100318,0.4712916836,falla_engranaje,0.8000000000
0.6820000000,0.0053071171,0.4675939779,falla_engranaje,0.8000000000
0.6825000000,0.0052876523,0.4628036954,falla_engranaje,0.8000000000
0.6830000000,0.0054489500,0.4662755052,falla_engranaje,0.8000000000
0.6835000000,0.0051875771,0.4731990623,falla_engranaje,0.8000000000
0.6840000000,0.0053338679,0.4752699134,falla_engranaje,0.8000000000
0.6845000000,0.0053702119,0.4728640905,falla_engranaje,0.8000000000
0.6850000000,0.0052827695,0.4829276380,falla_engranaje,0.8000000000
0.6855000000,0.0053716984,0.4743878091,falla_engranaje,0.8000000000
0.6860000000,0.0053796458,0.4689161149,falla_engranaje,0.8000000000
0.6865000000,0.0053041594,0.4642178681,falla_engranaje,0.8000000000
0.6870000000,0.0053283437,0.4691586448,falla_engranaje,0.8000000000
0.6875000000,0.0053120108,0.4526800752,falla_engranaje,0.8000000000
0.6880000000,0.0052972171,0.4855394115,falla_engranaje,0.8000000000
0.6885000000,0.0052657727,0.4473623765,falla_engranaje,0.8000000000
0.6890000000,0.0053048205,0.4743140398,falla_engranaje,0.8000000000
0.6895000000,0.0053338212,0.4471120865,falla_engranaje,0.8000000000
0.6900000000,0.0052938709,0.4560529969,falla_engranaje,0.8000000000
0.6905000000,0.0053619785,0.4458311634,falla_engranaje,0.8000000000
0.6910000000,0.0052617467,0.4546891370,falla_engranaje,0.8000000000
0.6915000000,0.0053788635,0.4423720694,falla_engranaje,0.8000000000
0.6920000000,0.0052509057,0.4367017821,falla_engranaje,0.8000000000
0.6925000000,0.0053052759,0.4503444486,falla_engranaje,0.8000000000
0.6930000000,0.0053638713,0.4522317227,falla_engranaje,0.8000000000
0.6935000000,0.0053068987,0.4519281306,falla_engranaje,0.8000000000
0.6940000000,0.0053053484,0.4491993169,falla_engranaje,0.8000000000
0.6945000000,0.0053017153,0.4564807066,falla_engranaje,0.8000000000
0.6950000000,0.0054097313,0.4380281105,falla_engranaje,0.8000000000
0.6955000000,0.0053085512,0.4339868384,falla_engranaje,0.8000000000
0.6960000000,0.0054202995,0.4472372853,falla_engranaje,0.8000000000
0.6965000000,0.0054379257,0.4505469703,falla_engranaje,0.8000000000
0.6970000000,0.0054618290,0.4352482262,falla_engranaje,0.8000000000
0.6975000000,0.0052411559,0.4326617034,falla_engranaje,0.8000000000
0.6980000000,0.0051866515,0.4463338443,falla_engranaje,0.8000000000
0.6985000000,0.0053588604,0.4353434413,falla_engranaje,0.8000000000
0.6990000000,0.0052971011,0.4494831023,falla_engranaje,0.8000000000
0.6995000000,0.0052878151,0.4362404175,falla_engranaje,0.8000000000
0.7000000000,0.0053132169,0.4305470180,falla_engranaje,0.8000000000
0.7005000000,0.0052005216,0.4480983421,falla_engranaje,0.8000000000
0.7010000000,0.0053372482,0.4247834012,falla_engranaje,0.8000000000
0.7015000000,0.0053919068,0.4313320259,falla_engranaje,0.8000000000
0.7020000000,0.0053595796,0.4261909638,falla_engranaje,0.8000000000
0.7025000000,0.0053139968,0.4166198768,falla_engranaje,0.8000000000
0.7030000000,0.0053559431,0.4267566648,falla_engranaje,0.8000000000
0.7035000000,0.0052388768,0.4245114799,falla_engranaje,0.8000000000
0.7040000000,0.0053013903,0.4254413827,falla_engranaje,0.8000000000
0.7045000000,0.0053091582,0.4166967349,falla_engranaje,0.8000000000
0.7050000000,0.0051597612,0.4307364731,falla_engranaje,0.8000000000
0.7055000000,0.0052325599,0.4251959377,falla_engranaje,0.8000000000
0.7060000000,0.0052111170,0.4155994364,falla_engranaje,0.8000000000
0.7065000000,0.0053104574,0.4382724731,falla_engranaje,0.8000000000
0.7070000000,0.0053423188,0.4151382887,falla_engranaje,0.8000000000
0.7075000000,0.0051645274,0.4170724369,falla_engranaje,0.8000000000
0.7080000000,0.0051974179,0.4265661122,falla_engranaje,0.8000000000
0.7085000000,0.0053503323,0.4229661878,falla_engranaje,0.8000000000
0.7090000000,0.0052517379,0.4159171266,falla_engranaje,0.8000000000
0.7095000000,0.0051793207,0.4151134074,falla_engranaje,0.8000000000
0.7100000000,0.0052851053,0.4041464561,falla_engranaje,0.8000000000
0.7105000000,0.0051926536,0.4255480030,falla_engranaje,0.8000000000
0.7110000000,0.0052561618,0.4186292736,falla_engranaje,0.8000000000
0.7115000000,0.0052486403,0.4123391274,falla_engranaje,0.8000000000
0.7120000000,0.0052035903,0.3932703142,falla_engranaje,0.8000000000
0.7125000000,0.0052845494,0.4059391337,falla_engranaje,0.8000000000
0.7130000000,0.0051810591,0.4176688944,falla_engranaje,0.8000000000
0.7135000000,0.0052011157,0.4011727287,falla_engranaje,0.8000000000
0.7140000000,0.0051750311,0.4083013441,falla_engranaje,0.8000000000
0.7145000000,0.0051199701,0.3905557176,falla_engranaje,0.8000000000
0.7150000000,0.0050819259,0.4010257207,falla_engranaje,0.8000000000
0.7155000000,0.0050855838,0.3944412042,falla_engranaje,0.8000000000
0.7160000000,0.0052765418,0.3999874693,falla_engranaje,0.8000000000
0.7165000000,0.0051288566,0.3974504189,falla_engranaje,0.8000000000
0.7170000000,0.0050308974,0.3935045462,falla_engranaje,0.8000000000
0.7175000000,0.0051524730,0.3859021092,falla_engranaje,0.8000000000
0.7180000000,0.0050914893,0.4018136905,falla_engranaje,0.8000000000
0.7185000000,0.0051560920,0.4030823120,falla_engranaje,0.8000000000
0.7190000000,0.0049530570,0.3856218374,falla_engranaje,0.8000000000
0.7195000000,0.0051216313,0.3887351647,falla_engranaje,0.8000000000
0.7200000000,0.0050806206,0.3909995156,falla_engranaje,0.8000000000
0.7205000000,0.0051442770,0.3738097726,falla_engranaje,0.8000000000
0.7210000000,0.0050202857,0.3729828230,falla_engranaje,0.8000000000
0.7215000000,0.0050743275,0.3777745442,falla_engranaje,0.8000000000
0.7220000000,0.0050726096,0.3636616354,falla_engranaje,0.8000000000
0.7225000000,0.0050970749,0.3866272483,falla_engranaje,0.8000000000
0.7230000000,0.0049859405,0.3542622412,falla_engranaje,0.8000000000
0.7235000000,0.0049277562,0.4013613270,falla_engranaje,0.8000000000
0.7240000000,0.0048727936,0.3601330946,falla_engranaje,0.8000000000
0.7245000000,0.0048899354,0.3725434645,falla_engranaje,0.8000000000
0.7250000000,0.0049856132,0.3800408988,falla_engranaje,0.8000000000
0.7255000000,0.0049420427,0.3697819792,falla_engranaje,0.8000000000
0.7260000000,0.0049342973,0.3589007945,falla_engranaje,0.8000000000
0.7265000000,0.0048773405,0.3587819859,falla_engranaje,0.8000000000
0.7270000000,0.0048831035,0.3581960260,falla_engranaje,0.8000000000
0.7275000000,0.0049425803,0.3818838930,falla_engranaje,0.8000000000
0.7280000000,0.0048725961,0.3664900199,falla_engranaje,0.8000000000
0.7285000000,0.0047500335,0.3651467128,falla_engranaje,0.8000000000
0.7290000000,0.0048610081,0.3809455481,falla_engranaje,0.8000000000
0.7295000000,0.0048047911,0.3687751386,falla_engranaje,0.8000000000
0.7300000000,0.0048600025,0.3637860844,falla_engranaje,0.8000000000
0.7305000000,0.0047967602,0.3565574540,falla_engranaje,0.8000000000
0.7310000000,0.0047696979,0.3557818944,falla_engranaje,0.8000000000
0.7315000000,0.0046610752,0.3677931508,falla_engranaje,0.8000000000
0.7320000000,0.0047227547,0.3676503937,falla_engranaje,0.8000000000
0.7325000000,0.0049117875,0.3538119740,falla_engranaje,0.8000000000
0.7330000000,0.0047889452,0.3544214734,falla_engranaje,0.8000000000
0.7335000000,0.0047329624,0.3606917920,falla_engranaje,0.8000000000
0.7340000000,0.0047499985,0.3646731093,falla_engranaje,0.8000000000
0.7345000000,0.0046952741,0.3522403354,falla_engranaje,0.8000000000
0.7350000000,0.0047608524,0.3405394134,falla_engranaje,0.8000000000
0.7355000000,0.0046217921,0.3458754952,falla_engranaje,0.8000000000
0.7360000000,0.0046648721,0.3429175001,falla_engranaje,0.8000000000
0.7365000000,0.0045219399,0.3513594218,falla_engranaje,0.8000000000
0.7370000000,0.0045522742,0.3446100784,falla_engranaje,0.8000000000
0.7375000000,0.0045711382,0.3429936373,falla_engranaje,0.8000000000
0.7380000000,0.0045593628,0.3515307182,falla_engranaje,0.8000000000
0.7385000000,0.0044236377,0.3304449237,falla_engranaje,0.8000000000
0.7390000000,0.0043762561,0.3426226633,falla_engranaje,0.8000000000
0.7395000000,0.0045192921,0.3424030763,falla_engranaje,0.8000000000
0.7400000000,0.0044617335,0.3399090832,falla_engranaje,0.8000000000
0.7405000000,0.0044805944,0.3317998396,falla_engranaje,0.8000000000
0.7410000000,0.0045125693,0.3219586791,falla_engranaje,0.8000000000
0.7415000000,0.0045174947,0.3209423399,falla_engranaje,0.8000000000
0.7420000000,0.0045219365,0.3214255080,falla_engranaje,0.8000000000
0.7425000000,0.0044909280,0.3316352413,falla_engranaje,0.8000000000
0.7430000000,0.0042102321,0.3319573624,falla_engranaje,0.8000000000
0.7435000000,0.0043475388,0.3240997717,falla_engranaje,0.8000000000
0.7440000000,0.0043783742,0.3304408073,falla_engranaje,0.8000000000
0.7445000000,0.0042748305,0.3230125817,falla_engranaje,0.8000000000
0.7450000000,0.0043845181,0.3133740820,falla_engranaje,0.8000000000
0.7455000000,0.0043284416,0.3275506149,falla_engranaje,0.8000000000
0.7460000000,0.0042689148,0.3159448870,falla_engranaje,0.8000000000
0.7465000000,0.0042469194,0.3201103582,falla_engranaje,0.8000000000
0.7470000000,0.0042286679,0.3113345406,falla_engranaje,0.8000000000
0.7475000000,0.0042341533,0.3067320659,falla_engranaje,0.8000000000
0.7480000000,0.0042256461,0.3294957345,falla_engranaje,0.8000000000
0.7485000000,0.0041878440,0.3088815072,falla_engranaje,0.8000000000
0.7490000000,0.0041188227,0.3219318853,falla_engranaje,0.8000000000
0.7495000000,0.0042086780,0.3051009567,falla_engranaje,0.8000000000
0.7500000000,0.0041111577,0.3265395746,falla_engranaje,0.8000000000
0.7505000000,0.0040633784,0.2949775982,falla_engranaje,0.8000000000
0.7510000000,0.0040847507,0.2998521319,falla_engranaje,0.8000000000
0.7515000000,0.0041848515,0.3003890050,falla_engranaje,0.8000000000
0.7520000000,0.0039657620,0.2971643304,falla_engranaje,0.8000000000
0.7525000000,0.0039259346,0.3012996472,falla_engranaje,0.8000000000
0.7530000000,0.0039975421,0.2824514565,falla_engranaje,0.8000000000
0.7535000000,0.0039442715,0.2925633385,falla_engranaje,0.8000000000
0.7540000000,0.0038667374,0.2917680113,falla_engranaje,0.8000000000
0.7545000000,0.0039294033,0.3005550193,falla_engranaje,0.8000000000
0.7550000000,0.0038058579,0.2896246635,falla_engranaje,0.8000000000
0.7555000000,0.0038369603,0.2931876380,falla_engranaje,0.8000000000
0.7560000000,0.0038389136,0.2889362657,falla_engranaje,0.8000000000
0.7565000000,0.0038695120,0.2756366866,falla_engranaje,0.8000000000
0.7570000000,0.0037509616,0.2706303329,falla_engranaje,0.8000000000
0.7575000000,0.0039373957,0.2728865052,falla_engranaje,0.8000000000
0.7580000000,0.0037585659,0.2737065290,falla_engranaje,0.8000000000
0.7585000000,0.0037132605,0.2739327624,falla_engranaje,0.8000000000
0.7590000000,0.0037665138,0.2912894767,falla_engranaje,0.8000000000
0.7595000000,0.0036237551,0.3047138216,falla_engranaje,0.8000000000
0.7600000000,0.0037181208,0.2729123375,falla_engranaje,0.8000000000
0.7605000000,0.0034957401,0.2833637905,falla_engranaje,0.8000000000
0.7610000000,0.0036104813,0.2790555863,falla_engranaje,0.8000000000
0.7615000000,0.0034864600,0.2751793270,falla_engranaje,0.8000000000
0.7620000000,0.0036687803,0.2645386371,falla_engranaje,0.8000000000
0.7625000000,0.0036083298,0.2571813076,falla_engranaje,0.8000000000
0.7630000000,0.0033877940,0.2779960290,falla_engranaje,0.8000000000
0.7635000000,0.0035593042,0.2860790492,falla_engranaje,0.8000000000
0.7640000000,0.0034566979,0.2711709355,falla_engranaje,0.8000000000
0.7645000000,0.0033425281,0.2659311944,falla_engranaje,0.8000000000
0.7650000000,0.0034186699,0.2529737718,falla_engranaje,0.8000000000
0.7655000000,0.0033848891,0.2630849050,falla_engranaje,0.8000000000
0.7660000000,0.0033489298,0.2542236328,falla_engranaje,0.8000000000
0.7665000000,0.0031971598,0.2388285646,falla_engranaje,0.8000000000
0.7670000000,0.0033444774,0.2564826155,falla_engranaje,0.8000000000
0.7675000000,0.0032709149,0.2520090108,falla_engranaje,0.8000000000
0.7680000000,0.0031892161,0.2561503987,falla_engranaje,0.8000000000
0.7685000000,0.0031761947,0.2464326030,falla_engranaje,0.8000000000
0.7690000000,0.0031929281,0.2527484803,falla_engranaje,0.8000000000
0.7695000000,0.0032845529,0.2254844783,falla_engranaje,0.8000000000
0.7700000000,0.0030505793,0.2467156869,falla_engranaje,0.8000000000
0.7705000000,0.0031170230,0.2284556412,falla_engranaje,0.8000000000
0.7710000000,0.0030973465,0.2410656566,falla_engranaje,0.8000000000
0.7715000000,0.0029906945,0.2329170877,falla_engranaje,0.8000000000
0.7720000000,0.0030389502,0.2370164174,falla_engranaje,0.8000000000
0.7725000000,0.0029409667,0.2396521843,falla_engranaje,0.8000000000
0.7730000000,0.0029968678,0.2295722496,falla_engranaje,0.8000000000
0.7735000000,0.0029293214,0.2318648518,falla_engranaje,0.8000000000
0.7740000000,0.0029323907,0.2326745833,falla_engranaje,0.8000000000
0.7745000000,0.0028130845,0.2239390018,falla_engranaje,0.8000000000
0.7750000000,0.0027832952,0.2159224790,falla_engranaje,0.8000000000
0.7755000000,0.0028539933,0.2281652925,falla_engranaje,0.8000000000
0.7760000000,0.0027417837,0.2201943624,falla_engranaje,0.8000000000
0.7765000000,0.0027379024,0.2174988230,falla_engranaje,0.8000000000
0.7770000000,0.0027446859,0.2313486618,falla_engranaje,0.8000000000
0.7775000000,0.0026747336,0.2156327331,falla_engranaje,0.8000000000
0.7780000000,0.0025928148,0.2242798557,falla_engranaje,0.8000000000
0.7785000000,0.0025207721,0.1980889042,falla_engranaje,0.8000000000
0.7790000000,0.0026433906,0.2121383592,falla_engranaje,0.8000000000
0.7795000000,0.0026157895,0.2105183357,falla_engranaje,0.8000000000
0.7800000000,0.0024998253,0.2149655801,falla_engranaje,0.8000000000
0.7805000000,0.0025017347,0.2066489355,falla_engranaje,0.8000000000
0.7810000000,0.0025884742,0.2057131373,falla_engranaje,0.8000000000
0.7815000000,0.0023824994,0.2288404358,falla_engranaje,0.8000000000
0.7820000000,0.0023814153,0.1995642483,falla_engranaje,0.8000000000
0.7825000000,0.0024889518,0.2153471851,falla_engranaje,0.8000000000
0.7830000000,0.0024001563,0.1825924281,falla_engranaje,0.8000000000
0.7835000000,0.0024043084,0.1893099948,falla_engranaje,0.8000000000
0.7840000000,0.0022984964,0.1958486021,falla_engranaje,0.8000000000
0.7845000000,0.0023518220,0.2090666403,falla_engranaje,0.8000000000
0.7850000000,0.0021929206,0.1865295752,falla_engranaje,0.8000000000
0.7855000000,0.0022001318,0.1775989382,falla_engranaje,0.8000000000
0.7860000000,0.0022557420,0.1838825959,falla_engranaje,0.8000000000
0.7865000000,0.0021707625,0.2009383468,falla_engranaje,0.8000000000
0.7870000000,0.0021728191,0.1848215036,falla_engranaje,0.8000000000
0.7875000000,0.0021341034,0.1893040974,falla_engranaje,0.8000000000
0.7880000000,0.0020989168,0.1938414503,falla_engranaje,0.8000000000
0.7885000000,0.0021369767,0.1656112932,falla_engranaje,0.8000000000
0.7890000000,0.0020789403,0.1731503223,falla_engranaje,0.8000000000
0.7895000000,0.0019540009,0.1782784082,falla_engranaje,0.8000000000
0.7900000000,0.0019730846,0.1757124942,falla_engranaje,0.8000000000
0.7905000000,0.0020459731,0.1770498325,falla_engranaje,0.8000000000
0.7910000000,0.0019143863,0.1777277626,falla_engranaje,0.8000000000
0.7915000000,0.0017736365,0.1894937123,falla_engranaje,0.8000000000
0.7920000000,0.0018652974,0.1689015377,falla_engranaje,0.8000000000
0.7925000000,0.0017662111,0.1660321947,falla_engranaje,0.8000000000
0.7930000000,0.0016823576,0.1812330020,falla_engranaje,0.8000000000
0.7935000000,0.0017285596,0.1689524757,falla_engranaje,0.8000000000
0.7940000000,0.0017006283,0.1552816386,falla_engranaje,0.8000000000
0.7945000000,0.0017322493,0.1438671385,falla_engranaje,0.8000000000
0.7950000000,0.0016133311,0.1568188824,falla_engranaje,0.8000000000
0.7955000000,0.0016538986,0.1652504906,falla_engranaje,0.8000000000
0.7960000000,0.0014663363,0.1808633230,falla_engranaje,0.8000000000
0.7965000000,0.0016210818,0.1516421432,falla_engranaje,0.8000000000
0.7970000000,0.0014206262,0.1560241210,falla_engranaje,0.8000000000
0.7975000000,0.0016083927,0.1678360581,falla_engranaje,0.8000000000
0.7980000000,0.0015614995,0.1375232350,falla_engranaje,0.8000000000
0.7985000000,0.0015170294,0.1674610840,falla_engranaje,0.8000000000
0.7990000000,0.0014288048,0.1510093481,falla_engranaje,0.8000000000
0.7995000000,0.0012930080,0.1495424124,falla_engranaje,0.8000000000
0.8000000000,0.0013733148,0.1608635476,falla_engranaje,0.8000000000
0.8005000000,0.0012567558,0.1367591414,falla_engranaje,0.8000000000
0.8010000000,0.0012484934,0.1236509930,falla_engranaje,0.8000000000
0.8015000000,0.0012708564,0.1365682722,falla_engranaje,0.8000000000
0.8020000000,0.0011477378,0.1371792817,falla_engranaje,0.8000000000
0.8025000000,0.0012037037,0.1605842301,falla_engranaje,0.8000000000
0.8030000000,0.0010264246,0.1253680055,falla_engranaje,0.8000000000
0.8035000000,0.0010989828,0.1306858183,falla_engranaje,0.8000000000
0.8040000000,0.0011641208,0.1166735140,falla_engranaje,0.8000000000
0.8045000000,0.0011254860,0.1266529860,falla_engranaje,0.8000000000
0.8050000000,0.0010802545,0.1230645285,falla_engranaje,0.8000000000
0.8055000000,0.0009284231,0.1339875138,falla_engranaje,0.8000000000
0.8060000000,0.0010252468,0.1218742654,falla_engranaje,0.8000000000
0.8065000000,0.0009103139,0.1181887459,falla_engranaje,0.8000000000
0.8070000000,0.0009487623,0.1206289666,falla_engranaje,0.8000000000
0.8075000000,0.0008654027,0.1117696827,falla_engranaje,0.8000000000
0.8080000000,0.0008946608,0.1219176518,falla_engranaje,0.8000000000
0.8085000000,0.0006732566,0.1209290406,falla_engranaje,0.8000000000
0.8090000000,0.0007843018,0.1199605879,falla_engranaje,0.8000000000
0.8095000000,0.0007289616,0.1151215839,falla_engranaje,0.8000000000
0.8100000000,0.0006673242,0.1134915640,falla_engranaje,0.8000000000
0.8105000000,0.0006746831,0.1042213392,falla_engranaje,0.8000000000
0.8110000000,0.0006904976,0.1093257488,falla_engranaje,0.8000000000
0.8115000000,0.0006155644,0.0996398829,falla_engranaje,0.8000000000
0.8120000000,0.0006326139,0.1052354180,falla_engranaje,0.8000000000
0.8125000000,0.0006337153,0.1096897379,falla_engranaje,0.8000000000
0.8130000000,0.0005869024,0.0980457280,falla_engranaje,0.8000000000
0.8135000000,0.0005904679,0.1072150334,falla_engranaje,0.8000000000
0.8140000000,0.0006258852,0.1094646261,falla_engranaje,0.8000000000
0.8145000000,0.0004502663,0.1010744585,falla_engranaje,0.8000000000
0.8150000000,0.0004771563,0.0936669706,falla_engranaje,0.8000000000
0.8155000000,0.0004557986,0.1046519875,falla_engranaje,0.8000000000
0.8160000000,0.0001990437,0.1005298442,falla_engranaje,0.8000000000
0.8165000000,0.0002571628,0.0965168768,falla_engranaje,0.8000000000
0.8170000000,0.0002326824,0.0843979605,falla_engranaje,0.8000000000
0.8175000000,0.0001698951,0.0661317456,falla_engranaje,0.8000000000
0.8180000000,0.0002899517,0.0994856217,falla_engranaje,0.8000000000
0.8185000000,0.0001689833,0.0829885589,falla_engranaje,0.8000000000
0.8190000000,0.0000186365,0.1051139214,falla_engranaje,0.8000000000
0.8195000000,0.0001681882,0.0615389044,falla_engranaje,0.8000000000
0.8200000000,0.0002298910,0.0887258169,falla_engranaje,0.8000000000
0.8205000000,0.0000931387,0.0704746936,falla_engranaje,0.8000000000
0.8210000000,0.0000127877,0.0804039809,falla_engranaje,0.8000000000
0.8215000000,0.0000506986,0.0450083306,falla_engranaje,0.8000000000
0.8220000000,-0.0000540793,0.0739301229,falla_engranaje,0.8000000000
0.8225000000,0.0000036695,0.0675850845,falla_engranaje,0.8000000000
0.8230000000,-0.0000341200,0.0811684341,falla_engranaje,0.8000000000
0.8235000000,-0.0001130500,0.0601310118,falla_engranaje,0.8000000000
0.8240000000,-0.0000660632,0.0699773449,falla_engranaje,0.8000000000
0.8245000000,-0.0003160971,0.0632672704,falla_engranaje,0.8000000000
0.8250000000,-0.0001524502,0.0772266724,falla_engranaje,0.8000000000
0.8255000000,-0.0002847231,0.0616895633,falla_engranaje,0.8000000000
0.8260000000,-0.0004173660,0.0768288178,falla_engranaje,0.8000000000
0.8265000000,-0.0003409939,0.0406728518,falla_engranaje,0.8000000000
0.8270000000,-0.0003489169,0.0441168272,falla_engranaje,0.8000000000
0.8275000000,-0.0003403682,0.0570161764,falla_engranaje,0.8000000000
0.8280000000,-0.0003869813,0.0411645721,falla_engranaje,0.8000000000
0.8285000000,-0.0003956459,0.0455102206,falla_engranaje,0.8000000000
0.8290000000,-0.0005128562,0.0411893157,falla_engranaje,0.8000000000
0.8295000000,-0.0004362984,0.0661638869,falla_engranaje,0.8000000000
0.8300000000,-0.0004826103,0.0490771722,falla_engranaje,0.8000000000
0.8305000000,-0.0006054082,0.0374849680,falla_engranaje,0.8000000000
0.8310000000,-0.0006594150,0.0465887868,falla_engranaje,0.8000000000
0.8315000000,-0.0006283968,0.0347087315,falla_engranaje,0.8000000000
0.8320000000,-0.0006287042,0.0403989173,falla_engranaje,0.8000000000
0.8325000000,-0.0005833216,0.0167534978,falla_engranaje,0.8000000000
0.8330000000,-0.0006996813,0.0403408421,falla_engranaje,0.8000000000
0.8335000000,-0.0007123878,0.0441041465,falla_engranaje,0.8000000000
0.8340000000,-0.0007121538,0.0365084277,falla_engranaje,0.8000000000
0.8345000000,-0.0007078840,0.0275075504,falla_engranaje,0.8000000000
0.8350000000,-0.0007565425,0.0181815216,falla_engranaje,0.8000000000
0.8355000000,-0.0008259963,0.0326808734,falla_engranaje,0.8000000000
0.8360000000,-0.0007717246,0.0210409085,falla_engranaje,0.8000000000
0.8365000000,-0.0008615516,0.0154191041,falla_engranaje,0.8000000000
0.8370000000,-0.0009673836,0.0292484247,falla_engranaje,0.8000000000
0.8375000000,-0.0009567312,0.0213907922,falla_engranaje,0.8000000000
0.8380000000,-0.0010705368,0.0194043717,falla_engranaje,0.8000000000
0.8385000000,-0.0010300481,0.0158111963,falla_engranaje,0.8000000000
0.8390000000,-0.0011861217,0.0122159195,falla_engranaje,0.8000000000
0.8395000000,-0.0010474661,-0.0021504485,falla_engranaje,0.8000000000
0.8400000000,-0.0010012962,0.0278537454,falla_engranaje,0.8000000000
0.8405000000,-0.0011323686,0.0200791179,falla_engranaje,0.8000000000
0.8410000000,-0.0011110866,0.0217238162,falla_engranaje,0.8000000000
0.8415000000,-0.0010995795,0.0139891205,falla_engranaje,0.8000000000
0.8420000000,-0.0011279513,0.0010682531,falla_engranaje,0.8000000000
0.8425000000,-0.0012628686,0.0323252816,falla_engranaje,0.8000000000
0.8430000000,-0.0011760111,0.0051237083,falla_engranaje,0.8000000000
0.8435000000,-0.0012997411,-0.0018882897,falla_engranaje,0.8000000000
0.8440000000,-0.0013160263,0.0115856642,falla_engranaje,0.8000000000
0.8445000000,-0.0013869620,0.0080303426,falla_engranaje,0.8000000000
0.8450000000,-0.0013174043,0.0075590979,falla_engranaje,0.8000000000
0.8455000000,-0.0013511041,-0.0232959728,falla_engranaje,0.8000000000
0.8460000000,-0.0014321998,-0.0211853893,falla_engranaje,0.8000000000
0.8465000000,-0.0015063629,-0.0073436068,falla_engranaje,0.8000000000
0.8470000000,-0.0015401075,-0.0141925964,falla_engranaje,0.8000000000
0.8475000000,-0.0014264443,-0.0086705460,falla_engranaje,0.8000000000
0.8480000000,-0.0013264258,-0.0117211994,falla_engranaje,0.8000000000
0.8485000000,-0.0014607797,-0.0167086769,falla_engranaje,0.8000000000
0.8490000000,-0.0016328599,-0.0476616714,falla_engranaje,0.8000000000
0.8495000000,-0.0016545910,-0.0086790169,falla_engranaje,0.8000000000
0.8500000000,-0.0016453433,-0.0236492388,falla_engranaje,0.8000000000
0.8505000000,-0.0017337729,-0.0288023451,falla_engranaje,0.8000000000
0.8510000000,-0.0016550726,-0.0219108145,falla_engranaje,0.8000000000
0.8515000000,-0.0016222577,-0.0234320765,falla_engranaje,0.8000000000
0.8520000000,-0.0016938769,-0.0231608130,falla_engranaje,0.8000000000
0.8525000000,-0.0017230213,-0.0199486214,falla_engranaje,0.8000000000
0.8530000000,-0.0017105763,-0.0203567759,falla_engranaje,0.8000000000
0.8535000000,-0.0017926031,-0.0303567150,falla_engranaje,0.8000000000
0.8540000000,-0.0018571141,-0.0328417639,falla_engranaje,0.8000000000
0.8545000000,-0.0017548273,-0.0368375932,falla_engranaje,0.8000000000
0.8550000000,-0.0018407896,-0.0304897042,falla_engranaje,0.8000000000
0.8555000000,-0.0019948332,-0.0221689160,falla_engranaje,0.8000000000
0.8560000000,-0.0020217743,-0.0302891647,falla_engranaje,0.8000000000
0.8565000000,-0.0019484346,-0.0183122523,falla_engranaje,0.8000000000
0.8570000000,-0.0020971193,-0.0522922157,falla_engranaje,0.8000000000
0.8575000000,-0.0020406051,-0.0486917320,falla_engranaje,0.8000000000
0.8580000000,-0.0020008113,-0.0459890745,falla_engranaje,0.8000000000
0.8585000000,-0.0020033913,-0.0468365550,falla_engranaje,0.8000000000
0.8590000000,-0.0021495216,-0.0398635906,falla_engranaje,0.8000000000
0.8595000000,-0.0021761368,-0.0417232214,falla_engranaje,0.8000000000
0.8600000000,-0.0020368894,-0.0402856716,falla_engranaje,0.8000000000
0.8605000000,-0.0021085783,-0.0539110058,falla_engranaje,0.8000000000
0.8610000000,-0.0022103630,-0.0598350017,falla_engranaje,0.8000000000
0.8615000000,-0.0022573855,-0.0621021607,falla_engranaje,0.8000000000
0.8620000000,-0.0021378401,-0.0741504875,falla_engranaje,0.8000000000
0.8625000000,-0.0022864831,-0.0687974832,falla_engranaje,0.8000000000
0.8630000000,-0.0022555071,-0.0593632264,falla_engranaje,0.8000000000
0.8635000000,-0.0023631236,-0.0591394303,falla_engranaje,0.8000000000
0.8640000000,-0.0021558537,-0.0537013325,falla_engranaje,0.8000000000
0.8645000000,-0.0023506249,-0.0776297583,falla_engranaje,0.8000000000
0.8650000000,-0.0023438524,-0.0792063078,falla_engranaje,0.8000000000
0.8655000000,-0.0022788463,-0.0591129985,falla_engranaje,0.8000000000
0.8660000000,-0.0023252400,-0.0715136940,falla_engranaje,0.8000000000
0.8665000000,-0.0023654993,-0.0835463250,falla_engranaje,0.8000000000
0.8670000000,-0.0024619558,-0.0737733225,falla_engranaje,0.8000000000
0.8675000000,-0.0023140052,-0.0749717375,falla_engranaje,0.8000000000
0.8680000000,-0.0025010835,-0.0875390990,falla_engranaje,0.8000000000
0.8685000000,-0.0025302153,-0.0684222527,falla_engranaje,0.8000000000
0.8690000000,-0.0026846380,-0.0826165198,falla_engranaje,0.8000000000
0.8695000000,-0.0025065426,-0.0687452910,falla_engranaje,0.8000000000
0.8700000000,-0.0026134775,-0.0836641572,falla_engranaje,0.8000000000
0.8705000000,-0.0025195269,-0.0880321098,falla_engranaje,0.8000000000
0.8710000000,-0.0027150446,-0.0891365249,falla_engranaje,0.8000000000
0.8715000000,-0.0026390035,-0.0939559379,falla_engranaje,0.8000000000
0.8720000000,-0.0026170266,-0.0746111495,falla_engranaje,0.8000000000
0.8725000000,-0.0027448451,-0.0949770075,falla_engranaje,0.8000000000
0.8730000000,-0.0026711520,-0.0993045374,falla_engranaje,0.8000000000
0.8735000000,-0.0027260290,-0.0814959114,falla_engranaje,0.8000000000
0.8740000000,-0.0027863941,-0.0968981299,falla_engranaje,0.8000000000
0.8745000000,-0.0027044066,-0.0886321417,falla_engranaje,0.8000000000
0.8750000000,-0.0028576702,-0.1080324324,falla_engranaje,0.8000000000
0.8755000000,-0.0027955096,-0.0913254644,falla_engranaje,0.8000000000
0.8760000000,-0.0027596012,-0.0913728726,falla_engranaje,0.8000000000
0.8765000000,-0.0027865761,-0.1026801142,falla_engranaje,0.8000000000
0.8770000000,-0.0027938355,-0.1075439914,falla_engranaje,0.8000000000
0.8775000000,-0.0028082651,-0.0966993568,falla_engranaje,0.8000000000
0.8780000000,-0.0028531703,-0.1027333208,falla_engranaje,0.8000000000
0.8785000000,-0.0029169406,-0.0987366506,falla_engranaje,0.8000000000
0.8790000000,-0.0028626102,-0.1409736075,falla_engranaje,0.8000000000
0.8795000000,-0.0030199444,-0.0903558224,falla_engranaje,0.8000000000
0.8800000000,-0.0030120095,-0.1109270844,falla_engranaje,0.8000000000
0.8805000000,-0.0029723856,-0.1233461580,falla_engranaje,0.8000000000
0.8810000000,-0.0028308926,-0.1049867946,falla_engranaje,0.8000000000
0.8815000000,-0.0028767561,-0.1049395170,falla_engranaje,0.8000000000
0.8820000000,-0.0030851110,-0.1214458693,falla_engranaje,0.8000000000
0.8825000000,-0.0030554198,-0.1077722383,falla_engranaje,0.8000000000
0.8830000000,-0.0030162863,-0.1143978876,falla_engranaje,0.8000000000
0.8835000000,-0.0030643033,-0.1127071608,falla_engranaje,0.8000000000
0.8840000000,-0.0031384540,-0.1207375219,falla_engranaje,0.8000000000
0.8845000000,-0.0030721640,-0.1455027705,falla_engranaje,0.8000000000
0.8850000000,-0.0029914103,-0.1071170533,falla_engranaje,0.8000000000
0.8855000000,-0.0031472268,-0.1208620177,falla_engranaje,0.8000000000
0.8860000000,-0.0032176957,-0.1055352341,falla_engranaje,0.8000000000
0.8865000000,-0.0031099472,-0.1421334126,falla_engranaje,0.8000000000
0.8870000000,-0.0031348454,-0.1248338516,falla_engranaje,0.8000000000
0.8875000000,-0.0032286214,-0.1310490347,falla_engranaje,0.8000000000
0.8880000000,-0.0032707981,-0.1192900870,falla_engranaje,0.8000000000
0.8885000000,-0.0030854751,-0.1212866366,falla_engranaje,0.8000000000
0.8890000000,-0.0031727781,-0.1433877973,falla_engranaje,0.8000000000
0.8895000000,-0.0032070204,-0.1383934755,falla_engranaje,0.8000000000
0.8900000000,-0.0033265223,-0.1335724435,falla_engranaje,0.8000000000
0.8905000000,-0.0031826077,-0.1326915075,falla_engranaje,0.8000000000
0.8910000000,-0.0032081792,-0.1471365072,falla_engranaje,0.8000000000
0.8915000000,-0.0032543018,-0.1371415559,falla_engranaje,0.8000000000
0.8920000000,-0.0033417810,-0.1297064629,falla_engranaje,0.8000000000
0.8925000000,-0.0031825963,-0.1560104761,falla_engranaje,0.8000000000
0.8930000000,-0.0032539829,-0.1527556659,falla_engranaje,0.8000000000
0.8935000000,-0.0032678878,-0.1386213273,falla_engranaje,0.8000000000
0.8940000000,-0.0034043352,-0.1558950834,falla_engranaje,0.8000000000
0.8945000000,-0.0033729652,-0.1559344667,falla_engranaje,0.8000000000
0.8950000000,-0.0033430194,-0.1414603830,falla_engranaje,0.8000000000
0.8955000000,-0.0033762131,-0.1732592453,falla_engranaje,0.8000000000
0.8960000000,-0.0033972813,-0.1608672512,falla_engranaje,0.8000000000
0.8965000000,-0.0035525712,-0.1476502793,falla_engranaje,0.8000000000
0.8970000000,-0.0032740837,-0.1701375293,falla_engranaje,0.8000000000
0.8975000000,-0.0034521970,-0.1694118333,falla_engranaje,0.8000000000
0.8980000000,-0.0036028049,-0.1740009241,falla_engranaje,0.8000000000
0.8985000000,-0.0034447068,-0.1664177255,falla_engranaje,0.8000000000
0.8990000000,-0.0035908173,-0.1605402149,falla_engranaje,0.8000000000
0.8995000000,-0.0034725312,-0.1802134687,falla_engranaje,0.8000000000
0.9000000000,-0.0034769678,-0.1709831055,falla_engranaje,0.8000000000
0.9005000000,-0.0034404356,-0.1682782116,falla_engranaje,0.8000000000
0.9010000000,-0.0035851432,-0.1784140835,falla_engranaje,0.8000000000
0.9015000000,-0.0036480279,-0.1529577228,falla_engranaje,0.8000000000
0.9020000000,-0.0035377613,-0.1674534460,falla_engranaje,0.8000000000
0.9025000000,-0.0035474189,-0.1603897986,falla_engranaje,0.8000000000
0.9030000000,-0.0034719043,-0.1740563773,falla_engranaje,0.8000000000
0.9035000000,-0.0035860038,-0.1565378937,falla_engranaje,0.8000000000
0.9040000000,-0.0035311146,-0.1730464699,falla_engranaje,0.8000000000
0.9045000000,-0.0035155149,-0.1667267838,falla_engranaje,0.8000000000
0.9050000000,-0.0033030910,-0.1981942923,falla_engranaje,0.8000000000
0.9055000000,-0.0035096964,-0.1596611975,falla_engranaje,0.8000000000
0.9060000000,-0.0035807680,-0.1734458974,falla_engranaje,0.8000000000
0.9065000000,-0.0035433700,-0.1706915269,falla_engranaje,0.8000000000
0.9070000000,-0.0036017993,-0.1784706192,falla_engranaje,0.8000000000
0.9075000000,-0.0037449033,-0.1787718181,falla_engranaje,0.8000000000
0.9080000000,-0.0036326406,-0.1738314218,falla_engranaje,0.8000000000
0.9085000000,-0.0037228467,-0.1778102888,falla_engranaje,0.8000000000
0.9090000000,-0.0038000380,-0.1957302402,falla_engranaje,0.8000000000
0.9095000000,-0.0036908835,-0.1826107631,falla_engranaje,0.8000000000
0.9100000000,-0.0035763850,-0.1692616115,falla_engranaje,0.8000000000
0.9105000000,-0.0036499212,-0.1890059324,falla_engranaje,0.8000000000
0.9110000000,-0.0037048825,-0.1949941839,falla_engranaje,0.8000000000
0.9115000000,-0.0037199897,-0.1841384637,falla_engranaje,0.8000000000
0.9120000000,-0.0037838051,-0.1868450568,falla_engranaje,0.8000000000
0.9125000000,-0.0037740712,-0.1912238207,falla_engranaje,0.8000000000
0.9130000000,-0.0037227238,-0.2064788851,falla_engranaje,0.8000000000
0.9135000000,-0.0036508147,-0.2120835915,falla_engranaje,0.8000000000
0.9140000000,-0.0037604182,-0.1945669079,falla_engranaje,0.8000000000
0.9145000000,-0.0036964170,-0.1894700761,falla_engranaje,0.8000000000
0.9150000000,-0.0035925816,-0.2029634755,falla_engranaje,0.8000000000
0.9155000000,-0.0037455298,-0.1952649112,falla_engranaje,0.8000000000
0.9160000000,-0.0036381205,-0.2052071652,falla_engranaje,0.8000000000
0.9165000000,-0.0037868560,-0.2098630666,falla_engranaje,0.8000000000
0.9170000000,-0.0038174996,-0.2081936896,falla_engranaje,0.8000000000
0.9175000000,-0.0037647059,-0.1919353051,falla_engranaje,0.8000000000
0.9180000000,-0.0037448807,-0.1870794650,falla_engranaje,0.8000000000
0.9185000000,-0.0037069894,-0.2207429807,falla_engranaje,0.8000000000
0.9190000000,-0.0037070315,-0.2072257110,falla_engranaje,0.8000000000
0.9195000000,-0.0038183142,-0.2209318930,falla_engranaje,0.8000000000
0.9200000000,-0.0037970298,-0.2032777256,falla_engranaje,0.8000000000
0.9205000000,-0.0036495549,-0.2230589303,falla_engranaje,0.8000000000
0.9210000000,-0.0036554670,-0.2383686154,falla_engranaje,0.8000000000
0.9215000000,-0.0037738136,-0.2234526512,falla_engranaje,0.8000000000
0.9220000000,-0.0037412244,-0.2323704523,falla_engranaje,0.8000000000
0.9225000000,-0.0036673417,-0.2193816574,falla_engranaje,0.8000000000
0.9230000000,-0.0037066060,-0.2242471169,falla_engranaje,0.8000000000
0.9235000000,-0.0037708944,-0.2132236736,falla_engranaje,0.8000000000
0.9240000000,-0.0038134242,-0.2221146285,falla_engranaje,0.8000000000
0.9245000000,-0.0036997361,-0.2147815838,falla_engranaje,0.8000000000
0.9250000000,-0.0038827990,-0.2271660191,falla_engranaje,0.8000000000
0.9255000000,-0.0037520465,-0.2226402964,falla_engranaje,0.8000000000
0.9260000000,-0.0038823610,-0.2207027644,falla_engranaje,0.8000000000
0.9265000000,-0.0038103696,-0.2379408559,falla_engranaje,0.8000000000
0.9270000000,-0.0037401599,-0.2329816356,falla_engranaje,0.8000000000
0.9275000000,-0.0038302555,-0.2331345651,falla_engranaje,0.8000000000
0.9280000000,-0.0037904693,-0.2226990557,falla_engranaje,0.8000000000
0.9285000000,-0.0037615623,-0.2374850846,falla_engranaje,0.8000000000
0.9290000000,-0.0038038220,-0.2492847134,falla_engranaje,0.8000000000
0.9295000000,-0.0038222771,-0.2309851468,falla_engranaje,0.8000000000
0.9300000000,-0.0037998439,-0.2300571352,falla_engranaje,0.8000000000
0.9305000000,-0.0038479042,-0.2510084218,falla_engranaje,0.8000000000
0.9310000000,-0.0038018168,-0.2416259734,falla_engranaje,0.8000000000
0.9315000000,-0.0038430751,-0.2311291363,falla_engranaje,0.8000000000
0.9320000000,-0.0039129732,-0.2530091032,falla_engranaje,0.8000000000
0.9325000000,-0.0038730351,-0.2371393138,falla_engranaje,0.8000000000
0.9330000000,-0.0037442746,-0.2463606999,falla_engranaje,0.8000000000
0.9335000000,-0.0037639755,-0.2409547747,falla_engranaje,0.8000000000
0.9340000000,-0.0037498253,-0.2332164145,falla_engranaje,0.8000000000
0.9345000000,-0.0037465779,-0.2480381550,falla_engranaje,0.8000000000
0.9350000000,-0.0037483256,-0.2487470898,falla_engranaje,0.8000000000
0.9355000000,-0.0036483561,-0.2444067648,falla_engranaje,0.8000000000
0.9360000000,-0.0037705187,-0.2415907467,falla_engranaje,0.8000000000
0.9365000000,-0.0038082430,-0.2316622472,falla_engranaje,0.8000000000
0.9370000000,-0.0037392914,-0.2396939900,falla_engranaje,0.8000000000
0.9375000000,-0.0036292284,-0.2639150688,falla_engranaje,0.8000000000
0.9380000000,-0.0037179840,-0.2423142576,falla_engranaje,0.8000000000
0.9385000000,-0.0037886119,-0.2496912988,falla_engranaje,0.8000000000
0.9390000000,-0.0036844316,-0.2439463248,falla_engranaje,0.8000000000
0.9395000000,-0.0036944123,-0.2363935987,falla_engranaje,0.8000000000
0.9400000000,-0.0036472148,-0.2578605017,falla_engranaje,0.8000000000
0.9405000000,-0.0038081365,-0.2393662617,falla_engranaje,0.8000000000
0.9410000000,-0.0036859924,-0.2542024638,falla_engranaje,0.8000000000
0.9415000000,-0.0037730670,-0.2758403518,falla_engranaje,0.8000000000
0.9420000000,-0.0036541871,-0.2649844994,falla_engranaje,0.8000000000
0.9425000000,-0.0035420916,-0.2623593903,falla_engranaje,0.8000000000
0.9430000000,-0.0036593832,-0.2649311227,falla_engranaje,0.8000000000
0.9435000000,-0.0035646722,-0.2573152310,falla_engranaje,0.8000000000
0.9440000000,-0.0036152288,-0.2566821540,falla_engranaje,0.8000000000
0.9445000000,-0.0037288826,-0.2678098966,falla_engranaje,0.8000000000
0.9450000000,-0.0037451652,-0.2669383655,falla_engranaje,0.8000000000
0.9455000000,-0.0037119142,-0.2679623575,falla_engranaje,0.8000000000
0.9460000000,-0.0036525942,-0.2474921644,falla_engranaje,0.8000000000
0.9465000000,-0.0036907008,-0.2742235514,falla_engranaje,0.8000000000
0.9470000000,-0.0036200869,-0.2498154654,falla_engranaje,0.8000000000
0.9475000000,-0.0036705778,-0.2710643980,falla_engranaje,0.8000000000
0.9480000000,-0.0036978746,-0.2764087564,falla_engranaje,0.8000000000
0.9485000000,-0.0035786905,-0.2691432225,falla_engranaje,0.8000000000
0.9490000000,-0.0036455517,-0.2796597900,falla_engranaje,0.8000000000
0.9495000000,-0.0035159969,-0.2673941655,falla_engranaje,0.8000000000
0.9500000000,-0.0036946355,-0.2804773848,falla_engranaje,0.8000000000
0.9505000000,-0.0034955641,-0.2736565328,falla_engranaje,0.8000000000
0.9510000000,-0.0035947768,-0.2794430499,falla_engranaje,0.8000000000
0.9515000000,-0.0036702825,-0.2781623373,falla_engranaje,0.8000000000
0.9520000000,-0.0035846217,-0.2705227913,falla_engranaje,0.8000000000
0.9525000000,-0.0036555460,-0.2822726012,falla_engranaje,0.8000000000
0.9530000000,-0.0036407699,-0.2695935951,falla_engranaje,0.8000000000
0.9535000000,-0.0035194809,-0.2827439610,falla_engranaje,0.8000000000
0.9540000000,-0.0035234468,-0.2690517516,falla_engranaje,0.8000000000
0.9545000000,-0.0034832123,-0.2931037434,falla_engranaje,0.8000000000
0.9550000000,-0.0035717327,-0.2787534035,falla_engranaje,0.8000000000
0.9555000000,-0.0035114326,-0.2700699873,falla_engranaje,0.8000000000
0.9560000000,-0.0035273944,-0.2740643970,falla_engranaje,0.8000000000
0.9565000000,-0.0034913553,-0.2727297529,falla_engranaje,0.8000000000
0.9570000000,-0.0034678245,-0.2811365441,falla_engranaje,0.8000000000
0.9575000000,-0.0035967911,-0.2815634421,falla_engranaje,0.8000000000
0.9580000000,-0.0034667256,-0.3066295680,falla_engranaje,0.8000000000
0.9585000000,-0.0034291836,-0.2916079202,falla_engranaje,0.8000000000
0.9590000000,-0.0034283539,-0.2747697379,falla_engranaje,0.8000000000
0.9595000000,-0.0034918900,-0.2893975507,falla_engranaje,0.8000000000
0.9600000000,-0.0034293930,-0.2752202882,falla_engranaje,0.8000000000
0.9605000000,-0.0035706191,-0.2761547834,falla_engranaje,0.8000000000
0.9610000000,-0.0034501870,-0.2929609742,falla_engranaje,0.8000000000
0.9615000000,-0.0034554260,-0.3008957264,falla_engranaje,0.8000000000
0.9620000000,-0.0033482256,-0.2905180519,falla_engranaje,0.8000000000
0.9625000000,-0.0034517601,-0.2721329910,falla_engranaje,0.8000000000
0.9630000000,-0.0033335023,-0.2900175296,falla_engranaje,0.8000000000
0.9635000000,-0.0034778168,-0.2966051998,falla_engranaje,0.8000000000
0.9640000000,-0.0033044438,-0.3076388898,falla_engranaje,0.8000000000
0.9645000000,-0.0032725370,-0.2782552655,falla_engranaje,0.8000000000
0.9650000000,-0.0033904886,-0.2912562549,falla_engranaje,0.8000000000
0.9655000000,-0.0033244458,-0.2774690285,falla_engranaje,0.8000000000
0.9660000000,-0.0033627862,-0.3026804068,falla_engranaje,0.8000000000
0.9665000000,-0.0033535733,-0.3120109940,falla_engranaje,0.8000000000
0.9670000000,-0.0033324062,-0.2758585349,falla_engranaje,0.8000000000
0.9675000000,-0.0032649508,-0.3083710605,falla_engranaje,0.8000000000
0.9680000000,-0.0033008511,-0.3076675728,falla_engranaje,0.8000000000
0.9685000000,-0.0032291073,-0.3012218973,falla_engranaje,0.8000000000
0.9690000000,-0.0033259182,-0.3003970529,falla_engranaje,0.8000000000
0.9695000000,-0.0031534971,-0.3241553862,falla_engranaje,0.8000000000
0.9700000000,-0.0032850427,-0.3004481749,falla_engranaje,0.8000000000
0.9705000000,-0.0031719124,-0.3012068616,falla_engranaje,0.8000000000
0.9710000000,-0.0031475087,-0.3171823963,falla_engranaje,0.8000000000
0.9715000000,-0.0031913293,-0.2999719149,falla_engranaje,0.8000000000
0.9720000000,-0.0031372645,-0.3021743835,falla_engranaje,0.8000000000
0.9725000000,-0.0032014678,-0.2954885447,falla_engranaje,0.8000000000
0.9730000000,-0.0031750880,-0.3172732777,falla_engranaje,0.8000000000
0.9735000000,-0.0031480607,-0.3072955901,falla_engranaje,0.8000000000
0.9740000000,-0.0030948363,-0.3073877727,falla_engranaje,0.8000000000
0.9745000000,-0.0031264651,-0.2994277049,falla_engranaje,0.8000000000
0.9750000000,-0.0030357332,-0.2914635716,falla_engranaje,0.8000000000
0.9755000000,-0.0031699134,-0.3035736017,falla_engranaje,0.8000000000
0.9760000000,-0.0030293293,-0.3034597365,falla_engranaje,0.8000000000
0.9765000000,-0.0030284779,-0.3050127712,falla_engranaje,0.8000000000
0.9770000000,-0.0030909468,-0.3105680340,falla_engranaje,0.8000000000
0.9775000000,-0.0028921342,-0.3130033822,falla_engranaje,0.8000000000
0.9780000000,-0.0030124088,-0.2945535624,falla_engranaje,0.8000000000
0.9785000000,-0.0029910552,-0.3005759647,falla_engranaje,0.8000000000
0.9790000000,-0.0030064553,-0.2980915364,falla_engranaje,0.8000000000
0.9795000000,-0.0030411293,-0.3080723056,falla_engranaje,0.8000000000
0.9800000000,-0.0029250794,-0.3156356456,falla_engranaje,0.8000000000
0.9805000000,-0.0029878084,-0.3142223424,falla_engranaje,0.8000000000
0.9810000000,-0.0029163587,-0.3056257655,falla_engranaje,0.8000000000
0.9815000000,-0.0030183572,-0.3130093732,falla_engranaje,0.8000000000
0.9820000000,-0.0030184499,-0.3088117516,falla_engranaje,0.8000000000
0.9825000000,-0.0028585056,-0.3119206691,falla_engranaje,0.8000000000
0.9830000000,-0.0030176599,-0.3275454513,falla_engranaje,0.8000000000
0.9835000000,-0.0028540318,-0.3114543392,falla_engranaje,0.8000000000
0.9840000000,-0.0028719702,-0.3151444234,falla_engranaje,0.8000000000
0.9845000000,-0.0028928729,-0.3122712593,falla_engranaje,0.8000000000
0.9850000000,-0.0027726882,-0.3088325125,falla_engranaje,0.8000000000
0.9855000000,-0.0028024137,-0.3145535784,falla_engranaje,0.8000000000
0.9860000000,-0.0027862789,-0.3129870693,falla_engranaje,0.8000000000
0.9865000000,-0.0026899761,-0.2997986304,falla_engranaje,0.8000000000
0.9870000000,-0.0026888915,-0.3066167305,falla_engranaje,0.8000000000
0.9875000000,-0.0027191321,-0.3063836213,falla_engranaje,0.8000000000
0.9880000000,-0.0025443001,-0.3124041724,falla_engranaje,0.8000000000
0.9885000000,-0.0029003463,-0.3257536106,falla_engranaje,0.8000000000
0.9890000000,-0.0027110901,-0.3343944708,falla_engranaje,0.8000000000
0.9895000000,-0.0027026497,-0.3181092071,falla_engranaje,0.8000000000
0.9900000000,-0.0026637047,-0.3267799588,falla_engranaje,0.8000000000
0.9905000000,-0.0026386522,-0.3303527141,falla_engranaje,0.8000000000
0.9910000000,-0.0026366609,-0.3103917335,falla_engranaje,0.8000000000
0.9915000000,-0.0026691150,-0.3120897000,falla_engranaje,0.8000000000
0.9920000000,-0.0026137900,-0.3285580474,falla_engranaje,0.8000000000
0.9925000000,-0.0025160214,-0.3115113784,falla_engranaje,0.8000000000
0.9930000000,-0.0025918111,-0.3219924923,falla_engranaje,0.8000000000
0.9935000000,-0.0024245124,-0.3310902138,falla_engranaje,0.8000000000
0.9940000000,-0.0026597562,-0.3334619214,falla_engranaje,0.8000000000
0.9945000000,-0.0025083071,-0.3369428051,falla_engranaje,0.8000000000
0.9950000000,-0.0025151993,-0.3491272366,falla_engranaje,0.8000000000
0.9955000000,-0.0025110956,-0.3237047243,falla_engranaje,0.8000000000
0.9960000000,-0.0023388710,-0.3323656615,falla_engranaje,0.8000000000
0.9965000000,-0.0024677995,-0.3217151488,falla_engranaje,0.8000000000
0.9970000000,-0.0022872681,-0.3464760797,falla_engranaje,0.8000000000
0.9975000000,-0.0024229302,-0.3282579218,falla_engranaje,0.8000000000
0.9980000000,-0.0023853043,-0.3262366841,falla_engranaje,0.8000000000
0.9985000000,-0.0023545069,-0.3390474892,falla_engranaje,0.8000000000
0.9990000000,-0.0024348480,-0.3226600432,falla_engranaje,0.8000000000
0.9995000000,-0.0023762344,-0.3226699854,falla_engranaje,0.8000000000
1.0000000000,-0.0023872018,-0.3410986636,falla_engranaje,0.8000000000
1.0005000000,-0.0023764282,-0.3216579611,falla_engranaje,0.8000000000
1.0010000000,-0.0022216073,-0.3490906922,falla_engranaje,0.8000000000
1.0015000000,-0.0022571878,-0.3287629884,falla_engranaje,0.8000000000
1.0020000000,-0.0023375998,-0.3365818023,falla_engranaje,0.8000000000
1.0025000000,-0.0022388292,-0.3327985839,falla_engranaje,0.8000000000
1.0030000000,-0.0021728962,-0.3305078377,falla_engranaje,0.8000000000
1.0035000000,-0.0021717679,-0.3446513988,falla_engranaje,0.8000000000
1.0040000000,-0.0021930692,-0.3256328271,falla_engranaje,0.8000000000
1.0045000000,-0.0022763944,-0.3425342875,falla_engranaje,0.8000000000
1.0050000000,-0.0022386356,-0.3238993790,falla_engranaje,0.8000000000
1.0055000000,-0.0020487620,-0.3373877884,falla_engranaje,0.8000000000
1.0060000000,-0.0020450740,-0.3260722377,falla_engranaje,0.8000000000
1.0065000000,-0.0020768687,-0.3363186312,falla_engranaje,0.8000000000
1.0070000000,-0.0021105800,-0.3416780128,falla_engranaje,0.8000000000
1.0075000000,-0.0020845245,-0.3431421210,falla_engranaje,0.8000000000
1.0080000000,-0.0019315950,-0.3482344699,falla_engranaje,0.8000000000
1.0085000000,-0.0020740352,-0.3401540786,falla_engranaje,0.8000000000
1.0090000000,-0.0019227065,-0.3493258692,falla_engranaje,0.8000000000
1.0095000000,-0.0019315787,-0.3382043727,falla_engranaje,0.8000000000
1.0100000000,-0.0019970497,-0.3261833329,falla_engranaje,0.8000000000
1.0105000000,-0.0019736261,-0.3611360156,falla_engranaje,0.8000000000
1.0110000000,-0.0019876152,-0.3365097697,falla_engranaje,0.8000000000
1.0115000000,-0.0017797303,-0.3588904696,falla_engranaje,0.8000000000
1.0120000000,-0.0019505828,-0.3423771870,falla_engranaje,0.8000000000
1.0125000000,-0.0018761753,-0.3485188104,falla_engranaje,0.8000000000
1.0130000000,-0.0018043824,-0.3541222386,falla_engranaje,0.8000000000
1.0135000000,-0.0018314804,-0.3517718070,falla_engranaje,0.8000000000
1.0140000000,-0.0017389535,-0.3393707958,falla_engranaje,0.8000000000
1.0145000000,-0.0018065794,-0.3347130028,falla_engranaje,0.8000000000
1.0150000000,-0.0019201566,-0.3560884029,falla_engranaje,0.8000000000
1.0155000000,-0.0016000712,-0.3593689550,falla_engranaje,0.8000000000
1.0160000000,-0.0016865981,-0.3518740589,falla_engranaje,0.8000000000
1.0165000000,-0.0017214025,-0.3553258909,falla_engranaje,0.8000000000
1.0170000000,-0.0016881098,-0.3447344932,falla_engranaje,0.8000000000
1.0175000000,-0.0016518199,-0.3538408263,falla_engranaje,0.8000000000
1.0180000000,-0.0016572434,-0.3461391713,falla_engranaje,0.8000000000
1.0185000000,-0.0016096028,-0.3440636817,falla_engranaje,0.8000000000
1.0190000000,-0.0016746522,-0.3445229133,falla_engranaje,0.8000000000
1.0195000000,-0.0016844168,-0.3365195144,falla_engranaje,0.8000000000
1.0200000000,-0.0016044087,-0.3482080542,falla_engranaje,0.8000000000
1.0205000000,-0.0016593426,-0.3444097358,falla_engranaje,0.8000000000
1.0210000000,-0.0015900631,-0.3618458984,falla_engranaje,0.8000000000
1.0215000000,-0.0015268085,-0.3473989678,falla_engranaje,0.8000000000
1.0220000000,-0.0015112257,-0.3515560095,falla_engranaje,0.8000000000
1.0225000000,-0.0014027351,-0.3535101462,falla_engranaje,0.8000000000
1.0230000000,-0.0015656550,-0.3663125000,falla_engranaje,0.8000000000
1.0235000000,-0.0014050417,-0.3605873989,falla_engranaje,0.8000000000
1.0240000000,-0.0014724702,-0.3513342055,falla_engranaje,0.8000000000
1.0245000000,-0.0014279138,-0.3429368514,falla_engranaje,0.8000000000
1.0250000000,-0.0014223804,-0.3641268868,falla_engranaje,0.8000000000
1.0255000000,-0.0014094487,-0.3547185239,falla_engranaje,0.8000000000
1.0260000000,-0.0013226898,-0.3580514272,falla_engranaje,0.8000000000
1.0265000000,-0.0013652907,-0.3520085950,falla_engranaje,0.8000000000
1.0270000000,-0.0013770485,-0.3525865658,falla_engranaje,0.8000000000
1.0275000000,-0.0012761871,-0.3450998232,falla_engranaje,0.8000000000
1.0280000000,-0.0012709979,-0.3774163716,falla_engranaje,0.8000000000
1.0285000000,-0.0013754460,-0.3564227079,falla_engranaje,0.8000000000
1.0290000000,-0.0011377491,-0.3409422240,falla_engranaje,0.8000000000
1.0295000000,-0.0013305671,-0.3582978230,falla_engranaje,0.8000000000
1.0300000000,-0.0012207751,-0.3589444828,falla_engranaje,0.8000000000
1.0305000000,-0.0012254005,-0.3528472811,falla_engranaje,0.8000000000
1.0310000000,-0.0011682015,-0.3539836697,falla_engranaje,0.8000000000
1.0315000000,-0.0012164305,-0.3604912853,falla_engranaje,0.8000000000
1.0320000000,-0.0010815075,-0.3308597545,falla_engranaje,0.8000000000
1.0325000000,-0.0010357940,-0.3525758697,falla_engranaje,0.8000000000
1.0330000000,-0.0012355867,-0.3480460391,falla_engranaje,0.8000000000
1.0335000000,-0.0010848335,-0.3427771456,falla_engranaje,0.8000000000
1.0340000000,-0.0009190448,-0.3673147904,falla_engranaje,0.8000000000
1.0345000000,-0.0010110492,-0.3564721915,falla_engranaje,0.8000000000
1.0350000000,-0.0010761542,-0.3695989575,falla_engranaje,0.8000000000
1.0355000000,-0.0010033871,-0.3494148439,falla_engranaje,0.8000000000
1.0360000000,-0.0009342121,-0.3650013587,falla_engranaje,0.8000000000
1.0365000000,-0.0010941521,-0.3542590002,falla_engranaje,0.8000000000
1.0370000000,-0.0008666782,-0.3607174825,falla_engranaje,0.8000000000
1.0375000000,-0.0009282051,-0.3647820878,falla_engranaje,0.8000000000
1.0380000000,-0.0009205253,-0.3581008490,falla_engranaje,0.8000000000
1.0385000000,-0.0009306529,-0.3476556079,falla_engranaje,0.8000000000
1.0390000000,-0.0009024109,-0.3510163702,falla_engranaje,0.8000000000
1.0395000000,-0.0008674600,-0.3716157993,falla_engranaje,0.8000000000
1.0400000000,-0.0008211308,-0.3816057022,falla_engranaje,0.8000000000
1.0405000000,-0.0007936259,-0.3572387620,falla_engranaje,0.8000000000
1.0410000000,-0.0008867840,-0.3645892755,falla_engranaje,0.8000000000
1.0415000000,-0.0007308428,-0.3695988363,falla_engranaje,0.8000000000
1.0420000000,-0.0008413012,-0.3511800827,falla_engranaje,0.8000000000
1.0425000000,-0.0006972140,-0.3723357547,falla_engranaje,0.8000000000
1.0430000000,-0.0007905828,-0.3574432091,falla_engranaje,0.8000000000
1.0435000000,-0.0008173052,-0.3656000960,falla_engranaje,0.8000000000
1.0440000000,-0.0007188429,-0.3584398274,falla_engranaje,0.8000000000
1.0445000000,-0.0006410456,-0.3868047751,falla_engranaje,0.8000000000
1.0450000000,-0.0008041447,-0.3660339011,falla_engranaje,0.8000000000
1.0455000000,-0.0007199884,-0.3495610143,falla_engranaje,0.8000000000
1.0460000000,-0.0007566583,-0.3779749021,falla_engranaje,0.8000000000
1.0465000000,-0.0006359419,-0.3627939280,falla_engranaje,0.8000000000
1.0470000000,-0.0006596197,-0.3617302929,falla_engranaje,0.8000000000
1.0475000000,-0.0006405236,-0.3600612303,falla_engranaje,0.8000000000
1.0480000000,-0.0005470769,-0.3826430254,falla_engranaje,0.8000000000
1.0485000000,-0.0005937412,-0.3763087151,falla_engranaje,0.8000000000
1.0490000000,-0.0007347474,-0.3616086026,falla_engranaje,0.8000000000
1.0495000000,-0.0005182985,-0.3595365117,falla_engranaje,0.8000000000
1.0500000000,-0.0005318738,-0.3633000331,falla_engranaje,0.8000000000
1.0505000000,-0.0004724451,-0.3612080371,falla_engranaje,0.8000000000
1.0510000000,-0.0004567042,-0.3649301744,falla_engranaje,0.8000000000
1.0515000000,-0.0004901608,-0.3601411572,falla_engranaje,0.8000000000
1.0520000000,-0.0003854791,-0.3622958184,falla_engranaje,0.8000000000
1.0525000000,-0.0004060077,-0.3743792610,falla_engranaje,0.8000000000
1.0530000000,-0.0003753525,-0.3761938858,falla_engranaje,0.8000000000
1.0535000000,-0.0005045089,-0.3668235978,falla_engranaje,0.8000000000
1.0540000000,-0.0004253324,-0.3607099427,falla_engranaje,0.8000000000
1.0545000000,-0.0004315150,-0.3615330213,falla_engranaje,0.8000000000
1.0550000000,-0.0004036946,-0.3978832641,falla_engranaje,0.8000000000
1.0555000000,-0.0004461502,-0.3806318299,falla_engranaje,0.8000000000
1.0560000000,-0.0004531814,-0.3575943554,falla_engranaje,0.8000000000
1.0565000000,-0.0003723467,-0.3659976836,falla_engranaje,0.8000000000
1.0570000000,-0.0003190563,-0.3711542742,falla_engranaje,0.8000000000
1.0575000000,-0.0002908859,-0.3881186529,falla_engranaje,0.8000000000
1.0580000000,-0.0003694109,-0.3591993861,falla_engranaje,0.8000000000
1.0585000000,-0.0002382624,-0.3693848607,falla_engranaje,0.8000000000
1.0590000000,-0.0002936709,-0.3679262218,falla_engranaje,0.8000000000
1.0595000000,-0.0003028814,-0.3764616363,falla_engranaje,0.8000000000
1.0600000000,-0.0001836913,-0.3692050042,falla_engranaje,0.8000000000
1.0605000000,-0.0001891862,-0.3712904404,falla_engranaje,0.8000000000
1.0610000000,-0.0001183549,-0.3842005986,falla_engranaje,0.8000000000
1.0615000000,-0.0002681111,-0.3621143195,falla_engranaje,0.8000000000
1.0620000000,-0.0000909114,-0.3918566540,falla_engranaje,0.8000000000
1.0625000000,-0.0002256229,-0.3759629872,falla_engranaje,0.8000000000
1.0630000000,-0.0001746794,-0.3466948484,falla_engranaje,0.8000000000
1.0635000000,-0.0001588635,-0.3746768858,falla_engranaje,0.8000000000
1.0640000000,-0.0001605888,-0.3611944927,falla_engranaje,0.8000000000
1.0645000000,-0.0001348036,-0.3752849082,falla_engranaje,0.8000000000
1.0650000000,-0.0001608669,-0.3721399435,falla_engranaje,0.8000000000
1.0655000000,0.0000153923,-0.3739910816,falla_engranaje,0.8000000000
1.0660000000,-0.0001274233,-0.3605268431,falla_engranaje,0.8000000000
1.0665000000,-0.0001547172,-0.3835138493,falla_engranaje,0.8000000000
1.0670000000,-0.0000793346,-0.3632674839,falla_engranaje,0.8000000000
1.0675000000,0.0000261088,-0.3757996372,falla_engranaje,0.8000000000
1.0680000000,0.0000393423,-0.3740882282,falla_engranaje,0.8000000000
1.0685000000,-0.0000078042,-0.3645617077,falla_engranaje,0.8000000000
1.0690000000,0.0000450768,-0.3789350478,falla_engranaje,0.8000000000
1.0695000000,-0.0000697610,-0.3555825087,falla_engranaje,0.8000000000
1.0700000000,0.0000986126,-0.3586827628,falla_engranaje,0.8000000000
1.0705000000,0.0000678420,-0.3645695955,falla_engranaje,0.8000000000
1.0710000000,0.0001225320,-0.3603740235,falla_engranaje,0.8000000000
1.0715000000,0.0000211617,-0.3613761064,falla_engranaje,0.8000000000
1.0720000000,0.0000149325,-0.3480819716,falla_engranaje,0.8000000000
1.0725000000,0.0000538581,-0.3730104152,falla_engranaje,0.8000000000
1.0730000000,0.0000687599,-0.3657437360,falla_engranaje,0.8000000000
1.0735000000,0.0001413999,-0.3658396646,falla_engranaje,0.8000000000
1.0740000000,0.0000366302,-0.3646875193,falla_engranaje,0.8000000000
1.0745000000,0.0001548488,-0.3692417936,falla_engranaje,0.8000000000
1.0750000000,0.0001099294,-0.3812865410,falla_engranaje,0.8000000000
1.0755000000,0.0000924717,-0.3821553851,falla_engranaje,0.8000000000
1.0760000000,0.0002575258,-0.3738460375,falla_engranaje,0.8000000000
1.0765000000,0.0001194476,-0.3665845304,falla_engranaje,0.8000000000
1.0770000000,0.0001232422,-0.3973543802,falla_engranaje,0.8000000000
1.0775000000,0.0002640057,-0.3838350526,falla_engranaje,0.8000000000
1.0780000000,0.0001709701,-0.3740178704,falla_engranaje,0.8000000000
1.0785000000,0.0003277425,-0.3714506408,falla_engranaje,0.8000000000
1.0790000000,0.0001845368,-0.3713430989,falla_engranaje,0.8000000000
1.0795000000,0.0003078464,-0.3831224184,falla_engranaje,0.8000000000
1.0800000000,0.0003311406,-0.3911400969,falla_engranaje,0.8000000000
1.0805000000,0.0002444828,-0.3557485631,falla_engranaje,0.8000000000
1.0810000000,0.0002533731,-0.3607908292,falla_engranaje,0.8000000000
1.0815000000,0.0002813164,-0.3778114701,falla_engranaje,0.8000000000
1.0820000000,0.0002998430,-0.3868354977,falla_engranaje,0.8000000000
1.0825000000,0.0003619476,-0.3678327646,falla_engranaje,0.8000000000
1.0830000000,0.0002675201,-0.3725054826,falla_engranaje,0.8000000000
1.0835000000,0.0003140924,-0.3743406242,falla_engranaje,0.8000000000
1.0840000000,0.0001140741,-0.3739480361,falla_engranaje,0.8000000000
1.0845000000,0.0003618320,-0.3604529900,falla_engranaje,0.8000000000
1.0850000000,0.0003064557,-0.3884590523,falla_engranaje,0.8000000000
1.0855000000,0.0004197064,-0.3863554250,falla_engranaje,0.8000000000
1.0860000000,0.0004388637,-0.3762890223,falla_engranaje,0.8000000000
1.0865000000,0.0003319008,-0.3925323290,falla_engranaje,0.8000000000
1.0870000000,0.0003882258,-0.4057302803,falla_engranaje,0.8000000000
1.0875000000,0.0003179505,-0.3810422038,falla_engranaje,0.8000000000
1.0880000000,0.0003687333,-0.3738237766,falla_engranaje,0.8000000000
1.0885000000,0.0004541692,-0.3846159255,falla_engranaje,0.8000000000
1.0890000000,0.0005086201,-0.3833260752,falla_engranaje,0.8000000000
1.0895000000,0.0004146390,-0.3784332908,falla_engranaje,0.8000000000
1.0900000000,0.0003702040,-0.3819941021,falla_engranaje,0.8000000000
1.0905000000,0.0003932650,-0.3708874342,falla_engranaje,0.8000000000
1.0910000000,0.0005024770,-0.3727549077,falla_engranaje,0.8000000000
1.0915000000,0.0003548839,-0.3890893145,falla_engranaje,0.8000000000
1.0920000000,0.0005017276,-0.3858194528,falla_engranaje,0.8000000000
1.0925000000,0.0005311964,-0.3861660351,falla_engranaje,0.8000000000
1.0930000000,0.0004557072,-0.4078980816,falla_engranaje,0.8000000000
1.0935000000,0.0005059254,-0.3775305868,falla_engranaje,0.8000000000
1.0940000000,0.0004601975,-0.3840853574,falla_engranaje,0.8000000000
1.0945000000,0.0005772409,-0.3861800384,falla_engranaje,0.8000000000
1.0950000000,0.0005129072,-0.3813124582,falla_engranaje,0.8000000000
1.0955000000,0.0005840558,-0.3821436053,falla_engranaje,0.8000000000
1.0960000000,0.0004339019,-0.4076937328,falla_engranaje,0.8000000000
1.0965000000,0.0004840387,-0.3766365357,falla_engranaje,0.8000000000
1.0970000000,0.0005045129,-0.3889085672,falla_engranaje,0.8000000000
1.0975000000,0.0005005851,-0.3896403700,falla_engranaje,0.8000000000
1.0980000000,0.0004769464,-0.3768481266,falla_engranaje,0.8000000000
1.0985000000,0.0006039935,-0.3993692139,falla_engranaje,0.8000000000
1.0990000000,0.0006432709,-0.3868834272,falla_engranaje,0.8000000000
1.0995000000,0.0004944908,-0.3648720679,falla_engranaje,0.8000000000
1.1000000000,0.0004775830,-0.3753645433,falla_engranaje,0.8000000000
1.1005000000,0.0006075361,-0.3831164648,falla_engranaje,0.8000000000
1.1010000000,0.0005688312,-0.3930425805,falla_engranaje,0.8000000000
1.1015000000,0.0004701681,-0.3833069832,falla_engranaje,0.8000000000
1.1020000000,0.0006094507,-0.3949687771,falla_engranaje,0.8000000000
1.1025000000,0.0005894260,-0.3993279873,falla_engranaje,0.8000000000
1.1030000000,0.0005667349,-0.3912712741,falla_engranaje,0.8000000000
1.1035000000,0.0007794715,-0.3867737058,falla_engranaje,0.8000000000
1.1040000000,0.0006046788,-0.3940070218,falla_engranaje,0.8000000000
1.1045000000,0.0005649546,-0.3741742719,falla_engranaje,0.8000000000
1.1050000000,0.0006160302,-0.3793782800,falla_engranaje,0.8000000000
1.1055000000,0.0006611707,-0.3916044368,falla_engranaje,0.8000000000
1.1060000000,0.0007185967,-0.4026473638,falla_engranaje,0.8000000000
1.1065000000,0.0005670420,-0.4029944049,falla_engranaje,0.8000000000
1.1070000000,0.0006824999,-0.3955080550,falla_engranaje,0.8000000000
1.1075000000,0.0004506935,-0.4099159769,falla_engranaje,0.8000000000
1.1080000000,0.0005605977,-0.3905189145,falla_engranaje,0.8000000000
1.1085000000,0.0006909005,-0.3908845097,falla_engranaje,0.8000000000
1.1090000000,0.0007050751,-0.3943799592,falla_engranaje,0.8000000000
1.1095000000,0.0006929207,-0.3855527223,falla_engranaje,0.8000000000
1.1100000000,0.0006145889,-0.3887060732,falla_engranaje,0.8000000000
1.1105000000,0.0007138856,-0.3898555692,falla_engranaje,0.8000000000
1.1110000000,0.0007198947,-0.3783800789,falla_engranaje,0.8000000000
1.1115000000,0.0005650542,-0.3760564735,falla_engranaje,0.8000000000
1.1120000000,0.0006956546,-0.3873111554,falla_engranaje,0.8000000000
1.1125000000,0.0006917040,-0.4033962559,falla_engranaje,0.8000000000
1.1130000000,0.0006489362,-0.4072331940,falla_engranaje,0.8000000000
1.1135000000,0.0006608335,-0.3851913936,falla_engranaje,0.8000000000
1.1140000000,0.0005795855,-0.3955311931,falla_engranaje,0.8000000000
1.1145000000,0.0006153743,-0.4044960224,falla_engranaje,0.8000000000
1.1150000000,0.0007455481,-0.3998500748,falla_engranaje,0.8000000000
1.1155000000,0.0006613521,-0.3928981355,falla_engranaje,0.8000000000
1.1160000000,0.0007367663,-0.3944912020,falla_engranaje,0.8000000000
1.1165000000,0.0006076318,-0.3931219041,falla_engranaje,0.8000000000
1.1170000000,0.0007560554,-0.3740457940,falla_engranaje,0.8000000000
1.1175000000,0.0006229996,-0.3888380594,falla_engranaje,0.8000000000
1.1180000000,0.0006374114,-0.4051608592,falla_engranaje,0.8000000000
1.1185000000,0.0006350301,-0.3893334109,falla_engranaje,0.8000000000
1.1190000000,0.0005695970,-0.4021179828,falla_engranaje,0.8000000000
1.1195000000,0.0005760181,-0.4100064167,falla_engranaje,0.8000000000
1.1200000000,0.0005701553,-0.3968506447,falla_engranaje,0.8000000000
1.1205000000,0.0005485370,-0.3980311873,falla_engranaje,0.8000000000
1.1210000000,0.0007029411,-0.4136214096,falla_engranaje,0.8000000000
1.1215000000,0.0006616277,-0.3950799588,falla_engranaje,0.8000000000
1.1220000000,0.0006143266,-0.3977101768,falla_engranaje,0.8000000000
1.1225000000,0.0006399704,-0.4042585550,falla_engranaje,0.8000000000
1.1230000000,0.0006731972,-0.3925268863,falla_engranaje,0.8000000000
1.1235000000,0.0006808208,-0.4233969214,falla_engranaje,0.8000000000
1.1240000000,0.0006924752,-0.4073702724,falla_engranaje,0.8000000000
1.1245000000,0.0006698267,-0.4015554561,falla_engranaje,0.8000000000
1.1250000000,0.0006936616,-0.3859221467,falla_engranaje,0.8000000000
1.1255000000,0.0006516047,-0.4033400286,falla_engranaje,0.8000000000
1.1260000000,0.0006806214,-0.4173844422,falla_engranaje,0.8000000000
1.1265000000,0.0007417112,-0.4025567763,falla_engranaje,0.8000000000
1.1270000000,0.0005682331,-0.4060823683,falla_engranaje,0.8000000000
1.1275000000,0.0005048043,-0.3844477876,falla_engranaje,0.8000000000
1.1280000000,0.0007411234,-0.3868647591,falla_engranaje,0.8000000000
1.1285000000,0.0006272552,-0.3794291804,falla_engranaje,0.8000000000
1.1290000000,0.0006880163,-0.4045426367,falla_engranaje,0.8000000000
1.1295000000,0.0007690907,-0.4106763379,falla_engranaje,0.8000000000
1.1300000000,0.0006211337,-0.4034515801,falla_engranaje,0.8000000000
1.1305000000,0.0006716693,-0.3995206103,falla_engranaje,0.8000000000
1.1310000000,0.0005879912,-0.4016220615,falla_engranaje,0.8000000000
1.1315000000,0.0005485172,-0.4046108799,falla_engranaje,0.8000000000
1.1320000000,0.0006247365,-0.3843451970,falla_engranaje,0.8000000000
1.1325000000,0.0008202515,-0.3963592557,falla_engranaje,0.8000000000
1.1330000000,0.0005556139,-0.3876730205,falla_engranaje,0.8000000000
1.1335000000,0.0005780824,-0.4119364733,falla_engranaje,0.8000000000
1.1340000000,0.0005133853,-0.3882438856,falla_engranaje,0.8000000000
1.1345000000,0.0006991330,-0.4198645809,falla_engranaje,0.8000000000
1.1350000000,0.0004919195,-0.4070135108,falla_engranaje,0.8000000000
1.1355000000,0.0004720324,-0.4181579541,falla_engranaje,0.8000000000
1.1360000000,0.0005960595,-0.3985398016,falla_engranaje,0.8000000000
1.1365000000,0.0004704033,-0.4212025913,falla_engranaje,0.8000000000
1.1370000000,0.0006014794,-0.4063503902,falla_engranaje,0.8000000000
1.1375000000,0.0004430462,-0.4068973002,falla_engranaje,0.8000000000
1.1380000000,0.0004956221,-0.4038276544,falla_engranaje,0.8000000000
1.1385000000,0.0005429625,-0.4103862543,falla_engranaje,0.8000000000
1.1390000000,0.0005199387,-0.4151897680,falla_engranaje,0.8000000000
1.1395000000,0.0004570665,-0.3978006922,falla_engranaje,0.8000000000
1.1400000000,0.0005522757,-0.4132558700,falla_engranaje,0.8000000000
1.1405000000,0.0005720984,-0.4237031910,falla_engranaje,0.8000000000
1.1410000000,0.0005585976,-0.4195565839,falla_engranaje,0.8000000000
1.1415000000,0.0005367925,-0.4057862177,falla_engranaje,0.8000000000
1.1420000000,0.0005149640,-0.4102338211,falla_engranaje,0.8000000000
1.1425000000,0.0003617754,-0.4106898652,falla_engranaje,0.8000000000
1.1430000000,0.0005003771,-0.4122321421,falla_engranaje,0.8000000000
1.1435000000,0.0004807367,-0.4210028976,falla_engranaje,0.8000000000
1.1440000000,0.0004101940,-0.4069300279,falla_engranaje,0.8000000000
1.1445000000,0.0005731812,-0.4169271555,falla_engranaje,0.8000000000
1.1450000000,0.0004412291,-0.4145285794,falla_engranaje,0.8000000000
1.1455000000,0.0003620635,-0.4102149654,falla_engranaje,0.8000000000
1.1460000000,0.0003885706,-0.4243425894,falla_engranaje,0.8000000000
1.1465000000,0.0005173213,-0.4208133059,falla_engranaje,0.8000000000
1.1470000000,0.0003939315,-0.4108791883,falla_engranaje,0.8000000000
1.1475000000,0.0004669966,-0.4113369466,falla_engranaje,0.8000000000
1.1480000000,0.0003985224,-0.4228843343,falla_engranaje,0.8000000000
1.1485000000,0.0003759280,-0.4003496129,falla_engranaje,0.8000000000
1.1490000000,0.0003402712,-0.4033185361,falla_engranaje,0.8000000000
1.1495000000,0.0004293062,-0.4070085301,falla_engranaje,0.8000000000
1.1500000000,0.0004054368,-0.4155800972,falla_engranaje,0.8000000000
1.1505000000,0.0003027909,-0.3976820823,falla_engranaje,0.8000000000
1.1510000000,0.0004206368,-0.4196311269,falla_engranaje,0.8000000000
1.1515000000,0.0002508622,-0.4215912649,falla_engranaje,0.8000000000
1.1520000000,0.0004649765,-0.4083815736,falla_engranaje,0.8000000000
1.1525000000,0.0002267180,-0.4144654021,falla_engranaje,0.8000000000
1.1530000000,0.0002239642,-0.4104082813,falla_engranaje,0.8000000000
1.1535000000,0.0002205483,-0.4093813366,falla_engranaje,0.8000000000
1.1540000000,0.0002658317,-0.4215874181,falla_engranaje,0.8000000000
1.1545000000,0.0001753596,-0.3999453551,falla_engranaje,0.8000000000
1.1550000000,0.0002745493,-0.3977272019,falla_engranaje,0.8000000000
1.1555000000,0.0002834684,-0.4309677525,falla_engranaje,0.8000000000
1.1560000000,0.0002418133,-0.4065686272,falla_engranaje,0.8000000000
1.1565000000,0.0003121541,-0.4170338937,falla_engranaje,0.8000000000
1.1570000000,0.0003018366,-0.4219324249,falla_engranaje,0.8000000000
1.1575000000,0.0001080863,-0.4142082031,falla_engranaje,0.8000000000
1.1580000000,0.0002525224,-0.4267229731,falla_engranaje,0.8000000000
1.1585000000,0.0003098323,-0.4314628644,falla_engranaje,0.8000000000
1.1590000000,0.0002760157,-0.4153252180,falla_engranaje,0.8000000000
1.1595000000,0.0001560433,-0.4169136292,falla_engranaje,0.8000000000
1.1600000000,0.0001077772,-0.4161601404,falla_engranaje,0.8000000000
1.1605000000,0.0001894188,-0.4292347778,falla_engranaje,0.8000000000
1.1610000000,0.0001736989,-0.4217017486,falla_engranaje,0.8000000000
1.1615000000,0.0001333714,-0.4354387017,falla_engranaje,0.8000000000
1.1620000000,0.0002126342,-0.4162025812,falla_engranaje,0.8000000000
1.1625000000,0.0000962190,-0.4218978302,falla_engranaje,0.8000000000
1.1630000000,0.0001550068,-0.4101203020,falla_engranaje,0.8000000000
1.1635000000,0.0003248827,-0.4277088668,falla_engranaje,0.8000000000
1.1640000000,0.0001814749,-0.4138797814,falla_engranaje,0.8000000000
1.1645000000,0.0001779997,-0.4237994245,falla_engranaje,0.8000000000
1.1650000000,0.0000376766,-0.4417896247,falla_engranaje,0.8000000000
1.1655000000,0.0001072251,-0.4211867566,falla_engranaje,0.8000000000
1.1660000000,0.0000286176,-0.4357876622,falla_engranaje,0.8000000000
1.1665000000,-0.0000065724,-0.4264114700,falla_engranaje,0.8000000000
1.1670000000,0.0001298314,-0.4288200829,falla_engranaje,0.8000000000
1.1675000000,0.0000635691,-0.4251883036,falla_engranaje,0.8000000000
1.1680000000,0.0000658387,-0.4000110936,falla_engranaje,0.8000000000
1.1685000000,-0.0000043540,-0.4096779890,falla_engranaje,0.8000000000
1.1690000000,-0.0000204073,-0.4324338278,falla_engranaje,0.8000000000
1.1695000000,0.0000168702,-0.4333975657,falla_engranaje,0.8000000000
1.1700000000,-0.0000228616,-0.4267055519,falla_engranaje,0.8000000000
1.1705000000,-0.0001615143,-0.4291609450,falla_engranaje,0.8000000000
1.1710000000,-0.0000574394,-0.4361633272,falla_engranaje,0.8000000000
1.1715000000,-0.0001466042,-0.4360735826,falla_engranaje,0.8000000000
1.1720000000,-0.0002271096,-0.4316370019,falla_engranaje,0.8000000000
1.1725000000,-0.0001386122,-0.4264742633,falla_engranaje,0.8000000000
1.1730000000,-0.0001824826,-0.4370941622,falla_engranaje,0.8000000000
1.1735000000,-0.0000691162,-0.4180755205,falla_engranaje,0.8000000000
1.1740000000,-0.0001700150,-0.4134875641,falla_engranaje,0.8000000000
1.1745000000,-0.0001586485,-0.4198509941,falla_engranaje,0.8000000000
1.1750000000,-0.0001855428,-0.4105666066,falla_engranaje,0.8000000000
1.1755000000,-0.0002449340,-0.4388668523,falla_engranaje,0.8000000000
1.1760000000,-0.0000256493,-0.4490208877,falla_engranaje,0.8000000000
1.1765000000,-0.0003569408,-0.4179945415,falla_engranaje,0.8000000000
1.1770000000,-0.0000899712,-0.4158638342,falla_engranaje,0.8000000000
1.1775000000,-0.0002160329,-0.4480470547,falla_engranaje,0.8000000000
1.1780000000,-0.0003009736,-0.4408143800,falla_engranaje,0.8000000000
1.1785000000,-0.0001724587,-0.4391847894,falla_engranaje,0.8000000000
1.1790000000,-0.0002870449,-0.4429902542,falla_engranaje,0.8000000000
1.1795000000,-0.0001945047,-0.4342692194,falla_engranaje,0.8000000000
1.1800000000,-0.0001986871,-0.4388108627,falla_engranaje,0.8000000000
1.1805000000,-0.0003030225,-0.4450938492,falla_engranaje,0.8000000000
1.1810000000,-0.0003927844,-0.4380218565,falla_engranaje,0.8000000000
1.1815000000,-0.0004293126,-0.4476768953,falla_engranaje,0.8000000000
1.1820000000,-0.0003636655,-0.4369050908,falla_engranaje,0.8000000000
1.1825000000,-0.0003117169,-0.4349869156,falla_engranaje,0.8000000000
1.1830000000,-0.0003892730,-0.4357232459,falla_engranaje,0.8000000000
1.1835000000,-0.0003973641,-0.4455306516,falla_engranaje,0.8000000000
1.1840000000,-0.0003923740,-0.4318800803,falla_engranaje,0.8000000000
1.1845000000,-0.0004914546,-0.4276109461,falla_engranaje,0.8000000000
1.1850000000,-0.0004116609,-0.4486188462,falla_engranaje,0.8000000000
1.1855000000,-0.0003625664,-0.4400416592,falla_engranaje,0.8000000000
1.1860000000,-0.0004250551,-0.4341113508,falla_engranaje,0.8000000000
1.1865000000,-0.0004876416,-0.4514503991,falla_engranaje,0.8000000000
1.1870000000,-0.0004421980,-0.4396285522,falla_engranaje,0.8000000000
1.1875000000,-0.0004423290,-0.4557552005,falla_engranaje,0.8000000000
1.1880000000,-0.0005068589,-0.4431662482,falla_engranaje,0.8000000000
1.1885000000,-0.0004429337,-0.4323734755,falla_engranaje,0.8000000000
1.1890000000,-0.0005537319,-0.4462155511,falla_engranaje,0.8000000000
1.1895000000,-0.0005205834,-0.4439846724,falla_engranaje,0.8000000000
1.1900000000,-0.0006553541,-0.4349799856,falla_engranaje,0.8000000000
1.1905000000,-0.0006284757,-0.4318768877,falla_engranaje,0.8000000000
1.1910000000,-0.0006613364,-0.4453023029,falla_engranaje,0.8000000000
1.1915000000,-0.0006904141,-0.4566035654,falla_engranaje,0.8000000000
1.1920000000,-0.0006540823,-0.4579779329,falla_engranaje,0.8000000000
1.1925000000,-0.0007394422,-0.4432362890,falla_engranaje,0.8000000000
1.1930000000,-0.0007916369,-0.4576902561,falla_engranaje,0.8000000000
1.1935000000,-0.0006973390,-0.4666448838,falla_engranaje,0.8000000000
1.1940000000,-0.0008084332,-0.4633918137,falla_engranaje,0.8000000000
1.1945000000,-0.0006841690,-0.4745249118,falla_engranaje,0.8000000000
1.1950000000,-0.0008657343,-0.4528166585,falla_engranaje,0.8000000000
1.1955000000,-0.0007818385,-0.4562457284,falla_engranaje,0.8000000000
1.1960000000,-0.0009625838,-0.4485359251,falla_engranaje,0.8000000000
1.1965000000,-0.0008049176,-0.4644339867,falla_engranaje,0.8000000000
1.1970000000,-0.0008254234,-0.4717432757,falla_engranaje,0.8000000000
1.1975000000,-0.0009017542,-0.4476461042,falla_engranaje,0.8000000000
1.1980000000,-0.0010615066,-0.4561556255,falla_engranaje,0.8000000000
1.1985000000,-0.0009102261,-0.4635263969,falla_engranaje,0.8000000000
1.1990000000,-0.0008013991,-0.4633860743,falla_engranaje,0.8000000000
1.1995000000,-0.0008950145,-0.4458518079,falla_engranaje,0.8000000000
1.2000000000,-0.0009377297,-0.4649659369,falla_engranaje,0.8000000000
1.2005000000,-0.0008725179,-0.4455854998,falla_engranaje,0.8000000000
1.2010000000,-0.0010434265,-0.4412116895,falla_engranaje,0.8000000000
1.2015000000,-0.0010423277,-0.4553090391,falla_engranaje,0.8000000000
1.2020000000,-0.0010574807,-0.4692171298,falla_engranaje,0.8000000000
1.2025000000,-0.0009478778,-0.4524536842,falla_engranaje,0.8000000000
1.2030000000,-0.0010759381,-0.4666756045,falla_engranaje,0.8000000000
1.2035000000,-0.0011156168,-0.4687843080,falla_engranaje,0.8000000000
1.2040000000,-0.0011587190,-0.4692931898,falla_engranaje,0.8000000000
1.2045000000,-0.0010254922,-0.4610999239,falla_engranaje,0.8000000000
1.2050000000,-0.0011216975,-0.4560725046,falla_engranaje,0.8000000000
1.2055000000,-0.0011885033,-0.4548393546,falla_engranaje,0.8000000000
1.2060000000,-0.0010516184,-0.4700931509,falla_engranaje,0.8000000000
1.2065000000,-0.0013592215,-0.4726321586,falla_engranaje,0.8000000000
1.2070000000,-0.0012795304,-0.4728214361,falla_engranaje,0.8000000000
1.2075000000,-0.0012423746,-0.4780569684,falla_engranaje,0.8000000000
1.2080000000,-0.0012973786,-0.4577305241,falla_engranaje,0.8000000000
1.2085000000,-0.0012415851,-0.4596991489,falla_engranaje,0.8000000000
1.2090000000,-0.0013036015,-0.4727637322,falla_engranaje,0.8000000000
1.2095000000,-0.0012985605,-0.4714997378,falla_engranaje,0.8000000000
1.2100000000,-0.0013552394,-0.4693380591,falla_engranaje,0.8000000000
1.2105000000,-0.0013193095,-0.4823158847,falla_engranaje,0.8000000000
1.2110000000,-0.0012616176,-0.4764858318,falla_engranaje,0.8000000000
1.2115000000,-0.0012370998,-0.4794570660,falla_engranaje,0.8000000000
1.2120000000,-0.0013617795,-0.4623761940,falla_engranaje,0.8000000000
1.2125000000,-0.0013605847,-0.4782071698,falla_engranaje,0.8000000000
1.2130000000,-0.0013976925,-0.4720529304,falla_engranaje,0.8000000000
1.2135000000,-0.0015593737,-0.4785166588,falla_engranaje,0.8000000000
1.2140000000,-0.0014446282,-0.4790565900,falla_engranaje,0.8000000000
1.2145000000,-0.0014681404,-0.4769826997,falla_engranaje,0.8000000000
1.2150000000,-0.0014940014,-0.4654457912,falla_engranaje,0.8000000000
1.2155000000,-0.0016174636,-0.4731774675,falla_engranaje,0.8000000000
1.2160000000,-0.0015340069,-0.4911442697,falla_engranaje,0.8000000000
1.2165000000,-0.0014816811,-0.4745900205,falla_engranaje,0.8000000000
1.2170000000,-0.0015868083,-0.4739417337,falla_engranaje,0.8000000000
1.2175000000,-0.0015498413,-0.4661064432,falla_engranaje,0.8000000000
1.2180000000,-0.0015187712,-0.4716614895,falla_engranaje,0.8000000000
1.2185000000,-0.0016045436,-0.4954506400,falla_engranaje,0.8000000000
1.2190000000,-0.0017423149,-0.4687073297,falla_engranaje,0.8000000000
1.2195000000,-0.0016573375,-0.4653920758,falla_engranaje,0.8000000000
1.2200000000,-0.0016909419,-0.4733031960,falla_engranaje,0.8000000000
1.2205000000,-0.0016723310,-0.4813448727,falla_engranaje,0.8000000000
1.2210000000,-0.0016786895,-0.4833601357,falla_engranaje,0.8000000000
1.2215000000,-0.0017260228,-0.4929780197,falla_engranaje,0.8000000000
1.2220000000,-0.0016272780,-0.4759855354,falla_engranaje,0.8000000000
1.2225000000,-0.0017603850,-0.4769449373,falla_engranaje,0.8000000000
1.2230000000,-0.0017832735,-0.4892594146,falla_engranaje,0.8000000000
1.2235000000,-0.0018241716,-0.4819123068,falla_engranaje,0.8000000000
1.2240000000,-0.0018083368,-0.4893494190,falla_engranaje,0.8000000000
1.2245000000,-0.0017237763,-0.4612600468,falla_engranaje,0.8000000000
1.2250000000,-0.0017100675,-0.4905197289,falla_engranaje,0.8000000000
1.2255000000,-0.0018554692,-0.5007762789,falla_engranaje,0.8000000000
1.2260000000,-0.0018029687,-0.4852728432,falla_engranaje,0.8000000000
1.2265000000,-0.0018296350,-0.4822457997,falla_engranaje,0.8000000000
1.2270000000,-0.0018488355,-0.4773714789,falla_engranaje,0.8000000000
1.2275000000,-0.0018440190,-0.5042432409,falla_engranaje,0.8000000000
1.2280000000,-0.0019191915,-0.4877633215,falla_engranaje,0.8000000000
1.2285000000,-0.0019009747,-0.4911291489,falla_engranaje,0.8000000000
1.2290000000,-0.0019531947,-0.4974781305,falla_engranaje,0.8000000000
1.2295000000,-0.0020660151,-0.4869195140,falla_engranaje,0.8000000000
1.2300000000,-0.0019189554,-0.5041276702,falla_engranaje,0.8000000000
1.2305000000,-0.0020640229,-0.4953656155,falla_engranaje,0.8000000000
1.2310000000,-0.0021688977,-0.4978463943,falla_engranaje,0.8000000000
1.2315000000,-0.0021908684,-0.4917547631,falla_engranaje,0.8000000000
1.2320000000,-0.0020306827,-0.5060301514,falla_engranaje,0.8000000000
1.2325000000,-0.0020542516,-0.5089948777,falla_engranaje,0.8000000000
1.2330000000,-0.0020914363,-0.4898474727,falla_engranaje,0.8000000000
1.2335000000,-0.0020593378,-0.4990035337,falla_engranaje,0.8000000000
1.2340000000,-0.0021960022,-0.5076810469,falla_engranaje,0.8000000000
1.2345000000,-0.0020631235,-0.4897355804,falla_engranaje,0.8000000000
1.2350000000,-0.0021543516,-0.4959175347,falla_engranaje,0.8000000000
1.2355000000,-0.0022052835,-0.5038068163,falla_engranaje,0.8000000000
1.2360000000,-0.0021231469,-0.4969473739,falla_engranaje,0.8000000000
1.2365000000,-0.0022002264,-0.4943017730,falla_engranaje,0.8000000000
1.2370000000,-0.0021192852,-0.5060157357,falla_engranaje,0.8000000000
1.2375000000,-0.0021837030,-0.5065603558,falla_engranaje,0.8000000000
1.2380000000,-0.0021439787,-0.4994919316,falla_engranaje,0.8000000000
1.2385000000,-0.0023372845,-0.4980875406,falla_engranaje,0.8000000000
1.2390000000,-0.0023260373,-0.4950121155,falla_engranaje,0.8000000000
1.2395000000,-0.0024127485,-0.5071937764,falla_engranaje,0.8000000000
1.2400000000,-0.0022273687,-0.5050667725,falla_engranaje,0.8000000000
1.2405000000,-0.0025108263,-0.4920142429,falla_engranaje,0.8000000000
1.2410000000,-0.0024479960,-0.4907447857,falla_engranaje,0.8000000000
1.2415000000,-0.0022716632,-0.4899184049,falla_engranaje,0.8000000000
1.2420000000,-0.0024096748,-0.4995254867,falla_engranaje,0.8000000000
1.2425000000,-0.0024360063,-0.5071213467,falla_engranaje,0.8000000000
1.2430000000,-0.0024170712,-0.5089741695,falla_engranaje,0.8000000000
1.2435000000,-0.0024883304,-0.4937483303,falla_engranaje,0.8000000000
1.2440000000,-0.0025504275,-0.5093150713,falla_engranaje,0.8000000000
1.2445000000,-0.0025830820,-0.4977952481,falla_engranaje,0.8000000000
1.2450000000,-0.0024947618,-0.5040619109,falla_engranaje,0.8000000000
1.2455000000,-0.0024467712,-0.5080063953,falla_engranaje,0.8000000000
1.2460000000,-0.0026324521,-0.5048739855,falla_engranaje,0.8000000000
1.2465000000,-0.0025599722,-0.5169204814,falla_engranaje,0.8000000000
1.2470000000,-0.0025514826,-0.5135167241,falla_engranaje,0.8000000000
1.2475000000,-0.0027042077,-0.5127644357,falla_engranaje,0.8000000000
1.2480000000,-0.0025746226,-0.5135091154,falla_engranaje,0.8000000000
1.2485000000,-0.0026480528,-0.5398197098,falla_engranaje,0.8000000000
1.2490000000,-0.0027572515,-0.5118254796,falla_engranaje,0.8000000000
1.2495000000,-0.0026250619,-0.5013088606,falla_engranaje,0.8000000000
1.2500000000,-0.0027503325,-0.5317072583,falla_engranaje,0.8000000000
1.2505000000,-0.0027168026,-0.5057846774,falla_engranaje,0.8000000000
1.2510000000,-0.0027478322,-0.5114266198,falla_engranaje,0.8000000000
1.2515000000,-0.0027412877,-0.5200103458,falla_engranaje,0.8000000000
1.2520000000,-0.0028027602,-0.5323980368,falla_engranaje,0.8000000000
1.2525000000,-0.0028340044,-0.5327106178,falla_engranaje,0.8000000000
1.2530000000,-0.0027630337,-0.5405163284,falla_engranaje,0.8000000000
1.2535000000,-0.0027730340,-0.5155055448,falla_engranaje,0.8000000000
1.2540000000,-0.0028406979,-0.5181577304,falla_engranaje,0.8000000000
1.2545000000,-0.0026763416,-0.5224463294,falla_engranaje,0.8000000000
1.2550000000,-0.0028930190,-0.5157494341,falla_engranaje,0.8000000000
1.2555000000,-0.0027811713,-0.5241120397,falla_engranaje,0.8000000000
1.2560000000,-0.0029578755,-0.5266775295,falla_engranaje,0.8000000000
1.2565000000,-0.0028267532,-0.5192191826,falla_engranaje,0.8000000000
1.2570000000,-0.0029521874,-0.5188216827,falla_engranaje,0.8000000000
1.2575000000,-0.0028412189,-0.5236872027,falla_engranaje,0.8000000000
1.2580000000,-0.0030079635,-0.5338146135,falla_engranaje,0.8000000000
1.2585000000,-0.0029494854,-0.5213528583,falla_engranaje,0.8000000000
1.2590000000,-0.0029406134,-0.5172796176,falla_engranaje,0.8000000000
1.2595000000,-0.0029569561,-0.5333376165,falla_engranaje,0.8000000000
1.2600000000,-0.0028955929,-0.5280152015,falla_engranaje,0.8000000000
1.2605000000,-0.0029368203,-0.5312877090,falla_engranaje,0.8000000000
1.2610000000,-0.0030186494,-0.5325533942,falla_engranaje,0.8000000000
1.2615000000,-0.0030178393,-0.5362755624,falla_engranaje,0.8000000000
1.2620000000,-0.0030009651,-0.5363211291,falla_engranaje,0.8000000000
1.2625000000,-0.0029794551,-0.5342904581,falla_engranaje,0.8000000000
1.2630000000,-0.0030547212,-0.5292756235,falla_engranaje,0.8000000000
1.2635000000,-0.0031784422,-0.5233979314,falla_engranaje,0.8000000000
1.2640000000,-0.0031517307,-0.5453144146,falla_engranaje,0.8000000000
1.2645000000,-0.0031617096,-0.5440432410,falla_engranaje,0.8000000000
1.2650000000,-0.0032020399,-0.5382558289,falla_engranaje,0.8000000000
1.2655000000,-0.0030922835,-0.5380359029,falla_engranaje,0.8000000000
1.2660000000,-0.0032768933,-0.5577960487,falla_engranaje,0.8000000000
1.2665000000,-0.0032826559,-0.5504241121,falla_engranaje,0.8000000000
1.2670000000,-0.0031991623,-0.5466520771,falla_engranaje,0.8000000000
1.2675000000,-0.0032092562,-0.5465305656,falla_engranaje,0.8000000000
1.2680000000,-0.0031952376,-0.5356847317,falla_engranaje,0.8000000000
1.2685000000,-0.0031693630,-0.5464372095,falla_engranaje,0.8000000000
1.2690000000,-0.0032761309,-0.5335681094,falla_engranaje,0.8000000000
1.2695000000,-0.0033544235,-0.5447423944,falla_engranaje,0.8000000000
1.2700000000,-0.0032595141,-0.5576577166,falla_engranaje,0.8000000000
1.2705000000,-0.0033867863,-0.5314070772,falla_engranaje,0.8000000000
1.2710000000,-0.0033784665,-0.5511352964,falla_engranaje,0.8000000000
1.2715000000,-0.0030978835,-0.5551619615,falla_engranaje,0.8000000000
1.2720000000,-0.0034200784,-0.5387479596,falla_engranaje,0.8000000000
1.2725000000,-0.0033505943,-0.5342082854,falla_engranaje,0.8000000000
1.2730000000,-0.0034111794,-0.5407550631,falla_engranaje,0.8000000000
1.2735000000,-0.0033243774,-0.5604108588,falla_engranaje,0.8000000000
1.2740000000,-0.0033567855,-0.5411380638,falla_engranaje,0.8000000000
1.2745000000,-0.0033342987,-0.5393329625,falla_engranaje,0.8000000000
1.2750000000,-0.0034377463,-0.5457673107,falla_engranaje,0.8000000000
1.2755000000,-0.0034304591,-0.5540866951,falla_engranaje,0.8000000000
1.2760000000,-0.0033957014,-0.5675277501,falla_engranaje,0.8000000000
1.2765000000,-0.0035357105,-0.5519283681,falla_engranaje,0.8000000000
1.2770000000,-0.0034822086,-0.5544228687,falla_engranaje,0.8000000000
1.2775000000,-0.0035330548,-0.5605645164,falla_engranaje,0.8000000000
1.2780000000,-0.0034901780,-0.5623221790,falla_engranaje,0.8000000000
1.2785000000,-0.0034546603,-0.5498422441,falla_engranaje,0.8000000000
1.2790000000,-0.0034595085,-0.5594832312,falla_engranaje,0.8000000000
1.2795000000,-0.0036097106,-0.5505622001,falla_engranaje,0.8000000000
1.2800000000,-0.0038015890,-0.5671706119,falla_engranaje,0.8000000000
1.2805000000,-0.0035080623,-0.5564562567,falla_engranaje,0.8000000000
1.2810000000,-0.0035578501,-0.5676450923,falla_engranaje,0.8000000000
1.2815000000,-0.0036307710,-0.5509730364,falla_engranaje,0.8000000000
1.2820000000,-0.0036112149,-0.5590889056,falla_engranaje,0.8000000000
1.2825000000,-0.0036743199,-0.5571567859,falla_engranaje,0.8000000000
1.2830000000,-0.0035786145,-0.5632068836,falla_engranaje,0.8000000000
1.2835000000,-0.0036501727,-0.5626639819,falla_engranaje,0.8000000000
1.2840000000,-0.0037398663,-0.5734481840,falla_engranaje,0.8000000000
1.2845000000,-0.0036705951,-0.5718351523,falla_engranaje,0.8000000000
1.2850000000,-0.0037273940,-0.5685743126,falla_engranaje,0.8000000000
1.2855000000,-0.0036373040,-0.5819405807,falla_engranaje,0.8000000000
1.2860000000,-0.0036501289,-0.5550132587,falla_engranaje,0.8000000000
1.2865000000,-0.0037133397,-0.5663899942,falla_engranaje,0.8000000000
1.2870000000,-0.0036818181,-0.5695441439,falla_engranaje,0.8000000000
1.2875000000,-0.0037730553,-0.5603764382,falla_engranaje,0.8000000000
1.2880000000,-0.0036729401,-0.5623164263,falla_engranaje,0.8000000000
1.2885000000,-0.0037562394,-0.5784402452,falla_engranaje,0.8000000000
1.2890000000,-0.0037863548,-0.5579698060,falla_engranaje,0.8000000000
1.2895000000,-0.0037912537,-0.5642908646,falla_engranaje,0.8000000000
1.2900000000,-0.0038282452,-0.5741889562,falla_engranaje,0.8000000000
1.2905000000,-0.0037813013,-0.5727760973,falla_engranaje,0.8000000000
1.2910000000,-0.0039185814,-0.5878207616,falla_engranaje,0.8000000000
1.2915000000,-0.0037742687,-0.5656405953,falla_engranaje,0.8000000000
1.2920000000,-0.0037928191,-0.5667817776,falla_engranaje,0.8000000000
1.2925000000,-0.0037319237,-0.5760987616,falla_engranaje,0.8000000000
1.2930000000,-0.0038579744,-0.5837100832,falla_engranaje,0.8000000000
1.2935000000,-0.0038276512,-0.5709266282,falla_engranaje,0.8000000000
1.2940000000,-0.0038033885,-0.5956260482,falla_engranaje,0.8000000000
1.2945000000,-0.0040157236,-0.5692026468,falla_engranaje,0.8000000000
1.2950000000,-0.0038385151,-0.5973598159,falla_engranaje,0.8000000000
1.2955000000,-0.0038652739,-0.5673144907,falla_engranaje,0.8000000000
1.2960000000,-0.0039641006,-0.5869215686,falla_engranaje,0.8000000000
1.2965000000,-0.0038961715,-0.5728242406,falla_engranaje,0.8000000000
1.2970000000,-0.0039728381,-0.5713047530,falla_engranaje,0.8000000000
1.2975000000,-0.0039189065,-0.5906471859,falla_engranaje,0.8000000000
1.2980000000,-0.0039440401,-0.5873885023,falla_engranaje,0.8000000000
1.2985000000,-0.0039652424,-0.5868474776,falla_engranaje,0.8000000000
1.2990000000,-0.0039396149,-0.5677224944,falla_engranaje,0.8000000000
1.2995000000,-0.0039003781,-0.5772508471,falla_engranaje,0.8000000000
1.3000000000,-0.0039239635,-0.5829466337,falla_engranaje,0.8000000000
1.3005000000,-0.0039882759,-0.5823191653,falla_engranaje,0.8000000000
1.3010000000,-0.0040176932,-0.5774038916,falla_engranaje,0.8000000000
1.3015000000,-0.0040050011,-0.5786411127,falla_engranaje,0.8000000000
1.3020000000,-0.0040019434,-0.5853443505,falla_engranaje,0.8000000000
1.3025000000,-0.0040214263,-0.5812342690,falla_engranaje,0.8000000000
1.3030000000,-0.0040917002,-0.5711923257,falla_engranaje,0.8000000000
1.3035000000,-0.0040964060,-0.5910104405,falla_engranaje,0.8000000000
1.3040000000,-0.0039648090,-0.6049595567,falla_engranaje,0.8000000000
1.3045000000,-0.0040782113,-0.5881034670,falla_engranaje,0.8000000000
1.3050000000,-0.0039814709,-0.5881590332,falla_engranaje,0.8000000000
1.3055000000,-0.0040191655,-0.6002999357,falla_engranaje,0.8000000000
1.3060000000,-0.0041237897,-0.6016459266,falla_engranaje,0.8000000000
1.3065000000,-0.0038769717,-0.5751143774,falla_engranaje,0.8000000000
1.3070000000,-0.0041312485,-0.5723598039,falla_engranaje,0.8000000000
1.3075000000,-0.0040118108,-0.5898417570,falla_engranaje,0.8000000000
1.3080000000,-0.0039964660,-0.5957504256,falla_engranaje,0.8000000000
1.3085000000,-0.0041256341,-0.5683719186,falla_engranaje,0.8000000000
1.3090000000,-0.0041865448,-0.5722248687,falla_engranaje,0.8000000000
1.3095000000,-0.0039939678,-0.6049577485,falla_engranaje,0.8000000000
1.3100000000,-0.0041965025,-0.5846331864,falla_engranaje,0.8000000000
1.3105000000,-0.0041091774,-0.5921676078,falla_engranaje,0.8000000000
1.3110000000,-0.0040611668,-0.6073857575,falla_engranaje,0.8000000000
1.3115000000,-0.0041654420,-0.6135299596,falla_engranaje,0.8000000000
1.3120000000,-0.0041497738,-0.5846754797,falla_engranaje,0.8000000000
1.3125000000,-0.0041979273,-0.6024400178,falla_engranaje,0.8000000000
1.3130000000,-0.0043351490,-0.5881282010,falla_engranaje,0.8000000000
1.3135000000,-0.0041336046,-0.5955743695,falla_engranaje,0.8000000000
1.3140000000,-0.0042211856,-0.5972641598,falla_engranaje,0.8000000000
1.3145000000,-0.0041924634,-0.6006241651,falla_engranaje,0.8000000000
1.3150000000,-0.0041477395,-0.6062236563,falla_engranaje,0.8000000000
1.3155000000,-0.0042126771,-0.5880394785,falla_engranaje,0.8000000000
1.3160000000,-0.0040911825,-0.6174037789,falla_engranaje,0.8000000000
1.3165000000,-0.0042189090,-0.5876818758,falla_engranaje,0.8000000000
1.3170000000,-0.0041220003,-0.6053952128,falla_engranaje,0.8000000000
1.3175000000,-0.0042274612,-0.6033174143,falla_engranaje,0.8000000000
1.3180000000,-0.0042269909,-0.5889351679,falla_engranaje,0.8000000000
1.3185000000,-0.0042801754,-0.5988139926,falla_engranaje,0.8000000000
1.3190000000,-0.0042317685,-0.6098427240,falla_engranaje,0.8000000000
1.3195000000,-0.0041886639,-0.5928514678,falla_engranaje,0.8000000000
1.3200000000,-0.0040467029,-0.6069466146,falla_engranaje,0.8000000000
1.3205000000,-0.0040953566,-0.6124424451,falla_engranaje,0.8000000000
1.3210000000,-0.0044230644,-0.6001926064,falla_engranaje,0.8000000000
1.3215000000,-0.0041614513,-0.5954077482,falla_engranaje,0.8000000000
1.3220000000,-0.0043335399,-0.6071812085,falla_engranaje,0.8000000000
1.3225000000,-0.0042684270,-0.6119372008,falla_engranaje,0.8000000000
1.3230000000,-0.0041824382,-0.5934234705,falla_engranaje,0.8000000000
1.3235000000,-0.0042196966,-0.6233756000,falla_engranaje,0.8000000000
1.3240000000,-0.0042536631,-0.6055135939,falla_engranaje,0.8000000000
1.3245000000,-0.0040938096,-0.6048655141,falla_engranaje,0.8000000000
1.3250000000,-0.0043109328,-0.6365640801,falla_engranaje,0.8000000000
1.3255000000,-0.0042386844,-0.6268338693,falla_engranaje,0.8000000000
1.3260000000,-0.0043506314,-0.6343709270,falla_engranaje,0.8000000000
1.3265000000,-0.0042567758,-0.6066487745,falla_engranaje,0.8000000000
1.3270000000,-0.0042462101,-0.6003921734,falla_engranaje,0.8000000000
1.3275000000,-0.0042309087,-0.6179338352,falla_engranaje,0.8000000000
1.3280000000,-0.0042334492,-0.6247507158,falla_engranaje,0.8000000000
1.3285000000,-0.0041811671,-0.6014236570,falla_engranaje,0.8000000000
1.3290000000,-0.0043028802,-0.6265672036,falla_engranaje,0.8000000000
1.3295000000,-0.0043985892,-0.6389920240,falla_engranaje,0.8000000000
1.3300000000,-0.0042798822,-0.6106494597,falla_engranaje,0.8000000000
1.3305000000,-0.0043228692,-0.6147315656,falla_engranaje,0.8000000000
1.3310000000,-0.0042113041,-0.6249066839,falla_engranaje,0.8000000000
1.3315000000,-0.0041430695,-0.6044801785,falla_engranaje,0.8000000000
1.3320000000,-0.0043196355,-0.6264918231,falla_engranaje,0.8000000000
1.3325000000,-0.0042339802,-0.6105759063,falla_engranaje,0.8000000000
1.3330000000,-0.0042816039,-0.6129321545,falla_engranaje,0.8000000000
1.3335000000,-0.0043293033,-0.6135277388,falla_engranaje,0.8000000000
1.3340000000,-0.0040582227,-0.6165036053,falla_engranaje,0.8000000000
1.3345000000,-0.0042789271,-0.6302346131,falla_engranaje,0.8000000000
1.3350000000,-0.0044299145,-0.6095802783,falla_engranaje,0.8000000000
1.3355000000,-0.0042558298,-0.6007884555,falla_engranaje,0.8000000000
1.3360000000,-0.0041918495,-0.6169460539,falla_engranaje,0.8000000000
1.3365000000,-0.0044089017,-0.6232043852,falla_engranaje,0.8000000000
1.3370000000,-0.0043420621,-0.6234777406,falla_engranaje,0.8000000000
1.3375000000,-0.0042025136,-0.6101248784,falla_engranaje,0.8000000000
1.3380000000,-0.0042948862,-0.6256595276,falla_engranaje,0.8000000000
1.3385000000,-0.0043158287,-0.6357936745,falla_engranaje,0.8000000000
1.3390000000,-0.0042353430,-0.6295302744,falla_engranaje,0.8000000000
1.3395000000,-0.0043561676,-0.6187061113,falla_engranaje,0.8000000000
1.3400000000,-0.0042541652,-0.6283736637,falla_engranaje,0.8000000000
1.3405000000,-0.0042544060,-0.6260984521,falla_engranaje,0.8000000000
1.3410000000,-0.0043311367,-0.6267883171,falla_engranaje,0.8000000000
1.3415000000,-0.0043311849,-0.6335629592,falla_engranaje,0.8000000000
1.3420000000,-0.0042535517,-0.6256336342,falla_engranaje,0.8000000000
1.3425000000,-0.0042762039,-0.6255882169,falla_engranaje,0.8000000000
1.3430000000,-0.0042598041,-0.6280995480,falla_engranaje,0.8000000000
1.3435000000,-0.0041864384,-0.6062018882,falla_engranaje,0.8000000000
1.3440000000,-0.0042342165,-0.6486386670,falla_engranaje,0.8000000000
1.3445000000,-0.0041632915,-0.6480375675,falla_engranaje,0.8000000000
1.3450000000,-0.0043164205,-0.6472254362,falla_engranaje,0.8000000000
1.3455000000,-0.0042809519,-0.6274118474,falla_engranaje,0.8000000000
1.3460000000,-0.0040892636,-0.6274044911,falla_engranaje,0.8000000000
1.3465000000,-0.0042887100,-0.6191353501,falla_engranaje,0.8000000000
1.3470000000,-0.0042915791,-0.6342997704,falla_engranaje,0.8000000000
1.3475000000,-0.0042765232,-0.6252637610,falla_engranaje,0.8000000000
1.3480000000,-0.0043075333,-0.6392474499,falla_engranaje,0.8000000000
1.3485000000,-0.0042459452,-0.6449789837,falla_engranaje,0.8000000000
1.3490000000,-0.0042719361,-0.6459031061,falla_engranaje,0.8000000000
1.3495000000,-0.0041326969,-0.6288143020,falla_engranaje,0.8000000000
1.3500000000,-0.0044038193,-0.6436269796,falla_engranaje,0.8000000000
1.3505000000,-0.0042690286,-0.6544933805,falla_engranaje,0.8000000000
1.3510000000,-0.0043117687,-0.6308648964,falla_engranaje,0.8000000000
1.3515000000,-0.0041704731,-0.6414708009,falla_engranaje,0.8000000000
1.3520000000,-0.0042144746,-0.6058773637,falla_engranaje,0.8000000000
1.3525000000,-0.0042574887,-0.6436319166,falla_engranaje,0.8000000000
1.3530000000,-0.0042522368,-0.6331037352,falla_engranaje,0.8000000000
1.3535000000,-0.0041337554,-0.6306839726,falla_engranaje,0.8000000000
1.3540000000,-0.0041159011,-0.6448956256,falla_engranaje,0.8000000000
1.3545000000,-0.0042750265,-0.6214702554,falla_engranaje,0.8000000000
1.3550000000,-0.0042818375,-0.6396292903,falla_engranaje,0.8000000000
1.3555000000,-0.0042789133,-0.6216360971,falla_engranaje,0.8000000000
1.3560000000,-0.0042635548,-0.6483122344,falla_engranaje,0.8000000000
1.3565000000,-0.0041462480,-0.6470192896,falla_engranaje,0.8000000000
1.3570000000,-0.0040476756,-0.6535887478,falla_engranaje,0.8000000000
1.3575000000,-0.0042947584,-0.6292653332,falla_engranaje,0.8000000000
1.3580000000,-0.0042418370,-0.6369464595,falla_engranaje,0.8000000000
1.3585000000,-0.0041881748,-0.6516925063,falla_engranaje,0.8000000000
1.3590000000,-0.0041445793,-0.6361452749,falla_engranaje,0.8000000000
1.3595000000,-0.0042574033,-0.6337786053,falla_engranaje,0.8000000000
1.3600000000,-0.0042467978,-0.6471108619,falla_engranaje,0.8000000000
1.3605000000,-0.0041504849,-0.6353757735,falla_engranaje,0.8000000000
1.3610000000,-0.0042606032,-0.6455833170,falla_engranaje,0.8000000000
1.3615000000,-0.0041712451,-0.6310661870,falla_engranaje,0.8000000000
1.3620000000,-0.0041755817,-0.6436286035,falla_engranaje,0.8000000000
1.3625000000,-0.0041097162,-0.6427326420,falla_engranaje,0.8000000000
1.3630000000,-0.0041375528,-0.6502280139,falla_engranaje,0.8000000000
1.3635000000,-0.0041550073,-0.6529416399,falla_engranaje,0.8000000000
1.3640000000,-0.0040308636,-0.6252180741,falla_engranaje,0.8000000000
1.3645000000,-0.0040251754,-0.6312101430,falla_engranaje,0.8000000000
1.3650000000,-0.0040564983,-0.6470312535,falla_engranaje,0.8000000000
1.3655000000,-0.0040611119,-0.6561105164,falla_engranaje,0.8000000000
1.3660000000,-0.0041102867,-0.6266938736,falla_engranaje,0.8000000000
1.3665000000,-0.0040568623,-0.6522000679,falla_engranaje,0.8000000000
1.3670000000,-0.0040271599,-0.6409827768,falla_engranaje,0.8000000000
1.3675000000,-0.0040342264,-0.6334220539,falla_engranaje,0.8000000000
1.3680000000,-0.0041239844,-0.6429924674,falla_engranaje,0.8000000000
1.3685000000,-0.0040524360,-0.6260939357,falla_engranaje,0.8000000000
1.3690000000,-0.0039977834,-0.6702646429,falla_engranaje,0.8000000000
1.3695000000,-0.0039662840,-0.6355989101,falla_engranaje,0.8000000000
1.3700000000,-0.0040732138,-0.6510271739,falla_engranaje,0.8000000000
1.3705000000,-0.0040990208,-0.6543634594,falla_engranaje,0.8000000000
1.3710000000,-0.0040750294,-0.6398545205,falla_engranaje,0.8000000000
1.3715000000,-0.0042026042,-0.6466975276,falla_engranaje,0.8000000000
1.3720000000,-0.0040008677,-0.6654427618,falla_engranaje,0.8000000000
1.3725000000,-0.0040595419,-0.6611854932,falla_engranaje,0.8000000000
1.3730000000,-0.0040464037,-0.6476032903,falla_engranaje,0.8000000000
1.3735000000,-0.0039452907,-0.6443399785,falla_engranaje,0.8000000000
1.3740000000,-0.0040477110,-0.6449600443,falla_engranaje,0.8000000000
1.3745000000,-0.0039647963,-0.6404240345,falla_engranaje,0.8000000000
1.3750000000,-0.0040202565,-0.6637327688,falla_engranaje,0.8000000000
1.3755000000,-0.0040300768,-0.6528380880,falla_engranaje,0.8000000000
1.3760000000,-0.0038988244,-0.6666315629,falla_engranaje,0.8000000000
1.3765000000,-0.0039497767,-0.6430010612,falla_engranaje,0.8000000000
1.3770000000,-0.0039847997,-0.6597330978,falla_engranaje,0.8000000000
1.3775000000,-0.0040685912,-0.6432955886,falla_engranaje,0.8000000000
1.3780000000,-0.0039237237,-0.6487284547,falla_engranaje,0.8000000000
1.3785000000,-0.0039837770,-0.6706407856,falla_engranaje,0.8000000000
1.3790000000,-0.0039769264,-0.6383990244,falla_engranaje,0.8000000000
1.3795000000,-0.0039300034,-0.6382551267,falla_engranaje,0.8000000000
1.3800000000,-0.0039550120,-0.6357737295,falla_engranaje,0.8000000000
1.3805000000,-0.0040396256,-0.6406332754,falla_engranaje,0.8000000000
1.3810000000,-0.0039238535,-0.6558349028,falla_engranaje,0.8000000000
1.3815000000,-0.0039956367,-0.6460285529,falla_engranaje,0.8000000000
1.3820000000,-0.0038694897,-0.6517113178,falla_engranaje,0.8000000000
1.3825000000,-0.0038178143,-0.6651527863,falla_engranaje,0.8000000000
1.3830000000,-0.0037996823,-0.6472070949,falla_engranaje,0.8000000000
1.3835000000,-0.0038657796,-0.6573716797,falla_engranaje,0.8000000000
1.3840000000,-0.0037925471,-0.6590900177,falla_engranaje,0.8000000000
1.3845000000,-0.0038251802,-0.6619038198,falla_engranaje,0.8000000000
1.3850000000,-0.0037511353,-0.6580839261,falla_engranaje,0.8000000000
1.3855000000,-0.0039494975,-0.6564009228,falla_engranaje,0.8000000000
1.3860000000,-0.0037663388,-0.6786936882,falla_engranaje,0.8000000000
1.3865000000,-0.0038139471,-0.6469473802,falla_engranaje,0.8000000000
1.3870000000,-0.0038371492,-0.6430354114,falla_engranaje,0.8000000000
1.3875000000,-0.0037984106,-0.6547597891,falla_engranaje,0.8000000000
1.3880000000,-0.0037886634,-0.6494705922,falla_engranaje,0.8000000000
1.3885000000,-0.0037666113,-0.6531275778,falla_engranaje,0.8000000000
1.3890000000,-0.0038427115,-0.6615435043,falla_engranaje,0.8000000000
1.3895000000,-0.0037398095,-0.6652071091,falla_engranaje,0.8000000000
1.3900000000,-0.0038339684,-0.6485945861,falla_engranaje,0.8000000000
1.3905000000,-0.0037816852,-0.6461872447,falla_engranaje,0.8000000000
1.3910000000,-0.0037860247,-0.6575129772,falla_engranaje,0.8000000000
1.3915000000,-0.0038830347,-0.6616958519,falla_engranaje,0.8000000000
1.3920000000,-0.0037192689,-0.6598777422,falla_engranaje,0.8000000000
1.3925000000,-0.0037542084,-0.6558351733,falla_engranaje,0.8000000000
1.3930000000,-0.0037307514,-0.6557573049,falla_engranaje,0.8000000000
1.3935000000,-0.0036608441,-0.6531246331,falla_engranaje,0.8000000000
1.3940000000,-0.0036770158,-0.6566334482,falla_engranaje,0.8000000000
1.3945000000,-0.0036272699,-0.6394186373,falla_engranaje,0.8000000000
1.3950000000,-0.0036253612,-0.6596098099,falla_engranaje,0.8000000000
1.3955000000,-0.0036799579,-0.6483957162,falla_engranaje,0.8000000000
1.3960000000,-0.0036412226,-0.6473660548,falla_engranaje,0.8000000000
1.3965000000,-0.0036774634,-0.6527801547,falla_engranaje,0.8000000000
1.3970000000,-0.0035848537,-0.6482942604,falla_engranaje,0.8000000000
1.3975000000,-0.0037939055,-0.6285532044,falla_engranaje,0.8000000000
1.3980000000,-0.0035512376,-0.6678554684,falla_engranaje,0.8000000000
1.3985000000,-0.0036346319,-0.6651832498,falla_engranaje,0.8000000000
1.3990000000,-0.0034972517,-0.6512660040,falla_engranaje,0.8000000000
1.3995000000,-0.0035006650,-0.6373440293,falla_engranaje,0.8000000000
1.4000000000,-0.0035994169,-0.6435765579,falla_engranaje,0.8000000000
1.4005000000,-0.0036540201,-0.6534436692,falla_engranaje,0.8000000000
1.4010000000,-0.0035714141,-0.6556723527,falla_engranaje,0.8000000000
1.4015000000,-0.0036821519,-0.6467902017,falla_engranaje,0.8000000000
1.4020000000,-0.0034737814,-0.6464020977,falla_engranaje,0.8000000000
1.4025000000,-0.0034727412,-0.6553067776,falla_engranaje,0.8000000000
1.4030000000,-0.0034244046,-0.6478437440,falla_engranaje,0.8000000000
1.4035000000,-0.0034910127,-0.6740300211,falla_engranaje,0.8000000000
1.4040000000,-0.0034025243,-0.6337028657,falla_engranaje,0.8000000000
1.4045000000,-0.0034593054,-0.6590417747,falla_engranaje,0.8000000000
1.4050000000,-0.0034116290,-0.6583884158,falla_engranaje,0.8000000000
1.4055000000,-0.0034611871,-0.6682673747,falla_engranaje,0.8000000000
1.4060000000,-0.0035645198,-0.6548433245,falla_engranaje,0.8000000000
1.4065000000,-0.0034033630,-0.6372046331,falla_engranaje,0.8000000000
1.4070000000,-0.0034419189,-0.6573039701,falla_engranaje,0.8000000000
1.4075000000,-0.0033465089,-0.6447908872,falla_engranaje,0.8000000000
1.4080000000,-0.0033796289,-0.6570409151,falla_engranaje,0.8000000000
1.4085000000,-0.0033288889,-0.6377699805,falla_engranaje,0.8000000000
1.4090000000,-0.0033892460,-0.6515968283,falla_engranaje,0.8000000000
1.4095000000,-0.0032835022,-0.6499337968,falla_engranaje,0.8000000000
1.4100000000,-0.0032230607,-0.6652510592,falla_engranaje,0.8000000000
1.4105000000,-0.0033568362,-0.6450197348,falla_engranaje,0.8000000000
1.4110000000,-0.0033527439,-0.6498617264,falla_engranaje,0.8000000000
1.4115000000,-0.0031373906,-0.6816925603,falla_engranaje,0.8000000000
1.4120000000,-0.0032528204,-0.6527496461,falla_engranaje,0.8000000000
1.4125000000,-0.0032323233,-0.6541721142,falla_engranaje,0.8000000000
1.4130000000,-0.0033405056,-0.6493810090,falla_engranaje,0.8000000000
1.4135000000,-0.0032186055,-0.6496860845,falla_engranaje,0.8000000000
1.4140000000,-0.0032414471,-0.6643621280,falla_engranaje,0.8000000000
1.4145000000,-0.0031896012,-0.6586532131,falla_engranaje,0.8000000000
1.4150000000,-0.0032639778,-0.6364352399,falla_engranaje,0.8000000000
1.4155000000,-0.0031349929,-0.6453160317,falla_engranaje,0.8000000000
1.4160000000,-0.0031808024,-0.6687117396,falla_engranaje,0.8000000000
1.4165000000,-0.0032939567,-0.6558962926,falla_engranaje,0.8000000000
1.4170000000,-0.0032175552,-0.6452775429,falla_engranaje,0.8000000000
1.4175000000,-0.0030683664,-0.6462769664,falla_engranaje,0.8000000000
1.4180000000,-0.0031637131,-0.6356888988,falla_engranaje,0.8000000000
1.4185000000,-0.0031235814,-0.6578800464,falla_engranaje,0.8000000000
1.4190000000,-0.0032012754,-0.6580631399,falla_engranaje,0.8000000000
1.4195000000,-0.0030651800,-0.6528113367,falla_engranaje,0.8000000000
1.4200000000,-0.0030746870,-0.6534993887,falla_engranaje,0.8000000000
1.4205000000,-0.0030889463,-0.6488853779,falla_engranaje,0.8000000000
1.4210000000,-0.0030545555,-0.6491911884,falla_engranaje,0.8000000000
1.4215000000,-0.0031569252,-0.6565210656,falla_engranaje,0.8000000000
1.4220000000,-0.0030491032,-0.6558238781,falla_engranaje,0.8000000000
1.4225000000,-0.0030437454,-0.6545604380,falla_engranaje,0.8000000000
1.4230000000,-0.0029559090,-0.6549170010,falla_engranaje,0.8000000000
1.4235000000,-0.0029932742,-0.6761903266,falla_engranaje,0.8000000000
1.4240000000,-0.0031437977,-0.6487543290,falla_engranaje,0.8000000000
1.4245000000,-0.0029671126,-0.6445045931,falla_engranaje,0.8000000000
1.4250000000,-0.0029923860,-0.6507191548,falla_engranaje,0.8000000000
1.4255000000,-0.0030556555,-0.6608359379,falla_engranaje,0.8000000000
1.4260000000,-0.0029840916,-0.6324100955,falla_engranaje,0.8000000000
1.4265000000,-0.0028929289,-0.6522397377,falla_engranaje,0.8000000000
1.4270000000,-0.0029855893,-0.6574713630,falla_engranaje,0.8000000000
1.4275000000,-0.0029201479,-0.6488323483,falla_engranaje,0.8000000000
1.4280000000,-0.0028372996,-0.6563148269,falla_engranaje,0.8000000000
1.4285000000,-0.0028297558,-0.6477121287,falla_engranaje,0.8000000000
1.4290000000,-0.0028557216,-0.6495654336,falla_engranaje,0.8000000000
1.4295000000,-0.0028732022,-0.6525273838,falla_engranaje,0.8000000000
1.4300000000,-0.0028025338,-0.6535510012,falla_engranaje,0.8000000000
1.4305000000,-0.0026599392,-0.6520937490,falla_engranaje,0.8000000000
1.4310000000,-0.0027191777,-0.6409427689,falla_engranaje,0.8000000000
1.4315000000,-0.0027792552,-0.6434284427,falla_engranaje,0.8000000000
1.4320000000,-0.0029348384,-0.6459356847,falla_engranaje,0.8000000000
1.4325000000,-0.0028495115,-0.6391431281,falla_engranaje,0.8000000000
1.4330000000,-0.0027982451,-0.6600586030,falla_engranaje,0.8000000000
1.4335000000,-0.0027924794,-0.6602473542,falla_engranaje,0.8000000000
1.4340000000,-0.0028009284,-0.6537640103,falla_engranaje,0.8000000000
1.4345000000,-0.0027860789,-0.6499465436,falla_engranaje,0.8000000000
1.4350000000,-0.0027076509,-0.6593571612,falla_engranaje,0.8000000000
1.4355000000,-0.0028139351,-0.6488771231,falla_engranaje,0.8000000000
1.4360000000,-0.0028457273,-0.6514097893,falla_engranaje,0.8000000000
1.4365000000,-0.0026847121,-0.6526507629,falla_engranaje,0.8000000000
1.4370000000,-0.0026363627,-0.6448262526,falla_engranaje,0.8000000000
1.4375000000,-0.0027243792,-0.6432056556,falla_engranaje,0.8000000000
1.4380000000,-0.0025239260,-0.6400811574,falla_engranaje,0.8000000000
1.4385000000,-0.0027045075,-0.6408221868,falla_engranaje,0.8000000000
1.4390000000,-0.0024761069,-0.6572082466,falla_engranaje,0.8000000000
1.4395000000,-0.0026289231,-0.6571280927,falla_engranaje,0.8000000000
1.4400000000,-0.0025697806,-0.6515246596,falla_engranaje,0.8000000000
1.4405000000,-0.0026312604,-0.6438516980,falla_engranaje,0.8000000000
1.4410000000,-0.0026019154,-0.6407478148,falla_engranaje,0.8000000000
1.4415000000,-0.0026041996,-0.6620289679,falla_engranaje,0.8000000000
1.4420000000,-0.0026402855,-0.6464527787,falla_engranaje,0.8000000000
1.4425000000,-0.0026637110,-0.6368383389,falla_engranaje,0.8000000000
1.4430000000,-0.0025226143,-0.6330882400,falla_engranaje,0.8000000000
1.4435000000,-0.0025989661,-0.6280552220,falla_engranaje,0.8000000000
1.4440000000,-0.0025287552,-0.6471778421,falla_engranaje,0.8000000000
1.4445000000,-0.0025373374,-0.6261744445,falla_engranaje,0.8000000000
1.4450000000,-0.0025505669,-0.6541960494,falla_engranaje,0.8000000000
1.4455000000,-0.0024511714,-0.6368569574,falla_engranaje,0.8000000000
1.4460000000,-0.0024963045,-0.6484871149,falla_engranaje,0.8000000000
1.4465000000,-0.0025572026,-0.6399506000,falla_engranaje,0.8000000000
1.4470000000,-0.0023544864,-0.6278121030,falla_engranaje,0.8000000000
1.4475000000,-0.0024798528,-0.6246095511,falla_engranaje,0.8000000000
1.4480000000,-0.0023470358,-0.6338100199,falla_engranaje,0.8000000000
1.4485000000,-0.0024706056,-0.6163685496,falla_engranaje,0.8000000000
1.4490000000,-0.0023169286,-0.6222856467,falla_engranaje,0.8000000000
1.4495000000,-0.0024167063,-0.6393231947,falla_engranaje,0.8000000000
1.4500000000,-0.0023894188,-0.6201119067,falla_engranaje,0.8000000000
1.4505000000,-0.0023078387,-0.6554952765,falla_engranaje,0.8000000000
1.4510000000,-0.0024451329,-0.6540729710,falla_engranaje,0.8000000000
1.4515000000,-0.0021535659,-0.6360540877,falla_engranaje,0.8000000000
1.4520000000,-0.0023124205,-0.6362828929,falla_engranaje,0.8000000000
1.4525000000,-0.0024159212,-0.6278726174,falla_engranaje,0.8000000000
1.4530000000,-0.0024466719,-0.6490155356,falla_engranaje,0.8000000000
1.4535000000,-0.0021836558,-0.6471369604,falla_engranaje,0.8000000000
1.4540000000,-0.0023691137,-0.6342273407,falla_engranaje,0.8000000000
1.4545000000,-0.0023351553,-0.6493932503,falla_engranaje,0.8000000000
1.4550000000,-0.0023451991,-0.6337531761,falla_engranaje,0.8000000000
1.4555000000,-0.0022399022,-0.6434390597,falla_engranaje,0.8000000000
1.4560000000,-0.0022757244,-0.6304896864,falla_engranaje,0.8000000000
1.4565000000,-0.0022751638,-0.6362533060,falla_engranaje,0.8000000000
1.4570000000,-0.0022106600,-0.6301706584,falla_engranaje,0.8000000000
1.4575000000,-0.0022079949,-0.6245221093,falla_engranaje,0.8000000000
1.4580000000,-0.0022312597,-0.6422944284,falla_engranaje,0.8000000000
1.4585000000,-0.0023216857,-0.6372303858,falla_engranaje,0.8000000000
1.4590000000,-0.0021482224,-0.6203876657,falla_engranaje,0.8000000000
1.4595000000,-0.0021410158,-0.6298711806,falla_engranaje,0.8000000000
1.4600000000,-0.0021401232,-0.6344510662,falla_engranaje,0.8000000000
1.4605000000,-0.0021440500,-0.6304161902,falla_engranaje,0.8000000000
1.4610000000,-0.0021362524,-0.6188952742,falla_engranaje,0.8000000000
1.4615000000,-0.0022045828,-0.6362340151,falla_engranaje,0.8000000000
1.4620000000,-0.0021594353,-0.6403743173,falla_engranaje,0.8000000000
1.4625000000,-0.0021125945,-0.6238267245,falla_engranaje,0.8000000000
1.4630000000,-0.0022149582,-0.6200388429,falla_engranaje,0.8000000000
1.4635000000,-0.0021806612,-0.6248492215,falla_engranaje,0.8000000000
1.4640000000,-0.0021681069,-0.6305149764,falla_engranaje,0.8000000000
1.4645000000,-0.0021371779,-0.6155062264,falla_engranaje,0.8000000000
1.4650000000,-0.0019378625,-0.6460044359,falla_engranaje,0.8000000000
1.4655000000,-0.0020396149,-0.6229205858,falla_engranaje,0.8000000000
1.4660000000,-0.0020614121,-0.6351135085,falla_engranaje,0.8000000000
1.4665000000,-0.0020702058,-0.6376597374,falla_engranaje,0.8000000000
1.4670000000,-0.0020386780,-0.6229878489,falla_engranaje,0.8000000000
1.4675000000,-0.0020037839,-0.6363119164,falla_engranaje,0.8000000000
1.4680000000,-0.0020481220,-0.6263447395,falla_engranaje,0.8000000000
1.4685000000,-0.0019717186,-0.6284305826,falla_engranaje,0.8000000000
1.4690000000,-0.0018628314,-0.6259412589,falla_engranaje,0.8000000000
1.4695000000,-0.0020256756,-0.6251547839,falla_engranaje,0.8000000000
1.4700000000,-0.0019848217,-0.6125321905,falla_engranaje,0.8000000000
1.4705000000,-0.0018970430,-0.6237280044,falla_engranaje,0.8000000000
1.4710000000,-0.0018445823,-0.6243548298,falla_engranaje,0.8000000000
1.4715000000,-0.0018477109,-0.6256662162,falla_engranaje,0.8000000000
1.4720000000,-0.0019086422,-0.6319506349,falla_engranaje,0.8000000000
1.4725000000,-0.0018567814,-0.6201270482,falla_engranaje,0.8000000000
1.4730000000,-0.0018361302,-0.6206396108,falla_engranaje,0.8000000000
1.4735000000,-0.0018029342,-0.6333167724,falla_engranaje,0.8000000000
1.4740000000,-0.0018484946,-0.6340878467,falla_engranaje,0.8000000000
1.4745000000,-0.0019088079,-0.6278073475,falla_engranaje,0.8000000000
1.4750000000,-0.0018848023,-0.6388428861,falla_engranaje,0.8000000000
1.4755000000,-0.0018481016,-0.6266404833,falla_engranaje,0.8000000000
1.4760000000,-0.0018261047,-0.6176585784,falla_engranaje,0.8000000000
1.4765000000,-0.0019284855,-0.6096153559,falla_engranaje,0.8000000000
1.4770000000,-0.0017207330,-0.6245904983,falla_engranaje,0.8000000000
1.4775000000,-0.0017830888,-0.6091481893,falla_engranaje,0.8000000000
1.4780000000,-0.0017427404,-0.6110174797,falla_engranaje,0.8000000000
1.4785000000,-0.0019004996,-0.6381340869,falla_engranaje,0.8000000000
1.4790000000,-0.0017930955,-0.6223430488,falla_engranaje,0.8000000000
1.4795000000,-0.0017102854,-0.6112466911,falla_engranaje,0.8000000000
1.4800000000,-0.0017241645,-0.6143970781,falla_engranaje,0.8000000000
1.4805000000,-0.0017516194,-0.6107551700,falla_engranaje,0.8000000000
1.4810000000,-0.0016829449,-0.5996634875,falla_engranaje,0.8000000000
1.4815000000,-0.0015996026,-0.6196288881,falla_engranaje,0.8000000000
1.4820000000,-0.0018096943,-0.6180536553,falla_engranaje,0.8000000000
1.4825000000,-0.0016705196,-0.5969528518,falla_engranaje,0.8000000000
1.4830000000,-0.0017101357,-0.6108169223,falla_engranaje,0.8000000000
1.4835000000,-0.0016866292,-0.6001217643,falla_engranaje,0.8000000000
1.4840000000,-0.0016559880,-0.6050504175,falla_engranaje,0.8000000000
1.4845000000,-0.0016670016,-0.6071164763,falla_engranaje,0.8000000000
1.4850000000,-0.0015979755,-0.6102937496,falla_engranaje,0.8000000000
1.4855000000,-0.0017318056,-0.6237533647,falla_engranaje,0.8000000000
1.4860000000,-0.0016252199,-0.6098641703,falla_engranaje,0.8000000000
1.4865000000,-0.0015873897,-0.6101138219,falla_engranaje,0.8000000000
1.4870000000,-0.0016899774,-0.6157022360,falla_engranaje,0.8000000000
1.4875000000,-0.0016298255,-0.6224810260,falla_engranaje,0.8000000000
1.4880000000,-0.0016092039,-0.5974824616,falla_engranaje,0.8000000000
1.4885000000,-0.0015397944,-0.6008334757,falla_engranaje,0.8000000000
1.4890000000,-0.0015855586,-0.6126757501,falla_engranaje,0.8000000000
1.4895000000,-0.0016245046,-0.5800752121,falla_engranaje,0.8000000000
1.4900000000,-0.0014659128,-0.5939872793,falla_engranaje,0.8000000000
1.4905000000,-0.0015486999,-0.6113023660,falla_engranaje,0.8000000000
1.4910000000,-0.0015003369,-0.6115682906,falla_engranaje,0.8000000000
1.4915000000,-0.0015523303,-0.5965313247,falla_engranaje,0.8000000000
1.4920000000,-0.0015074431,-0.6014564949,falla_engranaje,0.8000000000
1.4925000000,-0.0015634455,-0.6065664421,falla_engranaje,0.8000000000
1.4930000000,-0.0015077255,-0.5756174257,falla_engranaje,0.8000000000
1.4935000000,-0.0015664282,-0.5932365778,falla_engranaje,0.8000000000
1.4940000000,-0.0015215724,-0.6063789141,falla_engranaje,0.8000000000
1.4945000000,-0.0014786279,-0.5942081416,falla_engranaje,0.8000000000
1.4950000000,-0.0014912349,-0.6039076257,falla_engranaje,0.8000000000
1.4955000000,-0.0013787062,-0.6013407756,falla_engranaje,0.8000000000
1.4960000000,-0.0015200840,-0.6021556949,falla_engranaje,0.8000000000
1.4965000000,-0.0014455615,-0.5793510665,falla_engranaje,0.8000000000
1.4970000000,-0.0015224013,-0.5950378048,falla_engranaje,0.8000000000
1.4975000000,-0.0014649211,-0.5863583110,falla_engranaje,0.8000000000
1.4980000000,-0.0014549334,-0.5891579218,falla_engranaje,0.8000000000
1.4985000000,-0.0015092678,-0.5899390962,falla_engranaje,0.8000000000
1.4990000000,-0.0014898919,-0.5941703429,falla_engranaje,0.8000000000
1.4995000000,-0.0014589107,-0.6125208731,falla_engranaje,0.8000000000
1.5000000000,-0.0014265037,-0.5852352847,falla_engranaje,0.8000000000
1.5005000000,-0.0014564205,-0.6071670164,falla_engranaje,0.8000000000
1.5010000000,-0.0013383456,-0.5880095332,falla_engranaje,0.8000000000
1.5015000000,-0.0014070006,-0.5879755498,falla_engranaje,0.8000000000
1.5020000000,-0.0013981802,-0.5912338513,falla_engranaje,0.8000000000
1.5025000000,-0.0014982908,-0.5764022149,falla_engranaje,0.8000000000
1.5030000000,-0.0014594992,-0.6063255396,falla_engranaje,0.8000000000
1.5035000000,-0.0013719927,-0.6019663689,falla_engranaje,0.8000000000
1.5040000000,-0.0012943184,-0.5780068271,falla_engranaje,0.8000000000
1.5045000000,-0.0013619179,-0.5784686107,falla_engranaje,0.8000000000
1.5050000000,-0.0013939686,-0.5840679659,falla_engranaje,0.8000000000
1.5055000000,-0.0013579669,-0.5969798869,falla_engranaje,0.8000000000
1.5060000000,-0.0014111943,-0.5900867237,falla_engranaje,0.8000000000
1.5065000000,-0.0013548109,-0.5966290665,falla_engranaje,0.8000000000
1.5070000000,-0.0014239686,-0.5814454118,falla_engranaje,0.8000000000
1.5075000000,-0.0013864419,-0.5825362665,falla_engranaje,0.8000000000
1.5080000000,-0.0013638588,-0.6049954077,falla_engranaje,0.8000000000
1.5085000000,-0.0012440685,-0.5962750261,falla_engranaje,0.8000000000
1.5090000000,-0.0012647043,-0.5842132794,falla_engranaje,0.8000000000
1.5095000000,-0.0013084917,-0.5648928271,falla_engranaje,0.8000000000
1.5100000000,-0.0011802197,-0.5689280104,falla_engranaje,0.8000000000
1.5105000000,-0.0013012912,-0.5708509067,falla_engranaje,0.8000000000
1.5110000000,-0.0012110911,-0.5806539714,falla_engranaje,0.8000000000
1.5115000000,-0.0013729523,-0.5913840837,falla_engranaje,0.8000000000
1.5120000000,-0.0013077345,-0.5881330747,falla_engranaje,0.8000000000
1.5125000000,-0.0013123473,-0.5757452023,falla_engranaje,0.8000000000
1.5130000000,-0.0013472150,-0.5688953577,falla_engranaje,0.8000000000
1.5135000000,-0.0012676004,-0.5712636746,falla_engranaje,0.8000000000
1.5140000000,-0.0013477646,-0.5806205333,falla_engranaje,0.8000000000
1.5145000000,-0.0013196174,-0.5789344033,falla_engranaje,0.8000000000
1.5150000000,-0.0013111523,-0.5799597661,falla_engranaje,0.8000000000
1.5155000000,-0.0012147375,-0.5693166753,falla_engranaje,0.8000000000
1.5160000000,-0.0012497067,-0.5713991502,falla_engranaje,0.8000000000
1.5165000000,-0.0013471983,-0.5623865309,falla_engranaje,0.8000000000
1.5170000000,-0.0011911768,-0.5815918877,falla_engranaje,0.8000000000
1.5175000000,-0.0010669865,-0.5717863689,falla_engranaje,0.8000000000
1.5180000000,-0.0012477797,-0.5715640347,falla_engranaje,0.8000000000
1.5185000000,-0.0013753810,-0.5538869109,falla_engranaje,0.8000000000
1.5190000000,-0.0011677612,-0.5541582714,falla_engranaje,0.8000000000
1.5195000000,-0.0011685678,-0.5899247220,falla_engranaje,0.8000000000
1.5200000000,-0.0011474209,-0.5732056811,falla_engranaje,0.8000000000
1.5205000000,-0.0011953272,-0.5698975232,falla_engranaje,0.8000000000
1.5210000000,-0.0011386839,-0.5609230325,falla_engranaje,0.8000000000
1.5215000000,-0.0011742203,-0.5739782271,falla_engranaje,0.8000000000
1.5220000000,-0.0011352822,-0.5652074576,falla_engranaje,0.8000000000
1.5225000000,-0.0012047917,-0.5601989049,falla_engranaje,0.8000000000
1.5230000000,-0.0012782628,-0.5657950610,falla_engranaje,0.8000000000
1.5235000000,-0.0011162129,-0.5687286515,falla_engranaje,0.8000000000
1.5240000000,-0.0010784670,-0.5689348713,falla_engranaje,0.8000000000
1.5245000000,-0.0012546287,-0.5589930839,falla_engranaje,0.8000000000
1.5250000000,-0.0011447690,-0.5783397435,falla_engranaje,0.8000000000
1.5255000000,-0.0012490502,-0.5504203568,falla_engranaje,0.8000000000
1.5260000000,-0.0011663152,-0.5550037049,falla_engranaje,0.8000000000
1.5265000000,-0.0012290413,-0.5431360420,falla_engranaje,0.8000000000
1.5270000000,-0.0012573861,-0.5655036649,falla_engranaje,0.8000000000
1.5275000000,-0.0011505627,-0.5568682352,falla_engranaje,0.8000000000
1.5280000000,-0.0011561017,-0.5584088825,falla_engranaje,0.8000000000
1.5285000000,-0.0011470946,-0.5535042304,falla_engranaje,0.8000000000
1.5290000000,-0.0011195472,-0.5618079575,falla_engranaje,0.8000000000
1.5295000000,-0.0010633425,-0.5585554065,falla_engranaje,0.8000000000
1.5300000000,-0.0012430445,-0.5521352822,falla_engranaje,0.8000000000
1.5305000000,-0.0011084522,-0.5593244821,falla_engranaje,0.8000000000
1.5310000000,-0.0010991659,-0.5523071942,falla_engranaje,0.8000000000
1.5315000000,-0.0011169072,-0.5452536112,falla_engranaje,0.8000000000
1.5320000000,-0.0011732736,-0.5315165986,falla_engranaje,0.8000000000
1.5325000000,-0.0011430382,-0.5583055983,falla_engranaje,0.8000000000
1.5330000000,-0.0010233466,-0.5355688438,falla_engranaje,0.8000000000
1.5335000000,-0.0011485191,-0.5655711936,falla_engranaje,0.8000000000
1.5340000000,-0.0011142304,-0.5461690914,falla_engranaje,0.8000000000
1.5345000000,-0.0012368708,-0.5364892108,falla_engranaje,0.8000000000
1.5350000000,-0.0010591812,-0.5525238214,falla_engranaje,0.8000000000
1.5355000000,-0.0010161372,-0.5463059155,falla_engranaje,0.8000000000
1.5360000000,-0.0010586148,-0.5425148480,falla_engranaje,0.8000000000
1.5365000000,-0.0010887582,-0.5245848021,falla_engranaje,0.8000000000
1.5370000000,-0.0012428608,-0.5702600158,falla_engranaje,0.8000000000
1.5375000000,-0.0010592674,-0.5462792571,falla_engranaje,0.8000000000
1.5380000000,-0.0010407503,-0.5424915366,falla_engranaje,0.8000000000
1.5385000000,-0.0011196045,-0.5438997845,falla_engranaje,0.8000000000
1.5390000000,-0.0011102230,-0.5451028371,falla_engranaje,0.8000000000
1.5395000000,-0.0012233821,-0.5358190356,falla_engranaje,0.8000000000
1.5400000000,-0.0010222485,-0.5366582844,falla_engranaje,0.8000000000
1.5405000000,-0.0010581719,-0.5525752485,falla_engranaje,0.8000000000
1.5410000000,-0.0010306168,-0.5433115207,falla_engranaje,0.8000000000
1.5415000000,-0.0011143925,-0.5302785263,falla_engranaje,0.8000000000
1.5420000000,-0.0010503549,-0.5328326107,falla_engranaje,0.8000000000
1.5425000000,-0.0010370407,-0.5386826116,falla_engranaje,0.8000000000
1.5430000000,-0.0010948268,-0.5339065701,falla_engranaje,0.8000000000
1.5435000000,-0.0011203186,-0.5436575882,falla_engranaje,0.8000000000
1.5440000000,-0.0010956131,-0.5444147554,falla_engranaje,0.8000000000
1.5445000000,-0.0010407611,-0.5394728863,falla_engranaje,0.8000000000
1.5450000000,-0.0011611679,-0.5311280415,falla_engranaje,0.8000000000
1.5455000000,-0.0011026073,-0.5426746006,falla_engranaje,0.8000000000
1.5460000000,-0.0011614290,-0.5343689433,falla_engranaje,0.8000000000
1.5465000000,-0.0009762618,-0.5252006172,falla_engranaje,0.8000000000
1.5470000000,-0.0009550281,-0.5298843920,falla_engranaje,0.8000000000
1.5475000000,-0.0010831702,-0.5271081129,falla_engranaje,0.8000000000
1.5480000000,-0.0010622838,-0.5370951629,falla_engranaje,0.8000000000
1.5485000000,-0.0011937144,-0.5270811264,falla_engranaje,0.8000000000
1.5490000000,-0.0011032548,-0.5482222577,falla_engranaje,0.8000000000
1.5495000000,-0.0011104128,-0.5338320879,falla_engranaje,0.8000000000
1.5500000000,-0.0009516529,-0.5056930000,falla_engranaje,0.8000000000
1.5505000000,-0.0010273872,-0.5388942847,falla_engranaje,0.8000000000
1.5510000000,-0.0010622743,-0.5262782748,falla_engranaje,0.8000000000
1.5515000000,-0.0010241405,-0.5229048928,falla_engranaje,0.8000000000
1.5520000000,-0.0010945204,-0.5227291694,falla_engranaje,0.8000000000
1.5525000000,-0.0010347583,-0.5216347722,falla_engranaje,0.8000000000
1.5530000000,-0.0011423218,-0.5218221375,falla_engranaje,0.8000000000
1.5535000000,-0.0011028496,-0.5232732355,falla_engranaje,0.8000000000
1.5540000000,-0.0011269160,-0.5244167159,falla_engranaje,0.8000000000
1.5545000000,-0.0011654896,-0.5370242452,falla_engranaje,0.8000000000
1.5550000000,-0.0011462172,-0.5255110013,falla_engranaje,0.8000000000
1.5555000000,-0.0011675597,-0.5348051297,falla_engranaje,0.8000000000
1.5560000000,-0.0011361069,-0.5248500786,falla_engranaje,0.8000000000
1.5565000000,-0.0011570342,-0.5170918398,falla_engranaje,0.8000000000
1.5570000000,-0.0010812120,-0.5279798631,falla_engranaje,0.8000000000
1.5575000000,-0.0010172222,-0.5209413598,falla_engranaje,0.8000000000
1.5580000000,-0.0011021134,-0.5152984856,falla_engranaje,0.8000000000
1.5585000000,-0.0011663722,-0.5252462493,falla_engranaje,0.8000000000
1.5590000000,-0.0010459107,-0.5227151851,falla_engranaje,0.8000000000
1.5595000000,-0.0010531920,-0.5238526915,falla_engranaje,0.8000000000
1.5600000000,-0.0009985083,-0.5187405260,falla_engranaje,0.8000000000
1.5605000000,-0.0010518616,-0.5132881868,falla_engranaje,0.8000000000
1.5610000000,-0.0011314517,-0.5135919553,falla_engranaje,0.8000000000
1.5615000000,-0.0010672370,-0.5180799965,falla_engranaje,0.8000000000
1.5620000000,-0.0010444222,-0.4993188177,falla_engranaje,0.8000000000
1.5625000000,-0.0011654609,-0.5012199939,falla_engranaje,0.8000000000
1.5630000000,-0.0012054163,-0.5005018516,falla_engranaje,0.8000000000
1.5635000000,-0.0009835115,-0.5049661316,falla_engranaje,0.8000000000
1.5640000000,-0.0011269700,-0.5038063852,falla_engranaje,0.8000000000
1.5645000000,-0.0011065915,-0.5091160630,falla_engranaje,0.8000000000
1.5650000000,-0.0011306275,-0.4942415000,falla_engranaje,0.8000000000
1.5655000000,-0.0010941885,-0.4961799876,falla_engranaje,0.8000000000
1.5660000000,-0.0012217399,-0.5169541930,falla_engranaje,0.8000000000
1.5665000000,-0.0011294865,-0.5050319400,falla_engranaje,0.8000000000
1.5670000000,-0.0010463846,-0.5244666001,falla_engranaje,0.8000000000
1.5675000000,-0.0011624599,-0.4864136871,falla_engranaje,0.8000000000
1.5680000000,-0.0011012889,-0.4952263636,falla_engranaje,0.8000000000
1.5685000000,-0.0010800353,-0.5078314146,falla_engranaje,0.8000000000
1.5690000000,-0.0011003063,-0.4980263940,falla_engranaje,0.8000000000
1.5695000000,-0.0011969587,-0.4811531003,falla_engranaje,0.8000000000
1.5700000000,-0.0012254534,-0.4845551787,falla_engranaje,0.8000000000
1.5705000000,-0.0010745150,-0.4989786658,falla_engranaje,0.8000000000
1.5710000000,-0.0011065220,-0.5019087387,falla_engranaje,0.8000000000
1.5715000000,-0.0011256693,-0.4924228414,falla_engranaje,0.8000000000
1.5720000000,-0.0011364181,-0.4947527324,falla_engranaje,0.8000000000
1.5725000000,-0.0011576481,-0.5099034566,falla_engranaje,0.8000000000
1.5730000000,-0.0012014366,-0.4992658034,falla_engranaje,0.8000000000
1.5735000000,-0.0011321933,-0.4984818513,falla_engranaje,0.8000000000
1.5740000000,-0.0011372327,-0.4981130676,falla_engranaje,0.8000000000
1.5745000000,-0.0010228301,-0.4863111736,falla_engranaje,0.8000000000
1.5750000000,-0.0011267809,-0.4802376744,falla_engranaje,0.8000000000
1.5755000000,-0.0011328793,-0.4843612831,falla_engranaje,0.8000000000
1.5760000000,-0.0012009359,-0.4876964371,falla_engranaje,0.8000000000
1.5765000000,-0.0011252960,-0.5045975834,falla_engranaje,0.8000000000
1.5770000000,-0.0012097221,-0.4982668493,falla_engranaje,0.8000000000
1.5775000000,-0.0011173572,-0.4849028486,falla_engranaje,0.8000000000
1.5780000000,-0.0012473603,-0.4987772890,falla_engranaje,0.8000000000
1.5785000000,-0.0011188605,-0.4720646036,falla_engranaje,0.8000000000
1.5790000000,-0.0011772489,-0.4906851443,falla_engranaje,0.8000000000
1.5795000000,-0.0012435380,-0.4926522717,falla_engranaje,0.8000000000
1.5800000000,-0.0011573956,-0.4923444950,falla_engranaje,0.8000000000
1.5805000000,-0.0011979413,-0.4855925102,falla_engranaje,0.8000000000
1.5810000000,-0.0012347957,-0.4868297441,falla_engranaje,0.8000000000
1.5815000000,-0.0013049656,-0.4760316402,falla_engranaje,0.8000000000
1.5820000000,-0.0012098097,-0.4860041559,falla_engranaje,0.8000000000
1.5825000000,-0.0011327770,-0.4806127727,falla_engranaje,0.8000000000
1.5830000000,-0.0012798628,-0.4783280386,falla_engranaje,0.8000000000
1.5835000000,-0.0012667879,-0.4868107986,falla_engranaje,0.8000000000
1.5840000000,-0.0012268600,-0.4854513440,falla_engranaje,0.8000000000
1.5845000000,-0.0012648898,-0.4716324071,falla_engranaje,0.8000000000
1.5850000000,-0.0013312700,-0.5063070831,falla_engranaje,0.8000000000
1.5855000000,-0.0012009079,-0.4912108992,falla_engranaje,0.8000000000
1.5860000000,-0.0012215553,-0.4752675727,falla_engranaje,0.8000000000
1.5865000000,-0.0012142176,-0.4796225502,falla_engranaje,0.8000000000
1.5870000000,-0.0011302681,-0.4771336924,falla_engranaje,0.8000000000
1.5875000000,-0.0013604442,-0.4865912627,falla_engranaje,0.8000000000
1.5880000000,-0.0011773112,-0.4903557216,falla_engranaje,0.8000000000
1.5885000000,-0.0011874538,-0.4670534092,falla_engranaje,0.8000000000
1.5890000000,-0.0012515686,-0.4727137743,falla_engranaje,0.8000000000
1.5895000000,-0.0012884876,-0.4763756376,falla_engranaje,0.8000000000
1.5900000000,-0.0013840650,-0.4736844721,falla_engranaje,0.8000000000
1.5905000000,-0.0012052606,-0.4916466522,falla_engranaje,0.8000000000
1.5910000000,-0.0013136723,-0.4830254642,falla_engranaje,0.8000000000
1.5915000000,-0.0012250170,-0.4870872517,falla_engranaje,0.8000000000
1.5920000000,-0.0012712097,-0.4807698399,falla_engranaje,0.8000000000
1.5925000000,-0.0013858929,-0.4608944313,falla_engranaje,0.8000000000
1.5930000000,-0.0013076752,-0.4716326033,falla_engranaje,0.8000000000
1.5935000000,-0.0013568253,-0.4682835908,falla_engranaje,0.8000000000
1.5940000000,-0.0013177387,-0.4798071728,falla_engranaje,0.8000000000
1.5945000000,-0.0013706260,-0.4589193639,falla_engranaje,0.8000000000
1.5950000000,-0.0011804216,-0.4716483049,falla_engranaje,0.8000000000
1.5955000000,-0.0013000653,-0.4711782529,falla_engranaje,0.8000000000
1.5960000000,-0.0013927670,-0.4673537722,falla_engranaje,0.8000000000
1.5965000000,-0.0013426949,-0.4641987926,falla_engranaje,0.8000000000
1.5970000000,-0.0013104565,-0.4591647535,falla_engranaje,0.8000000000
1.5975000000,-0.0013653649,-0.4705344479,falla_engranaje,0.8000000000
1.5980000000,-0.0013966099,-0.4556705268,falla_engranaje,0.8000000000
1.5985000000,-0.0013843764,-0.4724099458,falla_engranaje,0.8000000000
1.5990000000,-0.0013449275,-0.4625855897,falla_engranaje,0.8000000000
1.5995000000,-0.0013560015,-0.4603877008,falla_engranaje,0.8000000000
1.6000000000,-0.0013232129,-0.4630353976,falla_engranaje,0.8000000000
1.6005000000,-0.0014016698,-0.4748272065,falla_engranaje,0.8000000000
1.6010000000,-0.0014398024,-0.4489938092,falla_engranaje,0.8000000000
1.6015000000,-0.0013370291,-0.4574931731,falla_engranaje,0.8000000000
1.6020000000,-0.0014120919,-0.4461633458,falla_engranaje,0.8000000000
1.6025000000,-0.0014490365,-0.4524032054,falla_engranaje,0.8000000000
1.6030000000,-0.0015002639,-0.4643378683,falla_engranaje,0.8000000000
1.6035000000,-0.0013837085,-0.4510552438,falla_engranaje,0.8000000000
1.6040000000,-0.0013804982,-0.4593460159,falla_engranaje,0.8000000000
1.6045000000,-0.0013953835,-0.4596949697,falla_engranaje,0.8000000000
1.6050000000,-0.0014713773,-0.4502452716,falla_engranaje,0.8000000000
1.6055000000,-0.0014155601,-0.4460920511,falla_engranaje,0.8000000000
1.6060000000,-0.0013446596,-0.4396329222,falla_engranaje,0.8000000000
1.6065000000,-0.0014154854,-0.4567954076,falla_engranaje,0.8000000000
1.6070000000,-0.0013218851,-0.4551435365,falla_engranaje,0.8000000000
1.6075000000,-0.0014459842,-0.4308811904,falla_engranaje,0.8000000000
1.6080000000,-0.0014496601,-0.4540974783,falla_engranaje,0.8000000000
1.6085000000,-0.0012880111,-0.4586880703,falla_engranaje,0.8000000000
1.6090000000,-0.0014379626,-0.4466022614,falla_engranaje,0.8000000000
1.6095000000,-0.0014800938,-0.4492856109,falla_engranaje,0.8000000000
1.6100000000,-0.0014548390,-0.4547318805,falla_engranaje,0.8000000000
1.6105000000,-0.0016596636,-0.4507655630,falla_engranaje,0.8000000000
1.6110000000,-0.0013704232,-0.4484948367,falla_engranaje,0.8000000000
1.6115000000,-0.0014770872,-0.4431753031,falla_engranaje,0.8000000000
1.6120000000,-0.0014918380,-0.4537514050,falla_engranaje,0.8000000000
1.6125000000,-0.0014836176,-0.4466162643,falla_engranaje,0.8000000000
1.6130000000,-0.0016223414,-0.4315778079,falla_engranaje,0.8000000000
1.6135000000,-0.0014583364,-0.4460308215,falla_engranaje,0.8000000000
1.6140000000,-0.0015846689,-0.4412591334,falla_engranaje,0.8000000000
1.6145000000,-0.0014909428,-0.4643453760,falla_engranaje,0.8000000000
1.6150000000,-0.0014572996,-0.4679832402,falla_engranaje,0.8000000000
1.6155000000,-0.0016074844,-0.4353683978,falla_engranaje,0.8000000000
1.6160000000,-0.0014963574,-0.4420213185,falla_engranaje,0.8000000000
1.6165000000,-0.0014934108,-0.4308452970,falla_engranaje,0.8000000000
1.6170000000,-0.0015016440,-0.4393582252,falla_engranaje,0.8000000000
1.6175000000,-0.0015029330,-0.4363664918,falla_engranaje,0.8000000000
1.6180000000,-0.0015985866,-0.4415062854,falla_engranaje,0.8000000000
1.6185000000,-0.0014575943,-0.4456092511,falla_engranaje,0.8000000000
1.6190000000,-0.0015776562,-0.4534235064,falla_engranaje,0.8000000000
1.6195000000,-0.0015849061,-0.4358300296,falla_engranaje,0.8000000000
1.6200000000,-0.0015636160,-0.4484574734,falla_engranaje,0.8000000000
1.6205000000,-0.0015986950,-0.4476675051,falla_engranaje,0.8000000000
1.6210000000,-0.0014959272,-0.4363069281,falla_engranaje,0.8000000000
1.6215000000,-0.0017056989,-0.4541901729,falla_engranaje,0.8000000000
1.6220000000,-0.0015835842,-0.4202092981,falla_engranaje,0.8000000000
1.6225000000,-0.0015608405,-0.4436665560,falla_engranaje,0.8000000000
1.6230000000,-0.0016041729,-0.4251079072,falla_engranaje,0.8000000000
1.6235000000,-0.0018129975,-0.4444858381,falla_engranaje,0.8000000000
1.6240000000,-0.0016229898,-0.4234213281,falla_engranaje,0.8000000000
1.6245000000,-0.0016513391,-0.4216592241,falla_engranaje,0.8000000000
1.6250000000,-0.0016701140,-0.4269633723,falla_engranaje,0.8000000000
1.6255000000,-0.0016412164,-0.4368086153,falla_engranaje,0.8000000000
1.6260000000,-0.0016167273,-0.4278099477,falla_engranaje,0.8000000000
1.6265000000,-0.0015335002,-0.4366783448,falla_engranaje,0.8000000000
1.6270000000,-0.0015035553,-0.4228398553,falla_engranaje,0.8000000000
1.6275000000,-0.0015234341,-0.4111060240,falla_engranaje,0.8000000000
1.6280000000,-0.0017038723,-0.4290102149,falla_engranaje,0.8000000000
1.6285000000,-0.0018202356,-0.4297937759,falla_engranaje,0.8000000000
1.6290000000,-0.0016932056,-0.4324978177,falla_engranaje,0.8000000000
1.6295000000,-0.0017234220,-0.4146384761,falla_engranaje,0.8000000000
1.6300000000,-0.0016723173,-0.4440352869,falla_engranaje,0.8000000000
1.6305000000,-0.0016578246,-0.4276331057,falla_engranaje,0.8000000000
1.6310000000,-0.0016931742,-0.4169249028,falla_engranaje,0.8000000000
1.6315000000,-0.0017724669,-0.4095757785,falla_engranaje,0.8000000000
1.6320000000,-0.0016696256,-0.4427222110,falla_engranaje,0.8000000000
1.6325000000,-0.0017363069,-0.4215943979,falla_engranaje,0.8000000000
1.6330000000,-0.0017670388,-0.4179126362,falla_engranaje,0.8000000000
1.6335000000,-0.0017064643,-0.4223498228,falla_engranaje,0.8000000000
1.6340000000,-0.0018817501,-0.4358486550,falla_engranaje,0.8000000000
1.6345000000,-0.0016993209,-0.4302717927,falla_engranaje,0.8000000000
1.6350000000,-0.0017140742,-0.4156684335,falla_engranaje,0.8000000000
1.6355000000,-0.0017423421,-0.4296038669,falla_engranaje,0.8000000000
1.6360000000,-0.0018583196,-0.4170598966,falla_engranaje,0.8000000000
1.6365000000,-0.0018119253,-0.4037648430,falla_engranaje,0.8000000000
1.6370000000,-0.0018662827,-0.4287565223,falla_engranaje,0.8000000000
1.6375000000,-0.0016354386,-0.4082682335,falla_engranaje,0.8000000000
1.6380000000,-0.0017628339,-0.3966829642,falla_engranaje,0.8000000000
1.6385000000,-0.0017951602,-0.4029213079,falla_engranaje,0.8000000000
1.6390000000,-0.0017468780,-0.4257906632,falla_engranaje,0.8000000000
1.6395000000,-0.0019451281,-0.4266773815,falla_engranaje,0.8000000000
1.6400000000,-0.0017487052,-0.4223360978,falla_engranaje,0.8000000000
1.6405000000,-0.0017058239,-0.4038495740,falla_engranaje,0.8000000000
1.6410000000,-0.0017397061,-0.4105452690,falla_engranaje,0.8000000000
1.6415000000,-0.0018949326,-0.4186068298,falla_engranaje,0.8000000000
1.6420000000,-0.0018548976,-0.4292698450,falla_engranaje,0.8000000000
1.6425000000,-0.0018306808,-0.4029502211,falla_engranaje,0.8000000000
1.6430000000,-0.0018262951,-0.4180306487,falla_engranaje,0.8000000000
1.6435000000,-0.0018591536,-0.4312223247,falla_engranaje,0.8000000000
1.6440000000,-0.0017442152,-0.4122229471,falla_engranaje,0.8000000000
1.6445000000,-0.0018269504,-0.4263340860,falla_engranaje,0.8000000000
1.6450000000,-0.0018855490,-0.4309708857,falla_engranaje,0.8000000000
1.6455000000,-0.0018509178,-0.4141261623,falla_engranaje,0.8000000000
1.6460000000,-0.0017549179,-0.4154006105,falla_engranaje,0.8000000000
1.6465000000,-0.0017722566,-0.4079669670,falla_engranaje,0.8000000000
1.6470000000,-0.0018396184,-0.4067467955,falla_engranaje,0.8000000000
1.6475000000,-0.0018962428,-0.4000333641,falla_engranaje,0.8000000000
1.6480000000,-0.0017697452,-0.3950991771,falla_engranaje,0.8000000000
1.6485000000,-0.0017733826,-0.4087440935,falla_engranaje,0.8000000000
1.6490000000,-0.0018263241,-0.4191965690,falla_engranaje,0.8000000000
1.6495000000,-0.0018780644,-0.4006842079,falla_engranaje,0.8000000000
1.6500000000,-0.0017663462,-0.4161600787,falla_engranaje,0.8000000000
1.6505000000,-0.0019704831,-0.4194726547,falla_engranaje,0.8000000000
1.6510000000,-0.0018435703,-0.4032240719,falla_engranaje,0.8000000000
1.6515000000,-0.0018656004,-0.4135255046,falla_engranaje,0.8000000000
1.6520000000,-0.0019310988,-0.3980017857,falla_engranaje,0.8000000000
1.6525000000,-0.0018539899,-0.4172061864,falla_engranaje,0.8000000000
1.6530000000,-0.0018564869,-0.3961386993,falla_engranaje,0.8000000000
1.6535000000,-0.0019070885,-0.3908579071,falla_engranaje,0.8000000000
1.6540000000,-0.0019189885,-0.3992107081,falla_engranaje,0.8000000000
1.6545000000,-0.0019002199,-0.4063604399,falla_engranaje,0.8000000000
1.6550000000,-0.0019775199,-0.3891178972,falla_engranaje,0.8000000000
1.6555000000,-0.0019885996,-0.4011226615,falla_engranaje,0.8000000000
1.6560000000,-0.0019019835,-0.3920542182,falla_engranaje,0.8000000000
1.6565000000,-0.0019095327,-0.4065839528,falla_engranaje,0.8000000000
1.6570000000,-0.0020306298,-0.3765804950,falla_engranaje,0.8000000000
1.6575000000,-0.0019877707,-0.3988249012,falla_engranaje,0.8000000000
1.6580000000,-0.0019540452,-0.3974311742,falla_engranaje,0.8000000000
1.6585000000,-0.0020753471,-0.4106474778,falla_engranaje,0.8000000000
1.6590000000,-0.0020195010,-0.3986598970,falla_engranaje,0.8000000000
1.6595000000,-0.0019976410,-0.4049107646,falla_engranaje,0.8000000000
1.6600000000,-0.0019879884,-0.3912143856,falla_engranaje,0.8000000000
1.6605000000,-0.0020972690,-0.3937998494,falla_engranaje,0.8000000000
1.6610000000,-0.0019673265,-0.3967888753,falla_engranaje,0.8000000000
1.6615000000,-0.0020542834,-0.4071392319,falla_engranaje,0.8000000000
1.6620000000,-0.0019356518,-0.3941165596,falla_engranaje,0.8000000000
1.6625000000,-0.0020327966,-0.3848496249,falla_engranaje,0.8000000000
1.6630000000,-0.0020916258,-0.3900682747,falla_engranaje,0.8000000000
1.6635000000,-0.0020675903,-0.4022021015,falla_engranaje,0.8000000000
1.6640000000,-0.0019483507,-0.3962786832,falla_engranaje,0.8000000000
1.6645000000,-0.0020993614,-0.3849235040,falla_engranaje,0.8000000000
1.6650000000,-0.0020570481,-0.3947214215,falla_engranaje,0.8000000000
1.6655000000,-0.0021231838,-0.3818369422,falla_engranaje,0.8000000000
1.6660000000,-0.0021381226,-0.3812522021,falla_engranaje,0.8000000000
1.6665000000,-0.0021422936,-0.3953067325,falla_engranaje,0.8000000000
1.6670000000,-0.0020149361,-0.4094342496,falla_engranaje,0.8000000000
1.6675000000,-0.0021636971,-0.3937766727,falla_engranaje,0.8000000000
1.6680000000,-0.0020981395,-0.3839557632,falla_engranaje,0.8000000000
1.6685000000,-0.0020605276,-0.3772657409,falla_engranaje,0.8000000000
1.6690000000,-0.0020061446,-0.3969783498,falla_engranaje,0.8000000000
1.6695000000,-0.0021538093,-0.3749532070,falla_engranaje,0.8000000000
1.6700000000,-0.0019411864,-0.3916174347,falla_engranaje,0.8000000000
1.6705000000,-0.0020964478,-0.3763182886,falla_engranaje,0.8000000000
1.6710000000,-0.0020456820,-0.3928029309,falla_engranaje,0.8000000000
1.6715000000,-0.0022542626,-0.3802284110,falla_engranaje,0.8000000000
1.6720000000,-0.0021142792,-0.3926864605,falla_engranaje,0.8000000000
1.6725000000,-0.0021139858,-0.3967256323,falla_engranaje,0.8000000000
1.6730000000,-0.0021765341,-0.3984470482,falla_engranaje,0.8000000000
1.6735000000,-0.0021881791,-0.3888514573,falla_engranaje,0.8000000000
1.6740000000,-0.0021629443,-0.3804576222,falla_engranaje,0.8000000000
1.6745000000,-0.0021176005,-0.3767153075,falla_engranaje,0.8000000000
1.6750000000,-0.0020720867,-0.3911882586,falla_engranaje,0.8000000000
1.6755000000,-0.0021548631,-0.3769166968,falla_engranaje,0.8000000000
1.6760000000,-0.0022516244,-0.3884036104,falla_engranaje,0.8000000000
1.6765000000,-0.0021438371,-0.3893822526,falla_engranaje,0.8000000000
1.6770000000,-0.0021021478,-0.3987694603,falla_engranaje,0.8000000000
1.6775000000,-0.0021126791,-0.3725981390,falla_engranaje,0.8000000000
1.6780000000,-0.0021359125,-0.3738849883,falla_engranaje,0.8000000000
1.6785000000,-0.0021580490,-0.3812736262,falla_engranaje,0.8000000000
1.6790000000,-0.0021175172,-0.3783569632,falla_engranaje,0.8000000000
1.6795000000,-0.0021455924,-0.3846112663,falla_engranaje,0.8000000000
1.6800000000,-0.0021581428,-0.3832748602,falla_engranaje,0.8000000000
1.6805000000,-0.0021035120,-0.3792782463,falla_engranaje,0.8000000000
1.6810000000,-0.0022374154,-0.3794442366,falla_engranaje,0.8000000000
1.6815000000,-0.0022452773,-0.3980520736,falla_engranaje,0.8000000000
1.6820000000,-0.0022425594,-0.3708731874,falla_engranaje,0.8000000000
1.6825000000,-0.0021915581,-0.3814760769,falla_engranaje,0.8000000000
1.6830000000,-0.0022514927,-0.3771750482,falla_engranaje,0.8000000000
1.6835000000,-0.0021568036,-0.3678315691,falla_engranaje,0.8000000000
1.6840000000,-0.0021231521,-0.3682955655,falla_engranaje,0.8000000000
1.6845000000,-0.0022331531,-0.3751924666,falla_engranaje,0.8000000000
1.6850000000,-0.0021396897,-0.3740479801,falla_engranaje,0.8000000000
1.6855000000,-0.0022196689,-0.3807121416,falla_engranaje,0.8000000000
1.6860000000,-0.0022216193,-0.3946742429,falla_engranaje,0.8000000000
1.6865000000,-0.0022682722,-0.3853517726,falla_engranaje,0.8000000000
1.6870000000,-0.0022062545,-0.3665951243,falla_engranaje,0.8000000000
1.6875000000,-0.0022271190,-0.3794256574,falla_engranaje,0.8000000000
1.6880000000,-0.0022567368,-0.3790945101,falla_engranaje,0.8000000000
1.6885000000,-0.0022442183,-0.3779055535,falla_engranaje,0.8000000000
1.6890000000,-0.0021861138,-0.3832517032,falla_engranaje,0.8000000000
1.6895000000,-0.0022095367,-0.3912364219,falla_engranaje,0.8000000000
1.6900000000,-0.0021839343,-0.3721057396,falla_engranaje,0.8000000000
1.6905000000,-0.0022079424,-0.3669362444,falla_engranaje,0.8000000000
1.6910000000,-0.0021368915,-0.3552284343,falla_engranaje,0.8000000000
1.6915000000,-0.0022450397,-0.3694367087,falla_engranaje,0.8000000000
1.6920000000,-0.0022268098,-0.3643995786,falla_engranaje,0.8000000000
1.6925000000,-0.0021905797,-0.3678648215,falla_engranaje,0.8000000000
1.6930000000,-0.0022540570,-0.3886586870,falla_engranaje,0.8000000000
1.6935000000,-0.0021960517,-0.3809496256,falla_engranaje,0.8000000000
1.6940000000,-0.0021562028,-0.3886257808,falla_engranaje,0.8000000000
1.6945000000,-0.0023752316,-0.3609341284,falla_engranaje,0.8000000000
1.6950000000,-0.0023378461,-0.3712356618,falla_engranaje,0.8000000000
1.6955000000,-0.0022483478,-0.3580340564,falla_engranaje,0.8000000000
1.6960000000,-0.0023515934,-0.3826082254,falla_engranaje,0.8000000000
1.6965000000,-0.0022304143,-0.3941622138,falla_engranaje,0.8000000000
1.6970000000,-0.0021655748,-0.3725291878,falla_engranaje,0.8000000000
1.6975000000,-0.0023033719,-0.3713840716,falla_engranaje,0.8000000000
1.6980000000,-0.0021725280,-0.3747177966,falla_engranaje,0.8000000000
1.6985000000,-0.0022487505,-0.3523172295,falla_engranaje,0.8000000000
1.6990000000,-0.0023593205,-0.3751958516,falla_engranaje,0.8000000000
1.6995000000,-0.0022709837,-0.3727023094,falla_engranaje,0.8000000000
1.7000000000,-0.0020208305,-0.3663821828,falla_engranaje,0.8000000000
1.7005000000,-0.0022711835,-0.3622911942,falla_engranaje,0.8000000000
1.7010000000,-0.0023357615,-0.3744509699,falla_engranaje,0.8000000000
1.7015000000,-0.0021674686,-0.3630761650,falla_engranaje,0.8000000000
1.7020000000,-0.0023759701,-0.3804593188,falla_engranaje,0.8000000000
1.7025000000,-0.0021926258,-0.3555278109,falla_engranaje,0.8000000000
1.7030000000,-0.0022608339,-0.3935262346,falla_engranaje,0.8000000000
1.7035000000,-0.0021587805,-0.3787805272,falla_engranaje,0.8000000000
1.7040000000,-0.0023636847,-0.3479258781,falla_engranaje,0.8000000000
1.7045000000,-0.0023302638,-0.3699662915,falla_engranaje,0.8000000000
1.7050000000,-0.0022165776,-0.3592533015,falla_engranaje,0.8000000000
1.7055000000,-0.0023105147,-0.3523830197,falla_engranaje,0.8000000000
1.7060000000,-0.0023774852,-0.3677612565,falla_engranaje,0.8000000000
1.7065000000,-0.0023456880,-0.3523298328,falla_engranaje,0.8000000000
1.7070000000,-0.0023246963,-0.3661279439,falla_engranaje,0.8000000000
1.7075000000,-0.0022857158,-0.3748569612,falla_engranaje,0.8000000000
1.7080000000,-0.0022353112,-0.3751759427,falla_engranaje,0.8000000000
1.7085000000,-0.0022172992,-0.3524221073,falla_engranaje,0.8000000000
1.7090000000,-0.0023351409,-0.3529230468,falla_engranaje,0.8000000000
1.7095000000,-0.0022522681,-0.3423905108,falla_engranaje,0.8000000000
1.7100000000,-0.0022795212,-0.3662146557,falla_engranaje,0.8000000000
1.7105000000,-0.0022413764,-0.3645892018,falla_engranaje,0.8000000000
1.7110000000,-0.0023121276,-0.3520228081,falla_engranaje,0.8000000000
1.7115000000,-0.0023211372,-0.3588150930,falla_engranaje,0.8000000000
1.7120000000,-0.0022905295,-0.3685633923,falla_engranaje,0.8000000000
1.7125000000,-0.0022466072,-0.3554273660,falla_engranaje,0.8000000000
1.7130000000,-0.0022484020,-0.3397376481,falla_engranaje,0.8000000000
1.7135000000,-0.0023664149,-0.3737608490,falla_engranaje,0.8000000000
1.7140000000,-0.0023249642,-0.3542530623,falla_engranaje,0.8000000000
1.7145000000,-0.0023305080,-0.3681545476,falla_engranaje,0.8000000000
1.7150000000,-0.0022486655,-0.3642308265,falla_engranaje,0.8000000000
1.7155000000,-0.0022981992,-0.3721988195,falla_engranaje,0.8000000000
1.7160000000,-0.0023230206,-0.3635779427,falla_engranaje,0.8000000000
1.7165000000,-0.0023003590,-0.3603720990,falla_engranaje,0.8000000000
1.7170000000,-0.0023111611,-0.3524518487,falla_engranaje,0.8000000000
1.7175000000,-0.0022630492,-0.3638328048,falla_engranaje,0.8000000000
1.7180000000,-0.0022207189,-0.3382621821,falla_engranaje,0.8000000000
1.7185000000,-0.0022674791,-0.3543206536,falla_engranaje,0.8000000000
1.7190000000,-0.0022190833,-0.3610943089,falla_engranaje,0.8000000000
1.7195000000,-0.0024214912,-0.3342934122,falla_engranaje,0.8000000000
1.7200000000,-0.0023108502,-0.3543689989,falla_engranaje,0.8000000000
1.7205000000,-0.0022510404,-0.3485642896,falla_engranaje,0.8000000000
1.7210000000,-0.0021859871,-0.3548660183,falla_engranaje,0.8000000000
1.7215000000,-0.0022018016,-0.3421776993,falla_engranaje,0.8000000000
1.7220000000,-0.0022141262,-0.3482810857,falla_engranaje,0.8000000000
1.7225000000,-0.0023271857,-0.3708001329,falla_engranaje,0.8000000000
1.7230000000,-0.0022416717,-0.3526075894,falla_engranaje,0.8000000000
1.7235000000,-0.0022977271,-0.3519136336,falla_engranaje,0.8000000000
1.7240000000,-0.0021377698,-0.3477850611,falla_engranaje,0.8000000000
1.7245000000,-0.0021621684,-0.3517381643,falla_engranaje,0.8000000000
1.7250000000,-0.0022368521,-0.3454542584,falla_engranaje,0.8000000000
1.7255000000,-0.0022804686,-0.3461118498,falla_engranaje,0.8000000000
1.7260000000,-0.0022319507,-0.3409025086,falla_engranaje,0.8000000000
1.7265000000,-0.0022831128,-0.3530073137,falla_engranaje,0.8000000000
1.7270000000,-0.0023987430,-0.3637801299,falla_engranaje,0.8000000000
1.7275000000,-0.0023716478,-0.3529308114,falla_engranaje,0.8000000000
1.7280000000,-0.0022509044,-0.3531466571,falla_engranaje,0.8000000000
1.7285000000,-0.0022312077,-0.3391736065,falla_engranaje,0.8000000000
1.7290000000,-0.0023522609,-0.3636847191,falla_engranaje,0.8000000000
1.7295000000,-0.0022808110,-0.3427786928,falla_engranaje,0.8000000000
1.7300000000,-0.0022492926,-0.3539153499,falla_engranaje,0.8000000000
1.7305000000,-0.0022984904,-0.3511409163,falla_engranaje,0.8000000000
1.7310000000,-0.0023117638,-0.3425098904,falla_engranaje,0.8000000000
1.7315000000,-0.0022996495,-0.3468237534,falla_engranaje,0.8000000000
1.7320000000,-0.0022311802,-0.3428843272,falla_engranaje,0.8000000000
1.7325000000,-0.0022224444,-0.3295185292,falla_engranaje,0.8000000000
1.7330000000,-0.0023617580,-0.3483436536,falla_engranaje,0.8000000000
1.7335000000,-0.0022774403,-0.3558973721,falla_engranaje,0.8000000000
1.7340000000,-0.0022370586,-0.3481653117,falla_engranaje,0.8000000000
1.7345000000,-0.0023539105,-0.3511594506,falla_engranaje,0.8000000000
1.7350000000,-0.0022243631,-0.3512001689,falla_engranaje,0.8000000000
1.7355000000,-0.0023486667,-0.3536748547,falla_engranaje,0.8000000000
1.7360000000,-0.0021164740,-0.3609876680,falla_engranaje,0.8000000000
1.7365000000,-0.0022379807,-0.3412365283,falla_engranaje,0.8000000000
1.7370000000,-0.0022880982,-0.3229170919,falla_engranaje,0.8000000000
1.7375000000,-0.0022247258,-0.3469474092,falla_engranaje,0.8000000000
1.7380000000,-0.0021966204,-0.3509941359,falla_engranaje,0.8000000000
1.7385000000,-0.0022222200,-0.3372421105,falla_engranaje,0.8000000000
1.7390000000,-0.0021776382,-0.3387832081,falla_engranaje,0.8000000000
1.7395000000,-0.0022578694,-0.3362138147,falla_engranaje,0.8000000000
1.7400000000,-0.0022986596,-0.3561586068,falla_engranaje,0.8000000000
1.7405000000,-0.0022436316,-0.3507865974,falla_engranaje,0.8000000000
1.7410000000,-0.0022022676,-0.3437776850,falla_engranaje,0.8000000000
1.7415000000,-0.0021818582,-0.3296149339,falla_engranaje,0.8000000000
1.7420000000,-0.0021108506,-0.3614800053,falla_engranaje,0.8000000000
1.7425000000,-0.0022113521,-0.3289350250,falla_engranaje,0.8000000000
1.7430000000,-0.0021748714,-0.3555728345,falla_engranaje,0.8000000000
1.7435000000,-0.0022607941,-0.3637570496,falla_engranaje,0.8000000000
1.7440000000,-0.0021764028,-0.3531448530,falla_engranaje,0.8000000000
1.7445000000,-0.0022229841,-0.3333745041,falla_engranaje,0.8000000000
1.7450000000,-0.0022514292,-0.3648299110,falla_engranaje,0.8000000000
1.7455000000,-0.0021126817,-0.3476300720,falla_engranaje,0.8000000000
1.7460000000,-0.0021693958,-0.3302776945,falla_engranaje,0.8000000000
1.7465000000,-0.0021665811,-0.3250737433,falla_engranaje,0.8000000000
1.7470000000,-0.0022783066,-0.3575679642,falla_engranaje,0.8000000000
1.7475000000,-0.0021979205,-0.3498715531,falla_engranaje,0.8000000000
1.7480000000,-0.0023049592,-0.3303780498,falla_engranaje,0.8000000000
1.7485000000,-0.0021792520,-0.3616280643,falla_engranaje,0.8000000000
1.7490000000,-0.0021238593,-0.3370604017,falla_engranaje,0.8000000000
1.7495000000,-0.0021074532,-0.3463819455,falla_engranaje,0.8000000000
1.7500000000,-0.0022507801,-0.3370234359,falla_engranaje,0.8000000000
1.7505000000,-0.0021912900,-0.3414579008,falla_engranaje,0.8000000000
1.7510000000,-0.0022664415,-0.3545104019,falla_engranaje,0.8000000000
1.7515000000,-0.0020992744,-0.3492312400,falla_engranaje,0.8000000000
1.7520000000,-0.0021830046,-0.3401990560,falla_engranaje,0.8000000000
1.7525000000,-0.0021477929,-0.3525594855,falla_engranaje,0.8000000000
1.7530000000,-0.0022727931,-0.3463563712,falla_engranaje,0.8000000000
1.7535000000,-0.0021183330,-0.3258903120,falla_engranaje,0.8000000000
1.7540000000,-0.0021303817,-0.3304946992,falla_engranaje,0.8000000000
1.7545000000,-0.0021181364,-0.3288052054,falla_engranaje,0.8000000000
1.7550000000,-0.0021744932,-0.3429000439,falla_engranaje,0.8000000000
1.7555000000,-0.0022265547,-0.3580394280,falla_engranaje,0.8000000000
1.7560000000,-0.0022439742,-0.3417876956,falla_engranaje,0.8000000000
1.7565000000,-0.0021025348,-0.3395638300,falla_engranaje,0.8000000000
1.7570000000,-0.0021300912,-0.3348575858,falla_engranaje,0.8000000000
1.7575000000,-0.0020952695,-0.3381260683,falla_engranaje,0.8000000000
1.7580000000,-0.0020406898,-0.3138815823,falla_engranaje,0.8000000000
1.7585000000,-0.0020117809,-0.3402146229,falla_engranaje,0.8000000000
1.7590000000,-0.0020303465,-0.3570394682,falla_engranaje,0.8000000000
1.7595000000,-0.0020966374,-0.3344775616,falla_engranaje,0.8000000000
1.7600000000,-0.0021123657,-0.3128066239,falla_engranaje,0.8000000000
1.7605000000,-0.0020870693,-0.3251549307,falla_engranaje,0.8000000000
1.7610000000,-0.0019593775,-0.3248416043,falla_engranaje,0.8000000000
1.7615000000,-0.0021281472,-0.3322718824,falla_engranaje,0.8000000000
1.7620000000,-0.0020608968,-0.3434337822,falla_engranaje,0.8000000000
1.7625000000,-0.0020389830,-0.3110134231,falla_engranaje,0.8000000000
1.7630000000,-0.0020533325,-0.3257769919,falla_engranaje,0.8000000000
1.7635000000,-0.0020426764,-0.3505909063,falla_engranaje,0.8000000000
1.7640000000,-0.0019547738,-0.3483341613,falla_engranaje,0.8000000000
1.7645000000,-0.0019949591,-0.3450398256,falla_engranaje,0.8000000000
1.7650000000,-0.0019882903,-0.3208645056,falla_engranaje,0.8000000000
1.7655000000,-0.0020506415,-0.3135677334,falla_engranaje,0.8000000000
1.7660000000,-0.0020488101,-0.3275989472,falla_engranaje,0.8000000000
1.7665000000,-0.0020078603,-0.3176983816,falla_engranaje,0.8000000000
1.7670000000,-0.0020661163,-0.3232713985,falla_engranaje,0.8000000000
1.7675000000,-0.0020834473,-0.3363720381,falla_engranaje,0.8000000000
1.7680000000,-0.0020017568,-0.3396295683,falla_engranaje,0.8000000000
1.7685000000,-0.0020440232,-0.3350735534,falla_engranaje,0.8000000000
1.7690000000,-0.0018884618,-0.3348236144,falla_engranaje,0.8000000000
1.7695000000,-0.0019181537,-0.3327546153,falla_engranaje,0.8000000000
1.7700000000,-0.0020353225,-0.3421822111,falla_engranaje,0.8000000000
1.7705000000,-0.0020076573,-0.3355972025,falla_engranaje,0.8000000000
1.7710000000,-0.0019255401,-0.3306495060,falla_engranaje,0.8000000000
1.7715000000,-0.0019171519,-0.3438468988,falla_engranaje,0.8000000000
1.7720000000,-0.0019361653,-0.3367149230,falla_engranaje,0.8000000000
1.7725000000,-0.0020184641,-0.3354151385,falla_engranaje,0.8000000000
1.7730000000,-0.0019954069,-0.3112418198,falla_engranaje,0.8000000000
1.7735000000,-0.0019743618,-0.3177219425,falla_engranaje,0.8000000000
1.7740000000,-0.0020280679,-0.3275907889,falla_engranaje,0.8000000000
1.7745000000,-0.0019638080,-0.3264429422,falla_engranaje,0.8000000000
1.7750000000,-0.0019269170,-0.3375708293,falla_engranaje,0.8000000000
1.7755000000,-0.0018484859,-0.3077430307,falla_engranaje,0.8000000000
1.7760000000,-0.0020464162,-0.3235096009,falla_engranaje,0.8000000000
1.7765000000,-0.0019891802,-0.3343408166,falla_engranaje,0.8000000000
1.7770000000,-0.0018107937,-0.3392120919,falla_engranaje,0.8000000000
1.7775000000,-0.0020027091,-0.3064701905,falla_engranaje,0.8000000000
1.7780000000,-0.0018959273,-0.3210787176,falla_engranaje,0.8000000000
1.7785000000,-0.0018359199,-0.3321602866,falla_engranaje,0.8000000000
1.7790000000,-0.0019274797,-0.3188182911,falla_engranaje,0.8000000000
1.7795000000,-0.0017805361,-0.3055646069,falla_engranaje,0.8000000000
1.7800000000,-0.0019768811,-0.3259624703,falla_engranaje,0.8000000000
1.7805000000,-0.0018285483,-0.3176059426,falla_engranaje,0.8000000000
1.7810000000,-0.0019048424,-0.3243725086,falla_engranaje,0.8000000000
1.7815000000,-0.0018432516,-0.3134042083,falla_engranaje,0.8000000000
1.7820000000,-0.0019150669,-0.3205199744,falla_engranaje,0.8000000000
1.7825000000,-0.0018807803,-0.3244846373,falla_engranaje,0.8000000000
1.7830000000,-0.0019127564,-0.3211622445,falla_engranaje,0.8000000000
1.7835000000,-0.0017765054,-0.3273910621,falla_engranaje,0.8000000000
1.7840000000,-0.0019027525,-0.3203291969,falla_engranaje,0.8000000000
1.7845000000,-0.0018138253,-0.3313240854,falla_engranaje,0.8000000000
1.7850000000,-0.0017508651,-0.3220018161,falla_engranaje,0.8000000000
1.7855000000,-0.0018103460,-0.3222787947,falla_engranaje,0.8000000000
1.7860000000,-0.0019000877,-0.3112312265,falla_engranaje,0.8000000000
1.7865000000,-0.0017946745,-0.3125747977,falla_engranaje,0.8000000000
1.7870000000,-0.0017575148,-0.3221731975,falla_engranaje,0.8000000000
1.7875000000,-0.0017553514,-0.3361107660,falla_engranaje,0.8000000000
1.7880000000,-0.0017713173,-0.3145399854,falla_engranaje,0.8000000000
1.7885000000,-0.0018405852,-0.3080892297,falla_engranaje,0.8000000000
1.7890000000,-0.0017152855,-0.3258363889,falla_engranaje,0.8000000000
1.7895000000,-0.0018067459,-0.3099022118,falla_engranaje,0.8000000000
1.7900000000,-0.0017161399,-0.3136212909,falla_engranaje,0.8000000000
1.7905000000,-0.0018369419,-0.3278782725,falla_engranaje,0.8000000000
1.7910000000,-0.0017487312,-0.3145523166,falla_engranaje,0.8000000000
1.7915000000,-0.0017424699,-0.3140175638,falla_engranaje,0.8000000000
1.7920000000,-0.0017029404,-0.3077390896,falla_engranaje,0.8000000000
1.7925000000,-0.0017073291,-0.2963639640,falla_engranaje,0.8000000000
1.7930000000,-0.0017742567,-0.3147895123,falla_engranaje,0.8000000000
1.7935000000,-0.0016799345,-0.3144566424,falla_engranaje,0.8000000000
1.7940000000,-0.0017842292,-0.3155525606,falla_engranaje,0.8000000000
1.7945000000,-0.0016534228,-0.3079652650,falla_engranaje,0.8000000000
1.7950000000,-0.0015323983,-0.3343227859,falla_engranaje,0.8000000000
1.7955000000,-0.0017096383,-0.3107938891,falla_engranaje,0.8000000000
1.7960000000,-0.0016788310,-0.2973203917,falla_engranaje,0.8000000000
1.7965000000,-0.0015943585,-0.3269968721,falla_engranaje,0.8000000000
1.7970000000,-0.0017622557,-0.3213175531,falla_engranaje,0.8000000000
1.7975000000,-0.0016853301,-0.3064100651,falla_engranaje,0.8000000000
1.7980000000,-0.0017256135,-0.3313265065,falla_engranaje,0.8000000000
1.7985000000,-0.0017051186,-0.3098272882,falla_engranaje,0.8000000000
1.7990000000,-0.0016063235,-0.3238481611,falla_engranaje,0.8000000000
1.7995000000,-0.0016766715,-0.3043278434,falla_engranaje,0.8000000000
1.8000000000,-0.0016499075,-0.3135663784,falla_engranaje,0.8000000000
1.8005000000,-0.0016300286,-0.3135013268,falla_engranaje,0.8000000000
1.8010000000,-0.0016538744,-0.3219373691,falla_engranaje,0.8000000000
1.8015000000,-0.0017145850,-0.2939915978,falla_engranaje,0.8000000000
1.8020000000,-0.0016447055,-0.3209359090,falla_engranaje,0.8000000000
1.8025000000,-0.0016826584,-0.2963674056,falla_engranaje,0.8000000000
1.8030000000,-0.0015801857,-0.3122202319,falla_engranaje,0.8000000000
1.8035000000,-0.0016043105,-0.3169071673,falla_engranaje,0.8000000000
1.8040000000,-0.0015310111,-0.3041057740,falla_engranaje,0.8000000000
1.8045000000,-0.0015409507,-0.2984240004,falla_engranaje,0.8000000000
1.8050000000,-0.0014795010,-0.3107953700,falla_engranaje,0.8000000000
1.8055000000,-0.0016307027,-0.3087116037,falla_engranaje,0.8000000000
1.8060000000,-0.0014833845,-0.3168991987,falla_engranaje,0.8000000000
1.8065000000,-0.0015442607,-0.3139156253,falla_engranaje,0.8000000000
1.8070000000,-0.0015707534,-0.3108569938,falla_engranaje,0.8000000000
1.8075000000,-0.0015414102,-0.3017872891,falla_engranaje,0.8000000000
1.8080000000,-0.0015736686,-0.3020364296,falla_engranaje,0.8000000000
1.8085000000,-0.0014604462,-0.3042297027,falla_engranaje,0.8000000000
1.8090000000,-0.0015041965,-0.3150746761,falla_engranaje,0.8000000000
1.8095000000,-0.0014652419,-0.3153425698,falla_engranaje,0.8000000000
1.8100000000,-0.0014931911,-0.3150246433,falla_engranaje,0.8000000000
1.8105000000,-0.0014729590,-0.3143131341,falla_engranaje,0.8000000000
1.8110000000,-0.0014392899,-0.2993188360,falla_engranaje,0.8000000000
1.8115000000,-0.0015091497,-0.2995057966,falla_engranaje,0.8000000000
1.8120000000,-0.0013705949,-0.2802070104,falla_engranaje,0.8000000000
1.8125000000,-0.0014745907,-0.2775652250,falla_engranaje,0.8000000000
1.8130000000,-0.0012988051,-0.3045446867,falla_engranaje,0.8000000000
1.8135000000,-0.0014752719,-0.3168927225,falla_engranaje,0.8000000000
1.8140000000,-0.0015140452,-0.3222455299,falla_engranaje,0.8000000000
1.8145000000,-0.0014075960,-0.2863914809,falla_engranaje,0.8000000000
1.8150000000,-0.0013944221,-0.2915806862,falla_engranaje,0.8000000000
1.8155000000,-0.0015702825,-0.2987460405,falla_engranaje,0.8000000000
1.8160000000,-0.0015210815,-0.3138728201,falla_engranaje,0.8000000000
1.8165000000,-0.0014354762,-0.2767912763,falla_engranaje,0.8000000000
1.8170000000,-0.0014553995,-0.2946079853,falla_engranaje,0.8000000000
1.8175000000,-0.0013412814,-0.2870824931,falla_engranaje,0.8000000000
1.8180000000,-0.0012951514,-0.2948821308,falla_engranaje,0.8000000000
1.8185000000,-0.0013452744,-0.2942346277,falla_engranaje,0.8000000000
1.8190000000,-0.0013184539,-0.2994097104,falla_engranaje,0.8000000000
1.8195000000,-0.0013266154,-0.2931951158,falla_engranaje,0.8000000000
1.8200000000,-0.0013293634,-0.2967127548,falla_engranaje,0.8000000000
1.8205000000,-0.0014213780,-0.3055641870,falla_engranaje,0.8000000000
1.8210000000,-0.0013145608,-0.2987840692,falla_engranaje,0.8000000000
1.8215000000,-0.0012409761,-0.2892019900,falla_engranaje,0.8000000000
1.8220000000,-0.0013903369,-0.3137270988,falla_engranaje,0.8000000000
1.8225000000,-0.0012605077,-0.2824128128,falla_engranaje,0.8000000000
1.8230000000,-0.0011963329,-0.2858116456,falla_engranaje,0.8000000000
1.8235000000,-0.0012994322,-0.2896508194,falla_engranaje,0.8000000000
1.8240000000,-0.0012975999,-0.3022671300,falla_engranaje,0.8000000000
1.8245000000,-0.0011990443,-0.3077884810,falla_engranaje,0.8000000000
1.8250000000,-0.0012399686,-0.2868507553,falla_engranaje,0.8000000000
1.8255000000,-0.0013219988,-0.3099390090,falla_engranaje,0.8000000000
1.8260000000,-0.0013015442,-0.2989188495,falla_engranaje,0.8000000000
1.8265000000,-0.0013432604,-0.2801176031,falla_engranaje,0.8000000000
1.8270000000,-0.0011747856,-0.2759327482,falla_engranaje,0.8000000000
1.8275000000,-0.0012077746,-0.2934463625,falla_engranaje,0.8000000000
1.8280000000,-0.0012444755,-0.2957140539,falla_engranaje,0.8000000000
1.8285000000,-0.0012365144,-0.2854677402,falla_engranaje,0.8000000000
1.8290000000,-0.0011885850,-0.2893225452,falla_engranaje,0.8000000000
1.8295000000,-0.0012257853,-0.2974272993,falla_engranaje,0.8000000000
1.8300000000,-0.0012333989,-0.3022459940,falla_engranaje,0.8000000000
1.8305000000,-0.0011857951,-0.2960953674,falla_engranaje,0.8000000000
1.8310000000,-0.0011522295,-0.2899833360,falla_engranaje,0.8000000000
1.8315000000,-0.0011447763,-0.2897287936,falla_engranaje,0.8000000000
1.8320000000,-0.0012215473,-0.2852985713,falla_engranaje,0.8000000000
1.8325000000,-0.0011759445,-0.2856724020,falla_engranaje,0.8000000000
1.8330000000,-0.0011586808,-0.2786937273,falla_engranaje,0.8000000000
1.8335000000,-0.0012699131,-0.2785035981,falla_engranaje,0.8000000000
1.8340000000,-0.0012224396,-0.2751750953,falla_engranaje,0.8000000000
1.8345000000,-0.0010889248,-0.2752664449,falla_engranaje,0.8000000000
1.8350000000,-0.0012000522,-0.2768648330,falla_engranaje,0.8000000000
1.8355000000,-0.0011859075,-0.2844786706,falla_engranaje,0.8000000000
1.8360000000,-0.0009881144,-0.2780754449,falla_engranaje,0.8000000000
1.8365000000,-0.0012206108,-0.2767348036,falla_engranaje,0.8000000000
1.8370000000,-0.0010307264,-0.2907859557,falla_engranaje,0.8000000000
1.8375000000,-0.0010783792,-0.2944647868,falla_engranaje,0.8000000000
1.8380000000,-0.0009837615,-0.2770350604,falla_engranaje,0.8000000000
1.8385000000,-0.0010732629,-0.2796528336,falla_engranaje,0.8000000000
1.8390000000,-0.0010969010,-0.2879180011,falla_engranaje,0.8000000000
1.8395000000,-0.0011299912,-0.2829973031,falla_engranaje,0.8000000000
1.8400000000,-0.0011279834,-0.2650636692,falla_engranaje,0.8000000000
1.8405000000,-0.0010200344,-0.2847619726,falla_engranaje,0.8000000000
1.8410000000,-0.0010366873,-0.2717104319,falla_engranaje,0.8000000000
1.8415000000,-0.0011114552,-0.2662311999,falla_engranaje,0.8000000000
1.8420000000,-0.0010284421,-0.2635902453,falla_engranaje,0.8000000000
1.8425000000,-0.0010098579,-0.2733672857,falla_engranaje,0.8000000000
1.8430000000,-0.0010102681,-0.2709084272,falla_engranaje,0.8000000000
1.8435000000,-0.0011230516,-0.2625200729,falla_engranaje,0.8000000000
1.8440000000,-0.0008961046,-0.2655759621,falla_engranaje,0.8000000000
1.8445000000,-0.0009739471,-0.2633622978,falla_engranaje,0.8000000000
1.8450000000,-0.0009606466,-0.2467316218,falla_engranaje,0.8000000000
1.8455000000,-0.0010205464,-0.2815597710,falla_engranaje,0.8000000000
1.8460000000,-0.0011022293,-0.2723393776,falla_engranaje,0.8000000000
1.8465000000,-0.0009498691,-0.2849557567,falla_engranaje,0.8000000000
1.8470000000,-0.0009707312,-0.2719082905,falla_engranaje,0.8000000000
1.8475000000,-0.0009761597,-0.2823205622,falla_engranaje,0.8000000000
1.8480000000,-0.0008734539,-0.2765039492,falla_engranaje,0.8000000000
1.8485000000,-0.0007996754,-0.2604464374,falla_engranaje,0.8000000000
1.8490000000,-0.0010293936,-0.2665542722,falla_engranaje,0.8000000000
1.8495000000,-0.0009780719,-0.2602287283,falla_engranaje,0.8000000000
1.8500000000,-0.0008800369,-0.2621338244,falla_engranaje,0.8000000000
1.8505000000,-0.0009844044,-0.2512798478,falla_engranaje,0.8000000000
1.8510000000,-0.0009370946,-0.2842482094,falla_engranaje,0.8000000000
1.8515000000,-0.0008807404,-0.2707878339,falla_engranaje,0.8000000000
1.8520000000,-0.0009728199,-0.2633695680,falla_engranaje,0.8000000000
1.8525000000,-0.0010047181,-0.2689130455,falla_engranaje,0.8000000000
1.8530000000,-0.0009786895,-0.2663340079,falla_engranaje,0.8000000000
1.8535000000,-0.0008368133,-0.2525275858,falla_engranaje,0.8000000000
1.8540000000,-0.0007267640,-0.2525374921,falla_engranaje,0.8000000000
1.8545000000,-0.0009514636,-0.2560760930,falla_engranaje,0.8000000000
1.8550000000,-0.0008550017,-0.2541094146,falla_engranaje,0.8000000000
1.8555000000,-0.0008503206,-0.2576848819,falla_engranaje,0.8000000000
1.8560000000,-0.0008008121,-0.2560737599,falla_engranaje,0.8000000000
1.8565000000,-0.0007572238,-0.2630960687,falla_engranaje,0.8000000000
1.8570000000,-0.0008575553,-0.2485942372,falla_engranaje,0.8000000000
1.8575000000,-0.0008236309,-0.2563311039,falla_engranaje,0.8000000000
1.8580000000,-0.0008167121,-0.2635118099,falla_engranaje,0.8000000000
1.8585000000,-0.0008433152,-0.2409632035,falla_engranaje,0.8000000000
1.8590000000,-0.0007541975,-0.2700507006,falla_engranaje,0.8000000000
1.8595000000,-0.0007640498,-0.2734306295,falla_engranaje,0.8000000000
1.8600000000,-0.0008144815,-0.2688475453,falla_engranaje,0.8000000000
1.8605000000,-0.0007927152,-0.2536299911,falla_engranaje,0.8000000000
1.8610000000,-0.0008524652,-0.2577936414,falla_engranaje,0.8000000000
1.8615000000,-0.0007204230,-0.2309860481,falla_engranaje,0.8000000000
1.8620000000,-0.0006667739,-0.2602060803,falla_engranaje,0.8000000000
1.8625000000,-0.0007277984,-0.2607635506,falla_engranaje,0.8000000000
1.8630000000,-0.0008634864,-0.2442763058,falla_engranaje,0.8000000000
1.8635000000,-0.0007873159,-0.2383321004,falla_engranaje,0.8000000000
1.8640000000,-0.0008456328,-0.2554311348,falla_engranaje,0.8000000000
1.8645000000,-0.0007535140,-0.2656233840,falla_engranaje,0.8000000000
1.8650000000,-0.0008933829,-0.2558102671,falla_engranaje,0.8000000000
1.8655000000,-0.0006583458,-0.2519360497,falla_engranaje,0.8000000000
1.8660000000,-0.0006987648,-0.2565103581,falla_engranaje,0.8000000000
1.8665000000,-0.0007179348,-0.2442291610,falla_engranaje,0.8000000000
1.8670000000,-0.0007330023,-0.2452016668,falla_engranaje,0.8000000000
1.8675000000,-0.0006811473,-0.2519312080,falla_engranaje,0.8000000000
1.8680000000,-0.0007295206,-0.2457598995,falla_engranaje,0.8000000000
1.8685000000,-0.0006699372,-0.2334633859,falla_engranaje,0.8000000000
1.8690000000,-0.0005898980,-0.2476172767,falla_engranaje,0.8000000000
1.8695000000,-0.0006283397,-0.2424538293,falla_engranaje,0.8000000000
1.8700000000,-0.0007548280,-0.2514710492,falla_engranaje,0.8000000000
1.8705000000,-0.0007216545,-0.2403028937,falla_engranaje,0.8000000000
1.8710000000,-0.0005747457,-0.2369396924,falla_engranaje,0.8000000000
1.8715000000,-0.0005858731,-0.2492136740,falla_engranaje,0.8000000000
1.8720000000,-0.0006958199,-0.2538422515,falla_engranaje,0.8000000000
1.8725000000,-0.0007172504,-0.2459092731,falla_engranaje,0.8000000000
1.8730000000,-0.0005076022,-0.2232266260,falla_engranaje,0.8000000000
1.8735000000,-0.0005412263,-0.2521213452,falla_engranaje,0.8000000000
1.8740000000,-0.0005679597,-0.2275479563,falla_engranaje,0.8000000000
1.8745000000,-0.0005511800,-0.2334802109,falla_engranaje,0.8000000000
1.8750000000,-0.0004860744,-0.2344814397,falla_engranaje,0.8000000000
1.8755000000,-0.0006949261,-0.2424990376,falla_engranaje,0.8000000000
1.8760000000,-0.0006218214,-0.2606184266,falla_engranaje,0.8000000000
1.8765000000,-0.0006732968,-0.2425333264,falla_engranaje,0.8000000000
1.8770000000,-0.0005239609,-0.2494885882,falla_engranaje,0.8000000000
1.8775000000,-0.0006379198,-0.2343297526,falla_engranaje,0.8000000000
1.8780000000,-0.0006352875,-0.2184111416,falla_engranaje,0.8000000000
1.8785000000,-0.0005020342,-0.2243591159,falla_engranaje,0.8000000000
1.8790000000,-0.0005011236,-0.2330702808,falla_engranaje,0.8000000000
1.8795000000,-0.0004989513,-0.2171039555,falla_engranaje,0.8000000000
1.8800000000,-0.0005469175,-0.2329275107,falla_engranaje,0.8000000000
1.8805000000,-0.0004678776,-0.2434689482,falla_engranaje,0.8000000000
1.8810000000,-0.0004954729,-0.2224766037,falla_engranaje,0.8000000000
1.8815000000,-0.0005854876,-0.2143481029,falla_engranaje,0.8000000000
1.8820000000,-0.0005392305,-0.2520704884,falla_engranaje,0.8000000000
1.8825000000,-0.0003891479,-0.2323104623,falla_engranaje,0.8000000000
1.8830000000,-0.0005304039,-0.2394385963,falla_engranaje,0.8000000000
1.8835000000,-0.0004239275,-0.2363906407,falla_engranaje,0.8000000000
1.8840000000,-0.0006572969,-0.2253551235,falla_engranaje,0.8000000000
1.8845000000,-0.0005597952,-0.2147190228,falla_engranaje,0.8000000000
1.8850000000,-0.0004576235,-0.2361525321,falla_engranaje,0.8000000000
1.8855000000,-0.0005019541,-0.2354803733,falla_engranaje,0.8000000000
1.8860000000,-0.0005438743,-0.2169762791,falla_engranaje,0.8000000000
1.8865000000,-0.0005614640,-0.2139542423,falla_engranaje,0.8000000000
1.8870000000,-0.0004313759,-0.2347682655,falla_engranaje,0.8000000000
1.8875000000,-0.0004287924,-0.2057126386,falla_engranaje,0.8000000000
1.8880000000,-0.0004659210,-0.2163460995,falla_engranaje,0.8000000000
1.8885000000,-0.0005042295,-0.2235618017,falla_engranaje,0.8000000000
1.8890000000,-0.0005106674,-0.2296975510,falla_engranaje,0.8000000000
1.8895000000,-0.0004194180,-0.2245124920,falla_engranaje,0.8000000000
1.8900000000,-0.0004377475,-0.2128505223,falla_engranaje,0.8000000000
1.8905000000,-0.0005555161,-0.2299495357,falla_engranaje,0.8000000000
1.8910000000,-0.0004515439,-0.2075367767,falla_engranaje,0.8000000000
1.8915000000,-0.0004390245,-0.2081522957,falla_engranaje,0.8000000000
1.8920000000,-0.0004433105,-0.2217650595,falla_engranaje,0.8000000000
1.8925000000,-0.0004329353,-0.1971849332,falla_engranaje,0.8000000000
1.8930000000,-0.0005283022,-0.2080641697,falla_engranaje,0.8000000000
1.8935000000,-0.0004862798,-0.2131636963,falla_engranaje,0.8000000000
1.8940000000,-0.0004162154,-0.1987298217,falla_engranaje,0.8000000000
1.8945000000,-0.0004539807,-0.1984341601,falla_engranaje,0.8000000000
1.8950000000,-0.0003931122,-0.2208407599,falla_engranaje,0.8000000000
1.8955000000,-0.0003863438,-0.2027955267,falla_engranaje,0.8000000000
1.8960000000,-0.0004138084,-0.2112571325,falla_engranaje,0.8000000000
1.8965000000,-0.0003318548,-0.2005147501,falla_engranaje,0.8000000000
1.8970000000,-0.0003049533,-0.2005543806,falla_engranaje,0.8000000000
1.8975000000,-0.0003428908,-0.2091120166,falla_engranaje,0.8000000000
1.8980000000,-0.0003366253,-0.2081701359,falla_engranaje,0.8000000000
1.8985000000,-0.0003002309,-0.2108345757,falla_engranaje,0.8000000000
1.8990000000,-0.0002621035,-0.2109711177,falla_engranaje,0.8000000000
1.8995000000,-0.0002607812,-0.1795324885,falla_engranaje,0.8000000000
1.9000000000,-0.0002578542,-0.1987440931,falla_engranaje,0.8000000000
1.9005000000,-0.0003962761,-0.2031725325,falla_engranaje,0.8000000000
1.9010000000,-0.0003530673,-0.1942140359,falla_engranaje,0.8000000000
1.9015000000,-0.0003763185,-0.1921165058,falla_engranaje,0.8000000000
1.9020000000,-0.0002614855,-0.1989349183,falla_engranaje,0.8000000000
1.9025000000,-0.0003072523,-0.1972154448,falla_engranaje,0.8000000000
1.9030000000,-0.0004379245,-0.1832057779,falla_engranaje,0.8000000000
1.9035000000,-0.0002610250,-0.1877901650,falla_engranaje,0.8000000000
1.9040000000,-0.0003706935,-0.1853504319,falla_engranaje,0.8000000000
1.9045000000,-0.0003331490,-0.1808603899,falla_engranaje,0.8000000000
1.9050000000,-0.0003713410,-0.2048643583,falla_engranaje,0.8000000000
1.9055000000,-0.0003092384,-0.1726796360,falla_engranaje,0.8000000000
1.9060000000,-0.0002441387,-0.1888571631,falla_engranaje,0.8000000000
1.9065000000,-0.0001883609,-0.1976607321,falla_engranaje,0.8000000000
1.9070000000,-0.0003536299,-0.1791748665,falla_engranaje,0.8000000000
1.9075000000,-0.0002166745,-0.1944999448,falla_engranaje,0.8000000000
1.9080000000,-0.0003106393,-0.1883220377,falla_engranaje,0.8000000000
1.9085000000,-0.0001994637,-0.1756105892,falla_engranaje,0.8000000000
1.9090000000,-0.0003735605,-0.1865083697,falla_engranaje,0.8000000000
1.9095000000,-0.0002859561,-0.1770560116,falla_engranaje,0.8000000000
1.9100000000,-0.0002243827,-0.1876197723,falla_engranaje,0.8000000000
1.9105000000,-0.0002686539,-0.1890234116,falla_engranaje,0.8000000000
1.9110000000,-0.0003632036,-0.1985135805,falla_engranaje,0.8000000000
1.9115000000,-0.0002371770,-0.1752919690,falla_engranaje,0.8000000000
1.9120000000,-0.0002866062,-0.1784883003,falla_engranaje,0.8000000000
1.9125000000,-0.0002956025,-0.1761907961,falla_engranaje,0.8000000000
1.9130000000,-0.0002028899,-0.1541002487,falla_engranaje,0.8000000000
1.9135000000,-0.0002912404,-0.1928532543,falla_engranaje,0.8000000000
1.9140000000,-0.0002999276,-0.1777385520,falla_engranaje,0.8000000000
1.9145000000,-0.0002672744,-0.1707330143,falla_engranaje,0.8000000000
1.9150000000,-0.0001737071,-0.1695278169,falla_engranaje,0.8000000000
1.9155000000,-0.0002468886,-0.1701728107,falla_engranaje,0.8000000000
1.9160000000,-0.0003532521,-0.1613776234,falla_engranaje,0.8000000000
1.9165000000,-0.0001606382,-0.1821660384,falla_engranaje,0.8000000000
1.9170000000,-0.0002166217,-0.1705698061,falla_engranaje,0.8000000000
1.9175000000,-0.0002793247,-0.1613170942,falla_engranaje,0.8000000000
1.9180000000,-0.0001646159,-0.1666191095,falla_engranaje,0.8000000000
1.9185000000,-0.0002937367,-0.1667599978,falla_engranaje,0.8000000000
1.9190000000,-0.0000810279,-0.1674545308,falla_engranaje,0.8000000000
1.9195000000,-0.0001505513,-0.1605880542,falla_engranaje,0.8000000000
1.9200000000,-0.0001290351,-0.1728282477,falla_engranaje,0.8000000000
1.9205000000,-0.0003010685,-0.1523296462,falla_engranaje,0.8000000000
1.9210000000,-0.0001299754,-0.1696240956,falla_engranaje,0.8000000000
1.9215000000,-0.0002089689,-0.1507431642,falla_engranaje,0.8000000000
1.9220000000,-0.0003132165,-0.1590051065,falla_engranaje,0.8000000000
1.9225000000,-0.0002611854,-0.1612465533,falla_engranaje,0.8000000000
1.9230000000,-0.0001987803,-0.1687634279,falla_engranaje,0.8000000000
1.9235000000,-0.0002427306,-0.1707045694,falla_engranaje,0.8000000000
1.9240000000,-0.0002800847,-0.1532207015,falla_engranaje,0.8000000000
1.9245000000,-0.0001336600,-0.1504864756,falla_engranaje,0.8000000000
1.9250000000,-0.0001356420,-0.1485397204,falla_engranaje,0.8000000000
1.9255000000,-0.0001907045,-0.1495080678,falla_engranaje,0.8000000000
1.9260000000,-0.0002955044,-0.1566324898,falla_engranaje,0.8000000000
1.9265000000,-0.0002422967,-0.1568589809,falla_engranaje,0.8000000000
1.9270000000,-0.0002305519,-0.1463217829,falla_engranaje,0.8000000000
1.9275000000,-0.0001303035,-0.1604848503,falla_engranaje,0.8000000000
1.9280000000,-0.0002565764,-0.1364700950,falla_engranaje,0.8000000000
1.9285000000,-0.0001509749,-0.1471120300,falla_engranaje,0.8000000000
1.9290000000,-0.0001079178,-0.1575064697,falla_engranaje,0.8000000000
1.9295000000,-0.0001922069,-0.1333407988,falla_engranaje,0.8000000000
1.9300000000,-0.0001818574,-0.1415505788,falla_engranaje,0.8000000000
1.9305000000,-0.0000881539,-0.1589112664,falla_engranaje,0.8000000000
1.9310000000,-0.0001311946,-0.1557504681,falla_engranaje,0.8000000000
1.9315000000,-0.0001069285,-0.1465104488,falla_engranaje,0.8000000000
1.9320000000,-0.0000194714,-0.1447209073,falla_engranaje,0.8000000000
1.9325000000,-0.0000643448,-0.1513630216,falla_engranaje,0.8000000000
1.9330000000,-0.0000530735,-0.1351018932,falla_engranaje,0.8000000000
1.9335000000,-0.0000650574,-0.1382805943,falla_engranaje,0.8000000000
1.9340000000,-0.0000863544,-0.1460180385,falla_engranaje,0.8000000000
1.9345000000,-0.0000020832,-0.1332082735,falla_engranaje,0.8000000000
1.9350000000,-0.0001446354,-0.1412432466,falla_engranaje,0.8000000000
1.9355000000,-0.0001028352,-0.1350738027,falla_engranaje,0.8000000000
1.9360000000,-0.0000857051,-0.1385138457,falla_engranaje,0.8000000000
1.9365000000,-0.0001658531,-0.1189628396,falla_engranaje,0.8000000000
1.9370000000,-0.0000814411,-0.1245040886,falla_engranaje,0.8000000000
1.9375000000,-0.0001281562,-0.1475897031,falla_engranaje,0.8000000000
1.9380000000,-0.0001038658,-0.1313098434,falla_engranaje,0.8000000000
1.9385000000,0.0000015045,-0.1266716941,falla_engranaje,0.8000000000
1.9390000000,-0.0001450528,-0.1351662704,falla_engranaje,0.8000000000
1.9395000000,-0.0001156630,-0.1334749249,falla_engranaje,0.8000000000
1.9400000000,-0.0001587304,-0.1190518741,falla_engranaje,0.8000000000
1.9405000000,-0.0000857949,-0.1285051609,falla_engranaje,0.8000000000
1.9410000000,-0.0001983954,-0.1249874124,falla_engranaje,0.8000000000
1.9415000000,-0.0001141697,-0.1176521535,falla_engranaje,0.8000000000
1.9420000000,-0.0000434259,-0.1411020858,falla_engranaje,0.8000000000
1.9425000000,-0.0001135999,-0.1265203851,falla_engranaje,0.8000000000
1.9430000000,-0.0000815559,-0.1237152240,falla_engranaje,0.8000000000
1.9435000000,-0.0001677140,-0.1051190713,falla_engranaje,0.8000000000
1.9440000000,-0.0000301866,-0.1127096863,falla_engranaje,0.8000000000
1.9445000000,-0.0000786100,-0.1218781634,falla_engranaje,0.8000000000
1.9450000000,-0.0000676508,-0.1185928792,falla_engranaje,0.8000000000
1.9455000000,-0.0001323765,-0.1203124937,falla_engranaje,0.8000000000
1.9460000000,-0.0001810015,-0.1247564117,falla_engranaje,0.8000000000
1.9465000000,-0.0000613768,-0.1177882346,falla_engranaje,0.8000000000
1.9470000000,-0.0000891480,-0.1215958865,falla_engranaje,0.8000000000
1.9475000000,-0.0002331010,-0.1056053197,falla_engranaje,0.8000000000
1.9480000000,-0.0001162859,-0.1202146305,falla_engranaje,0.8000000000
1.9485000000,-0.0000728626,-0.1084142164,falla_engranaje,0.8000000000
1.9490000000,-0.0000873184,-0.0938918743,falla_engranaje,0.8000000000
1.9495000000,0.0000313198,-0.0945430154,falla_engranaje,0.8000000000
1.9500000000,-0.0001750907,-0.1102071647,falla_engranaje,0.8000000000
1.9505000000,-0.0000868583,-0.1250220322,falla_engranaje,0.8000000000
1.9510000000,0.0000091552,-0.0893036172,falla_engranaje,0.8000000000
1.9515000000,-0.0000208375,-0.0923016770,falla_engranaje,0.8000000000
1.9520000000,-0.0000182303,-0.1109587991,falla_engranaje,0.8000000000
1.9525000000,-0.0000875719,-0.1057133185,falla_engranaje,0.8000000000
1.9530000000,-0.0001938143,-0.0922297734,falla_engranaje,0.8000000000
1.9535000000,-0.0001164699,-0.0919027815,falla_engranaje,0.8000000000
1.9540000000,-0.0000060316,-0.0938437349,falla_engranaje,0.8000000000
1.9545000000,-0.0001955896,-0.1031083552,falla_engranaje,0.8000000000
1.9550000000,-0.0001953066,-0.0820468692,falla_engranaje,0.8000000000
1.9555000000,-0.0000352348,-0.1148189541,falla_engranaje,0.8000000000
1.9560000000,-0.0000279374,-0.0875449876,falla_engranaje,0.8000000000
1.9565000000,-0.0000208284,-0.1061889937,falla_engranaje,0.8000000000
1.9570000000,-0.0000688499,-0.0867662137,falla_engranaje,0.8000000000
1.9575000000,-0.0000052409,-0.1103084660,falla_engranaje,0.8000000000
1.9580000000,-0.0000122434,-0.0928106641,falla_engranaje,0.8000000000
1.9585000000,-0.0000649659,-0.0976888777,falla_engranaje,0.8000000000
1.9590000000,-0.0000130893,-0.0944827686,falla_engranaje,0.8000000000
1.9595000000,-0.0001152613,-0.0836014195,falla_engranaje,0.8000000000
1.9600000000,-0.0000594730,-0.0938347779,falla_engranaje,0.8000000000
1.9605000000,0.0000786065,-0.0941535251,falla_engranaje,0.8000000000
1.9610000000,-0.0000976057,-0.0797284205,falla_engranaje,0.8000000000
1.9615000000,-0.0001019474,-0.0705791486,falla_engranaje,0.8000000000
1.9620000000,0.0000172801,-0.0914319619,falla_engranaje,0.8000000000
1.9625000000,-0.0000785347,-0.0882884810,falla_engranaje,0.8000000000
1.9630000000,-0.0000053073,-0.0773231859,falla_engranaje,0.8000000000
1.9635000000,0.0000241714,-0.0659724183,falla_engranaje,0.8000000000
1.9640000000,-0.0000654917,-0.0778582171,falla_engranaje,0.8000000000
1.9645000000,-0.0000897625,-0.0824371339,falla_engranaje,0.8000000000
1.9650000000,-0.0001277108,-0.0881936977,falla_engranaje,0.8000000000
1.9655000000,-0.0000783583,-0.0958031322,falla_engranaje,0.8000000000
1.9660000000,0.0000919055,-0.0913161051,falla_engranaje,0.8000000000
1.9665000000,-0.0001207946,-0.0707831270,falla_engranaje,0.8000000000
1.9670000000,-0.0000464740,-0.0671866474,falla_engranaje,0.8000000000
1.9675000000,-0.0000780760,-0.0590331486,falla_engranaje,0.8000000000
1.9680000000,-0.0000074667,-0.0663656681,falla_engranaje,0.8000000000
1.9685000000,-0.0000617441,-0.0596065591,falla_engranaje,0.8000000000
1.9690000000,-0.0001028133,-0.0770202786,falla_engranaje,0.8000000000
1.9695000000,0.0000296651,-0.0640279444,falla_engranaje,0.8000000000
1.9700000000,-0.0001712054,-0.0662313886,falla_engranaje,0.8000000000
1.9705000000,0.0000188317,-0.0669603464,falla_engranaje,0.8000000000
1.9710000000,-0.0001120609,-0.0694955841,falla_engranaje,0.8000000000
1.9715000000,-0.0000251656,-0.0463918940,falla_engranaje,0.8000000000
1.9720000000,0.0000805819,-0.0670414026,falla_engranaje,0.8000000000
1.9725000000,-0.0001047746,-0.0548539814,falla_engranaje,0.8000000000
1.9730000000,0.0000142803,-0.0762908137,falla_engranaje,0.8000000000
1.9735000000,-0.0001010677,-0.0371704404,falla_engranaje,0.8000000000
1.9740000000,0.0000107187,-0.0564081742,falla_engranaje,0.8000000000
1.9745000000,0.0000003341,-0.0616146105,falla_engranaje,0.8000000000
1.9750000000,-0.0000516531,-0.0402128008,falla_engranaje,0.8000000000
1.9755000000,0.0000469677,-0.0556130735,falla_engranaje,0.8000000000
1.9760000000,0.0000712045,-0.0516020944,falla_engranaje,0.8000000000
1.9765000000,0.0000308385,-0.0617480243,falla_engranaje,0.8000000000
1.9770000000,-0.0000553424,-0.0570509207,falla_engranaje,0.8000000000
1.9775000000,0.0000907903,-0.0453975510,falla_engranaje,0.8000000000
1.9780000000,-0.0000088255,-0.0361888193,falla_engranaje,0.8000000000
1.9785000000,-0.0001129317,-0.0325533182,falla_engranaje,0.8000000000
1.9790000000,-0.0001064070,-0.0341690508,falla_engranaje,0.8000000000
1.9795000000,0.0000287324,-0.0598021841,falla_engranaje,0.8000000000
1.9800000000,0.0000581226,-0.0341717893,falla_engranaje,0.8000000000
1.9805000000,0.0000862168,-0.0387221949,falla_engranaje,0.8000000000
1.9810000000,0.0000542113,-0.0537420361,falla_engranaje,0.8000000000
1.9815000000,0.0000553584,-0.0365825730,falla_engranaje,0.8000000000
1.9820000000,-0.0000101667,-0.0409469291,falla_engranaje,0.8000000000
1.9825000000,0.0000751002,-0.0231023175,falla_engranaje,0.8000000000
1.9830000000,-0.0000329146,-0.0263283151,falla_engranaje,0.8000000000
1.9835000000,-0.0000385795,-0.0410421624,falla_engranaje,0.8000000000
1.9840000000,-0.0000495129,-0.0315547666,falla_engranaje,0.8000000000
1.9845000000,-0.0001467160,-0.0383117800,falla_engranaje,0.8000000000
1.9850000000,-0.0000353855,-0.0240959032,falla_engranaje,0.8000000000
1.9855000000,-0.0000108927,-0.0357041449,falla_engranaje,0.8000000000
1.9860000000,0.0001595068,-0.0223373017,falla_engranaje,0.8000000000
1.9865000000,0.0000284651,-0.0400769318,falla_engranaje,0.8000000000
1.9870000000,-0.0000551828,-0.0328676460,falla_engranaje,0.8000000000
1.9875000000,-0.0000664070,-0.0304050019,falla_engranaje,0.8000000000
1.9880000000,-0.0000195195,-0.0287365722,falla_engranaje,0.8000000000
1.9885000000,-0.0000578067,-0.0459809923,falla_engranaje,0.8000000000
1.9890000000,0.0000296095,-0.0147035997,falla_engranaje,0.8000000000
1.9895000000,-0.0001145291,-0.0104342874,falla_engranaje,0.8000000000
1.9900000000,0.0000458771,-0.0304279143,falla_engranaje,0.8000000000
1.9905000000,-0.0000394795,-0.0185443335,falla_engranaje,0.8000000000
1.9910000000,-0.0000063085,-0.0330391280,falla_engranaje,0.8000000000
1.9915000000,-0.0001045587,-0.0136061354,falla_engranaje,0.8000000000
1.9920000000,-0.0001263301,-0.0238563723,falla_engranaje,0.8000000000
1.9925000000,0.0001570588,-0.0166832647,falla_engranaje,0.8000000000
1.9930000000,-0.0000179174,-0.0207979979,falla_engranaje,0.8000000000
1.9935000000,0.0000338419,-0.0132591005,falla_engranaje,0.8000000000
1.9940000000,0.0000323880,-0.0209256727,falla_engranaje,0.8000000000
1.9945000000,0.0000749959,-0.0080286764,falla_engranaje,0.8000000000
1.9950000000,-0.0000662107,-0.0067387206,falla_engranaje,0.8000000000
1.9955000000,-0.0000803518,0.0041240220,falla_engranaje,0.8000000000
1.9960000000,0.0000039287,0.0009696260,falla_engranaje,0.8000000000
1.9965000000,-0.0001107605,-0.0098295561,falla_engranaje,0.8000000000
1.9970000000,0.0000597928,-0.0156864033,falla_engranaje,0.8000000000
1.9975000000,-0.0001790382,-0.0143744641,falla_engranaje,0.8000000000
1.9980000000,-0.0000076164,0.0036244032,falla_engranaje,0.8000000000
1.9985000000,0.0000325240,0.0063068697,falla_engranaje,0.8000000000
1.9990000000,-0.0000444487,0.0054847065,falla_engranaje,0.8000000000
1.9995000000,0.0001015326,-0.0039647747,falla_engranaje,0.8000000000
2.0000000000,-0.0000297207,0.0138794322,falla_engranaje,0.8000000000
2.0005000000,0.0001079603,-0.0041031762,falla_engranaje,0.8000000000
2.0010000000,0.0000425409,-0.0169439559,falla_engranaje,0.8000000000
2.0015000000,-0.0000805856,0.0034022362,falla_engranaje,0.8000000000
2.0020000000,0.0000592821,-0.0003210249,falla_engranaje,0.8000000000
2.0025000000,-0.0001147686,0.0211638499,falla_engranaje,0.8000000000
2.0030000000,-0.0000686941,0.0072323856,falla_engranaje,0.8000000000
2.0035000000,0.0000052256,0.0159538915,falla_engranaje,0.8000000000
2.0040000000,-0.0000640157,0.0118975433,falla_engranaje,0.8000000000
2.0045000000,-0.0000962666,0.0176196407,falla_engranaje,0.8000000000
2.0050000000,-0.0001173155,0.0022730001,falla_engranaje,0.8000000000
2.0055000000,-0.0000319190,0.0215852197,falla_engranaje,0.8000000000
2.0060000000,0.0000109907,0.0237577790,falla_engranaje,0.8000000000
2.0065000000,0.0001540250,0.0044910922,falla_engranaje,0.8000000000
2.0070000000,0.0001083482,0.0207714522,falla_engranaje,0.8000000000
2.0075000000,-0.0000078631,0.0279521313,falla_engranaje,0.8000000000
2.0080000000,-0.0000641906,0.0200473451,falla_engranaje,0.8000000000
2.0085000000,-0.0000189364,0.0162830039,falla_engranaje,0.8000000000
2.0090000000,-0.0000592681,0.0198292571,falla_engranaje,0.8000000000
2.0095000000,0.0000492627,0.0186557552,falla_engranaje,0.8000000000
2.0100000000,0.0000520132,0.0174354514,falla_engranaje,0.8000000000
2.0105000000,0.0000261151,0.0229874673,falla_engranaje,0.8000000000
2.0110000000,-0.0000642316,0.0204481366,falla_engranaje,0.8000000000
2.0115000000,-0.0000083816,0.0307172997,falla_engranaje,0.8000000000
2.0120000000,-0.0000433785,0.0265908295,falla_engranaje,0.8000000000
2.0125000000,0.0000588342,0.0191200103,falla_engranaje,0.8000000000
2.0130000000,-0.0000503906,0.0069172560,falla_engranaje,0.8000000000
2.0135000000,0.0000651748,0.0371660067,falla_engranaje,0.8000000000
2.0140000000,-0.0000952479,0.0470733864,falla_engranaje,0.8000000000
2.0145000000,-0.0000288295,0.0388573118,falla_engranaje,0.8000000000
2.0150000000,0.0000558651,0.0316605757,falla_engranaje,0.8000000000
2.0155000000,0.0000070738,0.0567024597,falla_engranaje,0.8000000000
2.0160000000,-0.0000718487,0.0264167065,falla_engranaje,0.8000000000
2.0165000000,-0.0000734773,0.0329508414,falla_engranaje,0.8000000000
2.0170000000,-0.0000905145,0.0380087763,falla_engranaje,0.8000000000
2.0175000000,0.0000120298,0.0629506810,falla_engranaje,0.8000000000
2.0180000000,0.0000461082,0.0471603189,falla_engranaje,0.8000000000
2.0185000000,-0.0000278317,0.0471137598,falla_engranaje,0.8000000000
2.0190000000,-0.0000978709,0.0478817047,falla_engranaje,0.8000000000
2.0195000000,-0.0001255639,0.0456641402,falla_engranaje,0.8000000000
2.0200000000,0.0000953319,0.0370649347,falla_engranaje,0.8000000000
2.0205000000,-0.0000449734,0.0444032344,falla_engranaje,0.8000000000
2.0210000000,-0.0000470564,0.0677349903,falla_engranaje,0.8000000000
2.0215000000,-0.0000625417,0.0695067298,falla_engranaje,0.8000000000
2.0220000000,0.0000427171,0.0470858353,falla_engranaje,0.8000000000
2.0225000000,0.0000135746,0.0475022988,falla_engranaje,0.8000000000
2.0230000000,-0.0000740097,0.0279547954,falla_engranaje,0.8000000000
2.0235000000,-0.0000592718,0.0521025406,falla_engranaje,0.8000000000
2.0240000000,-0.0000098903,0.0602300152,falla_engranaje,0.8000000000
2.0245000000,0.0000426777,0.0460574032,falla_engranaje,0.8000000000
2.0250000000,0.0000329312,0.0522016993,falla_engranaje,0.8000000000
2.0255000000,-0.0000062994,0.0579539634,falla_engranaje,0.8000000000
2.0260000000,0.0000659348,0.0388511377,falla_engranaje,0.8000000000
2.0265000000,0.0000979895,0.0453203202,falla_engranaje,0.8000000000
2.0270000000,-0.0000177416,0.0645963703,falla_engranaje,0.8000000000
2.0275000000,0.0000474500,0.0582627477,falla_engranaje,0.8000000000
2.0280000000,-0.0000914435,0.0652504683,falla_engranaje,0.8000000000
2.0285000000,0.0000420930,0.0640617525,falla_engranaje,0.8000000000
2.0290000000,-0.0000631832,0.0657405687,falla_engranaje,0.8000000000
2.0295000000,-0.0000694325,0.0661743402,falla_engranaje,0.8000000000
2.0300000000,-0.0000708848,0.0553542284,falla_engranaje,0.8000000000
2.0305000000,0.0000518404,0.0667919800,falla_engranaje,0.8000000000
2.0310000000,-0.0000636525,0.0726248708,falla_engranaje,0.8000000000
2.0315000000,0.0001184397,0.0596911230,falla_engranaje,0.8000000000
2.0320000000,-0.0000053976,0.0654225865,falla_engranaje,0.8000000000
2.0325000000,0.0000360073,0.0649803671,falla_engranaje,0.8000000000
2.0330000000,-0.0000478849,0.0640487360,falla_engranaje,0.8000000000
2.0335000000,0.0000408935,0.0889180845,falla_engranaje,0.8000000000
2.0340000000,0.0000627563,0.0669976653,falla_engranaje,0.8000000000
2.0345000000,0.0000256667,0.0756667414,falla_engranaje,0.8000000000
2.0350000000,0.0000098495,0.0780493085,falla_engranaje,0.8000000000
2.0355000000,-0.0000467098,0.0888678913,falla_engranaje,0.8000000000
2.0360000000,-0.0000859517,0.0908491291,falla_engranaje,0.8000000000
2.0365000000,0.0000271194,0.0801458842,falla_engranaje,0.8000000000
2.0370000000,0.0000903001,0.0843108730,falla_engranaje,0.8000000000
2.0375000000,0.0000600635,0.0729930969,falla_engranaje,0.8000000000
2.0380000000,0.0000534550,0.0765518724,falla_engranaje,0.8000000000
2.0385000000,-0.0000824501,0.0730714438,falla_engranaje,0.8000000000
2.0390000000,-0.0000128386,0.0935846523,falla_engranaje,0.8000000000
2.0395000000,-0.0001200188,0.0835831482,falla_engranaje,0.8000000000
2.0400000000,0.0000423331,0.0934869918,falla_engranaje,0.8000000000
2.0405000000,-0.0001014159,0.0905296521,falla_engranaje,0.8000000000
2.0410000000,0.0000303385,0.0990570202,falla_engranaje,0.8000000000
2.0415000000,-0.0000059137,0.0913438508,falla_engranaje,0.8000000000
2.0420000000,-0.0000012947,0.0921220291,falla_engranaje,0.8000000000
2.0425000000,-0.0000135461,0.1035941623,falla_engranaje,0.8000000000
2.0430000000,-0.0000206343,0.1072170349,falla_engranaje,0.8000000000
2.0435000000,0.0001155351,0.0911008579,falla_engranaje,0.8000000000
2.0440000000,0.0000866546,0.1002918243,falla_engranaje,0.8000000000
2.0445000000,0.0000457219,0.0975486490,falla_engranaje,0.8000000000
2.0450000000,-0.0000296381,0.0966651243,falla_engranaje,0.8000000000
2.0455000000,0.0000169792,0.1020349585,falla_engranaje,0.8000000000
2.0460000000,0.0000436545,0.0777195814,falla_engranaje,0.8000000000
2.0465000000,0.0000587035,0.0887270501,falla_engranaje,0.8000000000
2.0470000000,-0.0000817587,0.1107620805,falla_engranaje,0.8000000000
2.0475000000,0.0001461714,0.1094100112,falla_engranaje,0.8000000000
2.0480000000,0.0000713611,0.1084551672,falla_engranaje,0.8000000000
2.0485000000,0.0001316720,0.1118949433,falla_engranaje,0.8000000000
2.0490000000,0.0001485882,0.0914885970,falla_engranaje,0.8000000000
2.0495000000,-0.0000103196,0.1112243516,falla_engranaje,0.8000000000
2.0500000000,0.0000110982,0.1220532214,falla_engranaje,0.8000000000
2.0505000000,-0.0000432793,0.0805274050,falla_engranaje,0.8000000000
2.0510000000,0.0000923080,0.1116342367,falla_engranaje,0.8000000000
2.0515000000,0.0001147446,0.1047674116,falla_engranaje,0.8000000000
2.0520000000,0.0000893694,0.1081159865,falla_engranaje,0.8000000000
2.0525000000,0.0001160497,0.1177647621,falla_engranaje,0.8000000000
2.0530000000,0.0001196916,0.1113802176,falla_engranaje,0.8000000000
2.0535000000,-0.0000070799,0.1187198247,falla_engranaje,0.8000000000
2.0540000000,0.0001078556,0.1105219814,falla_engranaje,0.8000000000
2.0545000000,-0.0000483050,0.1165444228,falla_engranaje,0.8000000000
2.0550000000,0.0001218357,0.1178501524,falla_engranaje,0.8000000000
2.0555000000,-0.0000337487,0.1210442800,falla_engranaje,0.8000000000
2.0560000000,0.0000748698,0.1129767189,falla_engranaje,0.8000000000
2.0565000000,0.0000157212,0.1370901754,falla_engranaje,0.8000000000
2.0570000000,0.0000699058,0.1360476149,falla_engranaje,0.8000000000
2.0575000000,0.0000846864,0.1299213735,falla_engranaje,0.8000000000
2.0580000000,0.0000139090,0.1323944382,falla_engranaje,0.8000000000
2.0585000000,0.0002799975,0.1194533928,falla_engranaje,0.8000000000
2.0590000000,-0.0000027504,0.1091868906,falla_engranaje,0.8000000000
2.0595000000,0.0001211819,0.1182601298,falla_engranaje,0.8000000000
2.0600000000,0.0001638792,0.1275365207,falla_engranaje,0.8000000000
2.0605000000,0.0000062428,0.1202452048,falla_engranaje,0.8000000000
2.0610000000,-0.0000299848,0.1214150567,falla_engranaje,0.8000000000
2.0615000000,0.0000752528,0.1438656397,falla_engranaje,0.8000000000
2.0620000000,0.0001235965,0.1367782601,falla_engranaje,0.8000000000
2.0625000000,0.0001044620,0.1438279676,falla_engranaje,0.8000000000
2.0630000000,0.0001502203,0.1343954347,falla_engranaje,0.8000000000
2.0635000000,0.0000145547,0.1409055285,falla_engranaje,0.8000000000
2.0640000000,0.0000822026,0.1359108036,falla_engranaje,0.8000000000
2.0645000000,0.0000730987,0.1477727004,falla_engranaje,0.8000000000
2.0650000000,0.0001263123,0.1287142547,falla_engranaje,0.8000000000
2.0655000000,0.0000213381,0.1382899173,falla_engranaje,0.8000000000
2.0660000000,0.0001485209,0.1293574121,falla_engranaje,0.8000000000
2.0665000000,0.0000750668,0.1348414671,falla_engranaje,0.8000000000
2.0670000000,0.0000683653,0.1374722537,falla_engranaje,0.8000000000
2.0675000000,0.0001831180,0.1433183558,falla_engranaje,0.8000000000
2.0680000000,0.0001078855,0.1555611179,falla_engranaje,0.8000000000
2.0685000000,0.0000930175,0.1522960549,falla_engranaje,0.8000000000
2.0690000000,0.0001441984,0.1412369824,falla_engranaje,0.8000000000
2.0695000000,0.0002463016,0.1433750065,falla_engranaje,0.8000000000
2.0700000000,0.0001654908,0.1648461554,falla_engranaje,0.8000000000
2.0705000000,0.0000941745,0.1361849680,falla_engranaje,0.8000000000
2.0710000000,0.0001685925,0.1546570820,falla_engranaje,0.8000000000
2.0715000000,0.0001633190,0.1447746015,falla_engranaje,0.8000000000
2.0720000000,0.0000923133,0.1582909860,falla_engranaje,0.8000000000
2.0725000000,0.0000943529,0.1629902224,falla_engranaje,0.8000000000
2.0730000000,0.0001509582,0.1515371124,falla_engranaje,0.8000000000
2.0735000000,0.0001612573,0.1516790163,falla_engranaje,0.8000000000
2.0740000000,0.0001112891,0.1408280661,falla_engranaje,0.8000000000
2.0745000000,0.0001676635,0.1684714234,falla_engranaje,0.8000000000
2.0750000000,0.0001136777,0.1600609444,falla_engranaje,0.8000000000
2.0755000000,0.0002166146,0.1592803573,falla_engranaje,0.8000000000
2.0760000000,0.0002046693,0.1499432265,falla_engranaje,0.8000000000
2.0765000000,0.0000709439,0.1591897152,falla_engranaje,0.8000000000
2.0770000000,0.0001944114,0.1572647322,falla_engranaje,0.8000000000
2.0775000000,0.0002593567,0.1559997191,falla_engranaje,0.8000000000
2.0780000000,0.0001509212,0.1626529070,falla_engranaje,0.8000000000
2.0785000000,0.0002705249,0.1833783222,falla_engranaje,0.8000000000
2.0790000000,0.0002136143,0.1493414242,falla_engranaje,0.8000000000
2.0795000000,0.0001421666,0.1527764501,falla_engranaje,0.8000000000
2.0800000000,0.0000588728,0.1571902268,falla_engranaje,0.8000000000
2.0805000000,0.0002405060,0.1647863310,falla_engranaje,0.8000000000
2.0810000000,0.0002850541,0.1584019777,falla_engranaje,0.8000000000
2.0815000000,0.0001619408,0.1683563688,falla_engranaje,0.8000000000
2.0820000000,0.0001882792,0.1786620374,falla_engranaje,0.8000000000
2.0825000000,0.0000634479,0.1587460484,falla_engranaje,0.8000000000
2.0830000000,0.0001727713,0.1782278984,falla_engranaje,0.8000000000
2.0835000000,0.0001097751,0.1744758206,falla_engranaje,0.8000000000
2.0840000000,0.0002949616,0.1608123486,falla_engranaje,0.8000000000
2.0845000000,0.0001762384,0.1678645584,falla_engranaje,0.8000000000
2.0850000000,0.0003424904,0.1897115430,falla_engranaje,0.8000000000
2.0855000000,0.0001763305,0.1821515759,falla_engranaje,0.8000000000
2.0860000000,0.0001927127,0.1725901748,falla_engranaje,0.8000000000
2.0865000000,0.0001262186,0.1841769310,falla_engranaje,0.8000000000
2.0870000000,0.0003350606,0.1731389580,falla_engranaje,0.8000000000
2.0875000000,0.0001372585,0.1817311712,falla_engranaje,0.8000000000
2.0880000000,0.0002045507,0.1846532603,falla_engranaje,0.8000000000
2.0885000000,0.0002794083,0.1739949242,falla_engranaje,0.8000000000
2.0890000000,0.0002786765,0.1775548223,falla_engranaje,0.8000000000
2.0895000000,0.0003309585,0.1669192248,falla_engranaje,0.8000000000
2.0900000000,0.0002428081,0.1931615546,falla_engranaje,0.8000000000
2.0905000000,0.0002835122,0.1764746602,falla_engranaje,0.8000000000
2.0910000000,0.0001231196,0.1914671600,falla_engranaje,0.8000000000
2.0915000000,0.0002526740,0.1878843155,falla_engranaje,0.8000000000
2.0920000000,0.0001792238,0.1854391303,falla_engranaje,0.8000000000
2.0925000000,0.0002854912,0.1918063422,falla_engranaje,0.8000000000
2.0930000000,0.0001895580,0.1661647990,falla_engranaje,0.8000000000
2.0935000000,0.0003679490,0.1918492643,falla_engranaje,0.8000000000
2.0940000000,0.0003766020,0.1858634225,falla_engranaje,0.8000000000
2.0945000000,0.0002822756,0.2053128836,falla_engranaje,0.8000000000
2.0950000000,0.0003557836,0.2008125582,falla_engranaje,0.8000000000
2.0955000000,0.0003231318,0.1883513848,falla_engranaje,0.8000000000
2.0960000000,0.0003042975,0.1885536692,falla_engranaje,0.8000000000
2.0965000000,0.0002395363,0.2028225723,falla_engranaje,0.8000000000
2.0970000000,0.0003093037,0.2025037590,falla_engranaje,0.8000000000
2.0975000000,0.0001798530,0.2118373090,falla_engranaje,0.8000000000
2.0980000000,0.0002429272,0.2104555317,falla_engranaje,0.8000000000
2.0985000000,0.0002950554,0.1805533706,falla_engranaje,0.8000000000
2.0990000000,0.0002660151,0.2083514305,falla_engranaje,0.8000000000
2.0995000000,0.0004575895,0.2147851433,falla_engranaje,0.8000000000
2.1000000000,0.0003654171,0.2001095110,falla_engranaje,0.8000000000
2.1005000000,0.0004167884,0.1797447793,falla_engranaje,0.8000000000
2.1010000000,0.0002585573,0.2012020855,falla_engranaje,0.8000000000
2.1015000000,0.0003345084,0.2172816141,falla_engranaje,0.8000000000
2.1020000000,0.0004616213,0.2030712486,falla_engranaje,0.8000000000
2.1025000000,0.0003188299,0.2111337958,falla_engranaje,0.8000000000
2.1030000000,0.0003569737,0.2046642546,falla_engranaje,0.8000000000
2.1035000000,0.0003676891,0.2200058467,falla_engranaje,0.8000000000
2.1040000000,0.0002849476,0.2120033848,falla_engranaje,0.8000000000
2.1045000000,0.0003627184,0.1998726386,falla_engranaje,0.8000000000
2.1050000000,0.0003463498,0.2305743786,falla_engranaje,0.8000000000
2.1055000000,0.0004020108,0.2125667798,falla_engranaje,0.8000000000
2.1060000000,0.0003215576,0.1937870658,falla_engranaje,0.8000000000
2.1065000000,0.0003988568,0.2119713880,falla_engranaje,0.8000000000
2.1070000000,0.0003931059,0.2166393309,falla_engranaje,0.8000000000
2.1075000000,0.0004964110,0.2085456859,falla_engranaje,0.8000000000
2.1080000000,0.0004273738,0.2146937418,falla_engranaje,0.8000000000
2.1085000000,0.0004618917,0.2198175147,falla_engranaje,0.8000000000
2.1090000000,0.0004626000,0.2230287941,falla_engranaje,0.8000000000
2.1095000000,0.0005020850,0.2190225538,falla_engranaje,0.8000000000
2.1100000000,0.0005384207,0.2283952962,falla_engranaje,0.8000000000
2.1105000000,0.0004034555,0.2002482945,falla_engranaje,0.8000000000
2.1110000000,0.0004842689,0.2034153877,falla_engranaje,0.8000000000
2.1115000000,0.0004374313,0.2090977029,falla_engranaje,0.8000000000
2.1120000000,0.0004735220,0.2270628738,falla_engranaje,0.8000000000
2.1125000000,0.0003501381,0.2329729336,falla_engranaje,0.8000000000
2.1130000000,0.0004301923,0.2330437431,falla_engranaje,0.8000000000
2.1135000000,0.0004392265,0.2359480447,falla_engranaje,0.8000000000
2.1140000000,0.0004693106,0.2152466205,falla_engranaje,0.8000000000
2.1145000000,0.0004424711,0.2329436454,falla_engranaje,0.8000000000
2.1150000000,0.0003783420,0.2194099624,falla_engranaje,0.8000000000
2.1155000000,0.0005127564,0.2248510377,falla_engranaje,0.8000000000
2.1160000000,0.0005920677,0.2152751663,falla_engranaje,0.8000000000
2.1165000000,0.0003553850,0.2373026917,falla_engranaje,0.8000000000
2.1170000000,0.0003209377,0.2187409259,falla_engranaje,0.8000000000
2.1175000000,0.0004254507,0.2207494793,falla_engranaje,0.8000000000
2.1180000000,0.0004664935,0.2227792527,falla_engranaje,0.8000000000
2.1185000000,0.0005232532,0.2355676100,falla_engranaje,0.8000000000
2.1190000000,0.0005225786,0.2047468628,falla_engranaje,0.8000000000
2.1195000000,0.0005659643,0.2368668427,falla_engranaje,0.8000000000
2.1200000000,0.0006520983,0.2196516887,falla_engranaje,0.8000000000
2.1205000000,0.0005151317,0.2308496850,falla_engranaje,0.8000000000
2.1210000000,0.0004781947,0.2227911445,falla_engranaje,0.8000000000
2.1215000000,0.0006772354,0.2320480634,falla_engranaje,0.8000000000
2.1220000000,0.0005149501,0.2462384905,falla_engranaje,0.8000000000
2.1225000000,0.0005706401,0.2158238791,falla_engranaje,0.8000000000
2.1230000000,0.0005021235,0.2115127848,falla_engranaje,0.8000000000
2.1235000000,0.0004237040,0.2332441423,falla_engranaje,0.8000000000
2.1240000000,0.0006195101,0.2413491616,falla_engranaje,0.8000000000
2.1245000000,0.0006107144,0.2280336572,falla_engranaje,0.8000000000
2.1250000000,0.0006217201,0.2470510681,falla_engranaje,0.8000000000
2.1255000000,0.0006252467,0.2236176866,falla_engranaje,0.8000000000
2.1260000000,0.0007162954,0.2327879663,falla_engranaje,0.8000000000
2.1265000000,0.0006324055,0.2416583088,falla_engranaje,0.8000000000
2.1270000000,0.0006673789,0.2361582054,falla_engranaje,0.8000000000
2.1275000000,0.0006498964,0.2442477992,falla_engranaje,0.8000000000
2.1280000000,0.0005484242,0.2609608634,falla_engranaje,0.8000000000
2.1285000000,0.0005872522,0.2527735693,falla_engranaje,0.8000000000
2.1290000000,0.0006380377,0.2157087319,falla_engranaje,0.8000000000
2.1295000000,0.0006259670,0.2561755048,falla_engranaje,0.8000000000
2.1300000000,0.0006448333,0.2464944776,falla_engranaje,0.8000000000
2.1305000000,0.0006679005,0.2415653074,falla_engranaje,0.8000000000
2.1310000000,0.0005464479,0.2654709913,falla_engranaje,0.8000000000
2.1315000000,0.0005369916,0.2357661711,falla_engranaje,0.8000000000
2.1320000000,0.0007090390,0.2445639759,falla_engranaje,0.8000000000
2.1325000000,0.0006903457,0.2371907380,falla_engranaje,0.8000000000
2.1330000000,0.0007301745,0.2555350499,falla_engranaje,0.8000000000
2.1335000000,0.0006293150,0.2430032693,falla_engranaje,0.8000000000
2.1340000000,0.0007894890,0.2458313125,falla_engranaje,0.8000000000
2.1345000000,0.0007040416,0.2623108431,falla_engranaje,0.8000000000
2.1350000000,0.0005695327,0.2485687418,falla_engranaje,0.8000000000
2.1355000000,0.0007615913,0.2617598794,falla_engranaje,0.8000000000
2.1360000000,0.0007409256,0.2482250228,falla_engranaje,0.8000000000
2.1365000000,0.0006994532,0.2571277305,falla_engranaje,0.8000000000
2.1370000000,0.0007543940,0.2559312342,falla_engranaje,0.8000000000
2.1375000000,0.0006557665,0.2408325032,falla_engranaje,0.8000000000
2.1380000000,0.0008640415,0.2555872233,falla_engranaje,0.8000000000
2.1385000000,0.0007602813,0.2612006839,falla_engranaje,0.8000000000
2.1390000000,0.0007255397,0.2504459519,falla_engranaje,0.8000000000
2.1395000000,0.0007500485,0.2549783058,falla_engranaje,0.8000000000
2.1400000000,0.0007194868,0.2488772546,falla_engranaje,0.8000000000
2.1405000000,0.0008491498,0.2508813881,falla_engranaje,0.8000000000
2.1410000000,0.0007358693,0.2615706152,falla_engranaje,0.8000000000
2.1415000000,0.0006884307,0.2471563561,falla_engranaje,0.8000000000
2.1420000000,0.0006756133,0.2610805064,falla_engranaje,0.8000000000
2.1425000000,0.0008902043,0.2435311436,falla_engranaje,0.8000000000
2.1430000000,0.0008506031,0.2627377638,falla_engranaje,0.8000000000
2.1435000000,0.0008273898,0.2655731812,falla_engranaje,0.8000000000
2.1440000000,0.0008585565,0.2640154878,falla_engranaje,0.8000000000
2.1445000000,0.0009334744,0.2556718006,falla_engranaje,0.8000000000
2.1450000000,0.0008104267,0.2658875603,falla_engranaje,0.8000000000
2.1455000000,0.0008459905,0.2534365408,falla_engranaje,0.8000000000
2.1460000000,0.0008660779,0.2628943873,falla_engranaje,0.8000000000
2.1465000000,0.0007493151,0.2590480517,falla_engranaje,0.8000000000
2.1470000000,0.0008635010,0.2653407362,falla_engranaje,0.8000000000
2.1475000000,0.0008458997,0.2811870245,falla_engranaje,0.8000000000
2.1480000000,0.0008637826,0.2698481668,falla_engranaje,0.8000000000
2.1485000000,0.0008758801,0.2664574424,falla_engranaje,0.8000000000
2.1490000000,0.0008080746,0.2627834194,falla_engranaje,0.8000000000
2.1495000000,0.0008854592,0.2806403102,falla_engranaje,0.8000000000
2.1500000000,0.0008327131,0.2701428328,falla_engranaje,0.8000000000
2.1505000000,0.0009491170,0.2643859644,falla_engranaje,0.8000000000
2.1510000000,0.0008576445,0.2545778702,falla_engranaje,0.8000000000
2.1515000000,0.0009443838,0.2609257591,falla_engranaje,0.8000000000
2.1520000000,0.0008409160,0.2774178670,falla_engranaje,0.8000000000
2.1525000000,0.0009574636,0.2607033545,falla_engranaje,0.8000000000
2.1530000000,0.0008837429,0.2752478816,falla_engranaje,0.8000000000
2.1535000000,0.0009112531,0.2692942534,falla_engranaje,0.8000000000
2.1540000000,0.0008255479,0.2806065412,falla_engranaje,0.8000000000
2.1545000000,0.0009042650,0.2760607861,falla_engranaje,0.8000000000
2.1550000000,0.0008828613,0.2724791668,falla_engranaje,0.8000000000
2.1555000000,0.0008439440,0.2705909684,falla_engranaje,0.8000000000
2.1560000000,0.0009714421,0.2657404683,falla_engranaje,0.8000000000
2.1565000000,0.0008547539,0.2608923914,falla_engranaje,0.8000000000
2.1570000000,0.0010072376,0.2643716782,falla_engranaje,0.8000000000
2.1575000000,0.0009202270,0.2757840821,falla_engranaje,0.8000000000
2.1580000000,0.0010303303,0.2635585099,falla_engranaje,0.8000000000
2.1585000000,0.0010594359,0.2679791537,falla_engranaje,0.8000000000
2.1590000000,0.0010080538,0.2785295885,falla_engranaje,0.8000000000
2.1595000000,0.0010010261,0.2643182880,falla_engranaje,0.8000000000
2.1600000000,0.0010423613,0.2684042089,falla_engranaje,0.8000000000
2.1605000000,0.0009328127,0.3017951657,falla_engranaje,0.8000000000
2.1610000000,0.0009055413,0.2794169158,falla_engranaje,0.8000000000
2.1615000000,0.0010281274,0.2732931093,falla_engranaje,0.8000000000
2.1620000000,0.0009794237,0.2834112839,falla_engranaje,0.8000000000
2.1625000000,0.0010818960,0.2762324718,falla_engranaje,0.8000000000
2.1630000000,0.0010990785,0.2775168964,falla_engranaje,0.8000000000
2.1635000000,0.0010036159,0.2808176002,falla_engranaje,0.8000000000
2.1640000000,0.0009849436,0.2782482506,falla_engranaje,0.8000000000
2.1645000000,0.0010159014,0.2781444367,falla_engranaje,0.8000000000
2.1650000000,0.0010113225,0.2787162250,falla_engranaje,0.8000000000
2.1655000000,0.0010867741,0.2939488808,falla_engranaje,0.8000000000
2.1660000000,0.0011108102,0.2920549874,falla_engranaje,0.8000000000
2.1665000000,0.0010512799,0.2939294107,falla_engranaje,0.8000000000
2.1670000000,0.0010631885,0.2929433115,falla_engranaje,0.8000000000
2.1675000000,0.0010836158,0.2793966745,falla_engranaje,0.8000000000
2.1680000000,0.0010485448,0.2851011238,falla_engranaje,0.8000000000
2.1685000000,0.0012890781,0.3026611143,falla_engranaje,0.8000000000
2.1690000000,0.0010306382,0.2798805846,falla_engranaje,0.8000000000
2.1695000000,0.0011392499,0.2807006056,falla_engranaje,0.8000000000
2.1700000000,0.0010246230,0.2883119451,falla_engranaje,0.8000000000
2.1705000000,0.0012118615,0.2753538264,falla_engranaje,0.8000000000
2.1710000000,0.0012129789,0.3078578878,falla_engranaje,0.8000000000
2.1715000000,0.0010523116,0.2857892655,falla_engranaje,0.8000000000
2.1720000000,0.0011773474,0.3043540009,falla_engranaje,0.8000000000
2.1725000000,0.0011780670,0.2755165056,falla_engranaje,0.8000000000
2.1730000000,0.0012306062,0.2820486784,falla_engranaje,0.8000000000
2.1735000000,0.0011212180,0.2618235111,falla_engranaje,0.8000000000
2.1740000000,0.0011407894,0.2868970848,falla_engranaje,0.8000000000
2.1745000000,0.0011439681,0.2910467085,falla_engranaje,0.8000000000
2.1750000000,0.0012468334,0.2836543665,falla_engranaje,0.8000000000
2.1755000000,0.0010512696,0.3135976209,falla_engranaje,0.8000000000
2.1760000000,0.0012562743,0.2924171131,falla_engranaje,0.8000000000
2.1765000000,0.0011455478,0.2824802337,falla_engranaje,0.8000000000
2.1770000000,0.0012022753,0.2841362976,falla_engranaje,0.8000000000
2.1775000000,0.0012178017,0.3055653740,falla_engranaje,0.8000000000
2.1780000000,0.0012384330,0.2976699667,falla_engranaje,0.8000000000
2.1785000000,0.0013099420,0.2915499775,falla_engranaje,0.8000000000
2.1790000000,0.0012393432,0.2991148114,falla_engranaje,0.8000000000
2.1795000000,0.0012585894,0.2875339510,falla_engranaje,0.8000000000
2.1800000000,0.0013136221,0.2944119903,falla_engranaje,0.8000000000
2.1805000000,0.0011565967,0.2965274308,falla_engranaje,0.8000000000
2.1810000000,0.0012577129,0.3014842425,falla_engranaje,0.8000000000
2.1815000000,0.0011873579,0.2846866469,falla_engranaje,0.8000000000
2.1820000000,0.0013534658,0.3067217438,falla_engranaje,0.8000000000
2.1825000000,0.0013202814,0.3013653552,falla_engranaje,0.8000000000
2.1830000000,0.0011609882,0.3004897869,falla_engranaje,0.8000000000
2.1835000000,0.0012499289,0.2853310253,falla_engranaje,0.8000000000
2.1840000000,0.0011863119,0.2963159467,falla_engranaje,0.8000000000
2.1845000000,0.0013356630,0.3009929545,falla_engranaje,0.8000000000
2.1850000000,0.0012156336,0.2977009175,falla_engranaje,0.8000000000
2.1855000000,0.0013902822,0.3051972046,falla_engranaje,0.8000000000
2.1860000000,0.0013922824,0.2838850318,falla_engranaje,0.8000000000
2.1865000000,0.0013034146,0.3113625519,falla_engranaje,0.8000000000
2.1870000000,0.0013700869,0.3148016239,falla_engranaje,0.8000000000
2.1875000000,0.0014600029,0.2994585865,falla_engranaje,0.8000000000
2.1880000000,0.0013383221,0.2893105163,falla_engranaje,0.8000000000
2.1885000000,0.0013297184,0.3016101662,falla_engranaje,0.8000000000
2.1890000000,0.0013326671,0.3111640026,falla_engranaje,0.8000000000
2.1895000000,0.0013059831,0.3131493856,falla_engranaje,0.8000000000
2.1900000000,0.0014591424,0.2979975052,falla_engranaje,0.8000000000
2.1905000000,0.0013058847,0.2813691671,falla_engranaje,0.8000000000
2.1910000000,0.0014453643,0.3132934491,falla_engranaje,0.8000000000
2.1915000000,0.0014007436,0.3107190958,falla_engranaje,0.8000000000
2.1920000000,0.0014039594,0.3151348581,falla_engranaje,0.8000000000
2.1925000000,0.0014751763,0.3080908890,falla_engranaje,0.8000000000
2.1930000000,0.0014286728,0.2949998557,falla_engranaje,0.8000000000
2.1935000000,0.0013404100,0.2999480013,falla_engranaje,0.8000000000
2.1940000000,0.0013357302,0.3079689280,falla_engranaje,0.8000000000
2.1945000000,0.0014380546,0.3308782622,falla_engranaje,0.8000000000
2.1950000000,0.0014447489,0.3051023767,falla_engranaje,0.8000000000
2.1955000000,0.0014188643,0.3024437216,falla_engranaje,0.8000000000
2.1960000000,0.0013877730,0.3141289481,falla_engranaje,0.8000000000
2.1965000000,0.0015427098,0.2913178357,falla_engranaje,0.8000000000
2.1970000000,0.0014010912,0.2877444664,falla_engranaje,0.8000000000
2.1975000000,0.0015067843,0.3142052990,falla_engranaje,0.8000000000
2.1980000000,0.0014062387,0.3132932208,falla_engranaje,0.8000000000
2.1985000000,0.0015333742,0.3084891318,falla_engranaje,0.8000000000
2.1990000000,0.0013284747,0.3277540804,falla_engranaje,0.8000000000
2.1995000000,0.0015323652,0.3265559431,falla_engranaje,0.8000000000
2.2000000000,0.0015263126,0.3078078798,falla_engranaje,0.8000000000
2.2005000000,0.0014595466,0.3215916358,falla_engranaje,0.8000000000
2.2010000000,0.0014504031,0.3193105168,falla_engranaje,0.8000000000
2.2015000000,0.0014614963,0.3065660297,falla_engranaje,0.8000000000
2.2020000000,0.0014634160,0.3181776160,falla_engranaje,0.8000000000
2.2025000000,0.0015951105,0.3049161663,falla_engranaje,0.8000000000
2.2030000000,0.0014819875,0.3389663078,falla_engranaje,0.8000000000
2.2035000000,0.0015219529,0.3183485222,falla_engranaje,0.8000000000
2.2040000000,0.0015487024,0.3100785476,falla_engranaje,0.8000000000
2.2045000000,0.0015432983,0.3174683552,falla_engranaje,0.8000000000
2.2050000000,0.0015629896,0.3205139470,falla_engranaje,0.8000000000
2.2055000000,0.0015656977,0.3352378693,falla_engranaje,0.8000000000
2.2060000000,0.0015795031,0.3370596564,falla_engranaje,0.8000000000
2.2065000000,0.0016259774,0.2871423455,falla_engranaje,0.8000000000
2.2070000000,0.0015859053,0.3265223642,falla_engranaje,0.8000000000
2.2075000000,0.0015635917,0.2995154048,falla_engranaje,0.8000000000
2.2080000000,0.0015687081,0.3318964282,falla_engranaje,0.8000000000
2.2085000000,0.0015620543,0.3133901607,falla_engranaje,0.8000000000
2.2090000000,0.0014576327,0.3068516558,falla_engranaje,0.8000000000
2.2095000000,0.0017468539,0.3257771555,falla_engranaje,0.8000000000
2.2100000000,0.0015482679,0.3221868606,falla_engranaje,0.8000000000
2.2105000000,0.0015635510,0.3174802834,falla_engranaje,0.8000000000
2.2110000000,0.0016637224,0.3428463350,falla_engranaje,0.8000000000
2.2115000000,0.0015755371,0.3402815425,falla_engranaje,0.8000000000
2.2120000000,0.0017143553,0.3165052822,falla_engranaje,0.8000000000
2.2125000000,0.0015559674,0.3068601644,falla_engranaje,0.8000000000
2.2130000000,0.0016185739,0.3131845061,falla_engranaje,0.8000000000
2.2135000000,0.0015811955,0.3254011142,falla_engranaje,0.8000000000
2.2140000000,0.0015732216,0.3187460607,falla_engranaje,0.8000000000
2.2145000000,0.0017631937,0.3201663408,falla_engranaje,0.8000000000
2.2150000000,0.0016997765,0.3280555312,falla_engranaje,0.8000000000
2.2155000000,0.0016070533,0.3182321643,falla_engranaje,0.8000000000
2.2160000000,0.0016913228,0.3243922789,falla_engranaje,0.8000000000
2.2165000000,0.0016189064,0.3388541091,falla_engranaje,0.8000000000
2.2170000000,0.0017586321,0.3170563094,falla_engranaje,0.8000000000
2.2175000000,0.0016190664,0.3152459422,falla_engranaje,0.8000000000
2.2180000000,0.0015949656,0.3169065420,falla_engranaje,0.8000000000
2.2185000000,0.0016907590,0.3179448093,falla_engranaje,0.8000000000
2.2190000000,0.0016324264,0.3243442243,falla_engranaje,0.8000000000
2.2195000000,0.0015939850,0.3344254498,falla_engranaje,0.8000000000
2.2200000000,0.0017271338,0.3305442929,falla_engranaje,0.8000000000
2.2205000000,0.0016431170,0.3299413194,falla_engranaje,0.8000000000
2.2210000000,0.0016995230,0.3329492345,falla_engranaje,0.8000000000
2.2215000000,0.0017138406,0.3332123407,falla_engranaje,0.8000000000
2.2220000000,0.0016314914,0.3004127573,falla_engranaje,0.8000000000
2.2225000000,0.0017478946,0.3303103121,falla_engranaje,0.8000000000
2.2230000000,0.0016533401,0.3227575268,falla_engranaje,0.8000000000
2.2235000000,0.0016483731,0.3161562179,falla_engranaje,0.8000000000
2.2240000000,0.0016262921,0.3259316495,falla_engranaje,0.8000000000
2.2245000000,0.0017140995,0.3210917249,falla_engranaje,0.8000000000
2.2250000000,0.0018456726,0.3337266562,falla_engranaje,0.8000000000
2.2255000000,0.0017295597,0.3407418765,falla_engranaje,0.8000000000
2.2260000000,0.0016763259,0.3245290034,falla_engranaje,0.8000000000
2.2265000000,0.0017416085,0.3233770445,falla_engranaje,0.8000000000
2.2270000000,0.0017361282,0.3446134540,falla_engranaje,0.8000000000
2.2275000000,0.0017257904,0.3314638601,falla_engranaje,0.8000000000
2.2280000000,0.0016685241,0.3185425354,falla_engranaje,0.8000000000
2.2285000000,0.0017858934,0.3494077360,falla_engranaje,0.8000000000
2.2290000000,0.0016920547,0.3106572496,falla_engranaje,0.8000000000
2.2295000000,0.0017095510,0.3339729721,falla_engranaje,0.8000000000
2.2300000000,0.0017750628,0.3178404585,falla_engranaje,0.8000000000
2.2305000000,0.0017889612,0.3349938500,falla_engranaje,0.8000000000
2.2310000000,0.0018377292,0.3333243832,falla_engranaje,0.8000000000
2.2315000000,0.0018611285,0.3408393899,falla_engranaje,0.8000000000
2.2320000000,0.0018189578,0.3180022413,falla_engranaje,0.8000000000
2.2325000000,0.0017496444,0.3299568501,falla_engranaje,0.8000000000
2.2330000000,0.0018059018,0.3361365014,falla_engranaje,0.8000000000
2.2335000000,0.0017948337,0.3269375698,falla_engranaje,0.8000000000
2.2340000000,0.0017316662,0.3359806205,falla_engranaje,0.8000000000
2.2345000000,0.0019114492,0.3295764184,falla_engranaje,0.8000000000
2.2350000000,0.0017923909,0.3397923463,falla_engranaje,0.8000000000
2.2355000000,0.0017918139,0.3441287391,falla_engranaje,0.8000000000
2.2360000000,0.0017346109,0.3279247556,falla_engranaje,0.8000000000
2.2365000000,0.0018128219,0.3360748388,falla_engranaje,0.8000000000
2.2370000000,0.0018485904,0.3415384136,falla_engranaje,0.8000000000
2.2375000000,0.0017321814,0.3256711024,falla_engranaje,0.8000000000
2.2380000000,0.0017619784,0.3317072128,falla_engranaje,0.8000000000
2.2385000000,0.0018610393,0.3336028511,falla_engranaje,0.8000000000
2.2390000000,0.0017886954,0.3453364304,falla_engranaje,0.8000000000
2.2395000000,0.0018479578,0.3462575029,falla_engranaje,0.8000000000
2.2400000000,0.0018807247,0.3615225769,falla_engranaje,0.8000000000
2.2405000000,0.0017513370,0.3303079126,falla_engranaje,0.8000000000
2.2410000000,0.0018470254,0.3348934870,falla_engranaje,0.8000000000
2.2415000000,0.0018129748,0.3499052664,falla_engranaje,0.8000000000
2.2420000000,0.0018627591,0.3409824873,falla_engranaje,0.8000000000
2.2425000000,0.0018381716,0.3554745640,falla_engranaje,0.8000000000
2.2430000000,0.0019404591,0.3281934297,falla_engranaje,0.8000000000
2.2435000000,0.0018945447,0.3341657677,falla_engranaje,0.8000000000
2.2440000000,0.0019284367,0.3423813545,falla_engranaje,0.8000000000
2.2445000000,0.0018748231,0.3404291385,falla_engranaje,0.8000000000
2.2450000000,0.0019748138,0.3357708540,falla_engranaje,0.8000000000
2.2455000000,0.0018588152,0.3450300853,falla_engranaje,0.8000000000
2.2460000000,0.0018015207,0.3268788794,falla_engranaje,0.8000000000
2.2465000000,0.0018943305,0.3375114856,falla_engranaje,0.8000000000
2.2470000000,0.0019223844,0.3478773292,falla_engranaje,0.8000000000
2.2475000000,0.0019501927,0.3221320954,falla_engranaje,0.8000000000
2.2480000000,0.0018064791,0.3432747410,falla_engranaje,0.8000000000
2.2485000000,0.0019949499,0.3533001038,falla_engranaje,0.8000000000
2.2490000000,0.0018529024,0.3342005664,falla_engranaje,0.8000000000
2.2495000000,0.0018334329,0.3300658541,falla_engranaje,0.8000000000
2.2500000000,0.0019754093,0.3462533938,falla_engranaje,0.8000000000
2.2505000000,0.0019907266,0.3444655631,falla_engranaje,0.8000000000
2.2510000000,0.0019911545,0.3321595280,falla_engranaje,0.8000000000
2.2515000000,0.0018394672,0.3379036347,falla_engranaje,0.8000000000
2.2520000000,0.0019981584,0.3427780568,falla_engranaje,0.8000000000
2.2525000000,0.0018467451,0.3467035869,falla_engranaje,0.8000000000
2.2530000000,0.0019798312,0.3565886982,falla_engranaje,0.8000000000
2.2535000000,0.0019305817,0.3327223263,falla_engranaje,0.8000000000
2.2540000000,0.0019288752,0.3488224381,falla_engranaje,0.8000000000
2.2545000000,0.0019618834,0.3450766878,falla_engranaje,0.8000000000
2.2550000000,0.0019941210,0.3563045473,falla_engranaje,0.8000000000
2.2555000000,0.0019256226,0.3322471557,falla_engranaje,0.8000000000
2.2560000000,0.0019559732,0.3526669052,falla_engranaje,0.8000000000
2.2565000000,0.0019345877,0.3383231463,falla_engranaje,0.8000000000
2.2570000000,0.0019200584,0.3397054141,falla_engranaje,0.8000000000
2.2575000000,0.0017876027,0.3346130792,falla_engranaje,0.8000000000
2.2580000000,0.0020193974,0.3552545377,falla_engranaje,0.8000000000
2.2585000000,0.0018831257,0.3307356759,falla_engranaje,0.8000000000
2.2590000000,0.0020220999,0.3502135937,falla_engranaje,0.8000000000
2.2595000000,0.0020140864,0.3595377240,falla_engranaje,0.8000000000
2.2600000000,0.0019931127,0.3414457041,falla_engranaje,0.8000000000
2.2605000000,0.0020334703,0.3472927476,falla_engranaje,0.8000000000
2.2610000000,0.0019038044,0.3334278030,falla_engranaje,0.8000000000
2.2615000000,0.0020275564,0.3463042306,falla_engranaje,0.8000000000
2.2620000000,0.0019081359,0.3344045744,falla_engranaje,0.8000000000
2.2625000000,0.0020053426,0.3638676454,falla_engranaje,0.8000000000
2.2630000000,0.0020888838,0.3396938241,falla_engranaje,0.8000000000
2.2635000000,0.0020310412,0.3452695658,falla_engranaje,0.8000000000
2.2640000000,0.0020633188,0.3459816382,falla_engranaje,0.8000000000
2.2645000000,0.0020704509,0.3281451813,falla_engranaje,0.8000000000
2.2650000000,0.0019383663,0.3211514182,falla_engranaje,0.8000000000
2.2655000000,0.0018896526,0.3763710156,falla_engranaje,0.8000000000
2.2660000000,0.0019849481,0.3412102558,falla_engranaje,0.8000000000
2.2665000000,0.0020027578,0.3748270355,falla_engranaje,0.8000000000
2.2670000000,0.0019988605,0.3542399544,falla_engranaje,0.8000000000
2.2675000000,0.0020599268,0.3440484373,falla_engranaje,0.8000000000
2.2680000000,0.0019141865,0.3608450990,falla_engranaje,0.8000000000
2.2685000000,0.0020595830,0.3615387373,falla_engranaje,0.8000000000
2.2690000000,0.0019741397,0.3353241673,falla_engranaje,0.8000000000
2.2695000000,0.0019687777,0.3564169346,falla_engranaje,0.8000000000
2.2700000000,0.0018672518,0.3728812066,falla_engranaje,0.8000000000
2.2705000000,0.0019726554,0.3582632553,falla_engranaje,0.8000000000
2.2710000000,0.0019147947,0.3670502119,falla_engranaje,0.8000000000
2.2715000000,0.0020019915,0.3434060817,falla_engranaje,0.8000000000
2.2720000000,0.0019461609,0.3486993429,falla_engranaje,0.8000000000
2.2725000000,0.0020866067,0.3490701777,falla_engranaje,0.8000000000
2.2730000000,0.0020147922,0.3484628879,falla_engranaje,0.8000000000
2.2735000000,0.0020805027,0.3368946988,falla_engranaje,0.8000000000
2.2740000000,0.0019852006,0.3517139100,falla_engranaje,0.8000000000
2.2745000000,0.0019383143,0.3419758730,falla_engranaje,0.8000000000
2.2750000000,0.0020788183,0.3605165432,falla_engranaje,0.8000000000
2.2755000000,0.0020080012,0.3322390827,falla_engranaje,0.8000000000
2.2760000000,0.0020178236,0.3478154066,falla_engranaje,0.8000000000
2.2765000000,0.0020761891,0.3592816310,falla_engranaje,0.8000000000
2.2770000000,0.0021195633,0.3573011014,falla_engranaje,0.8000000000
2.2775000000,0.0020552754,0.3533827622,falla_engranaje,0.8000000000
2.2780000000,0.0021500252,0.3669867480,falla_engranaje,0.8000000000
2.2785000000,0.0020315034,0.3604121508,falla_engranaje,0.8000000000
2.2790000000,0.0019740044,0.3579716223,falla_engranaje,0.8000000000
2.2795000000,0.0020161050,0.3562549375,falla_engranaje,0.8000000000
2.2800000000,0.0019268314,0.3513031980,falla_engranaje,0.8000000000
2.2805000000,0.0021232320,0.3650177474,falla_engranaje,0.8000000000
2.2810000000,0.0021277807,0.3631140204,falla_engranaje,0.8000000000
2.2815000000,0.0020898377,0.3592772010,falla_engranaje,0.8000000000
2.2820000000,0.0020463320,0.3686463941,falla_engranaje,0.8000000000
2.2825000000,0.0019060607,0.3377268798,falla_engranaje,0.8000000000
2.2830000000,0.0020751001,0.3503941326,falla_engranaje,0.8000000000
2.2835000000,0.0019207186,0.3549831016,falla_engranaje,0.8000000000
2.2840000000,0.0019640903,0.3767071588,falla_engranaje,0.8000000000
2.2845000000,0.0019719249,0.3505948172,falla_engranaje,0.8000000000
2.2850000000,0.0020602815,0.3559504985,falla_engranaje,0.8000000000
2.2855000000,0.0020378420,0.3535191983,falla_engranaje,0.8000000000
2.2860000000,0.0020000735,0.3674371615,falla_engranaje,0.8000000000
2.2865000000,0.0020312398,0.3610776854,falla_engranaje,0.8000000000
2.2870000000,0.0021425666,0.3586227642,falla_engranaje,0.8000000000
2.2875000000,0.0020952287,0.3587614023,falla_engranaje,0.8000000000
2.2880000000,0.0019330811,0.3714678874,falla_engranaje,0.8000000000
2.2885000000,0.0020305801,0.3659049994,falla_engranaje,0.8000000000
2.2890000000,0.0019944092,0.3616318486,falla_engranaje,0.8000000000
2.2895000000,0.0021461463,0.3638289299,falla_engranaje,0.8000000000
2.2900000000,0.0020165564,0.3624464772,falla_engranaje,0.8000000000
2.2905000000,0.0021507995,0.3538266322,falla_engranaje,0.8000000000
2.2910000000,0.0020544936,0.3627783006,falla_engranaje,0.8000000000
2.2915000000,0.0020249725,0.3783748872,falla_engranaje,0.8000000000
2.2920000000,0.0019533166,0.3442241125,falla_engranaje,0.8000000000
2.2925000000,0.0020175159,0.3674819595,falla_engranaje,0.8000000000
2.2930000000,0.0020993821,0.3851700114,falla_engranaje,0.8000000000
2.2935000000,0.0020449224,0.3583355180,falla_engranaje,0.8000000000
2.2940000000,0.0019478414,0.3610813417,falla_engranaje,0.8000000000
2.2945000000,0.0020539271,0.3492865991,falla_engranaje,0.8000000000
2.2950000000,0.0020979879,0.3586012631,falla_engranaje,0.8000000000
2.2955000000,0.0020768879,0.3587404320,falla_engranaje,0.8000000000
2.2960000000,0.0020986911,0.3645697472,falla_engranaje,0.8000000000
2.2965000000,0.0019780746,0.3680387115,falla_engranaje,0.8000000000
2.2970000000,0.0020295091,0.3721718365,falla_engranaje,0.8000000000
2.2975000000,0.0021245766,0.3673349665,falla_engranaje,0.8000000000
2.2980000000,0.0020803171,0.3740375466,falla_engranaje,0.8000000000
2.2985000000,0.0021164232,0.3875607953,falla_engranaje,0.8000000000
2.2990000000,0.0020096360,0.3828777373,falla_engranaje,0.8000000000
2.2995000000,0.0020531914,0.3528099816,falla_engranaje,0.8000000000
2.3000000000,0.0020313169,0.3762496370,falla_engranaje,0.8000000000
2.3005000000,0.0020329035,0.3709417340,falla_engranaje,0.8000000000
2.3010000000,0.0020099123,0.3729465320,falla_engranaje,0.8000000000
2.3015000000,0.0021365573,0.3706610906,falla_engranaje,0.8000000000
2.3020000000,0.0020044038,0.3660212676,falla_engranaje,0.8000000000
2.3025000000,0.0020486717,0.3639797984,falla_engranaje,0.8000000000
2.3030000000,0.0020514524,0.3867353499,falla_engranaje,0.8000000000
2.3035000000,0.0020922542,0.3743279482,falla_engranaje,0.8000000000
2.3040000000,0.0019762318,0.3649370892,falla_engranaje,0.8000000000
2.3045000000,0.0019637810,0.3648052640,falla_engranaje,0.8000000000
2.3050000000,0.0020087029,0.3688413420,falla_engranaje,0.8000000000
2.3055000000,0.0020591941,0.3805004056,falla_engranaje,0.8000000000
2.3060000000,0.0019442630,0.3616194786,falla_engranaje,0.8000000000
2.3065000000,0.0020649774,0.3618144891,falla_engranaje,0.8000000000
2.3070000000,0.0018944898,0.3626298012,falla_engranaje,0.8000000000
2.3075000000,0.0019568373,0.3622718303,falla_engranaje,0.8000000000
2.3080000000,0.0019791666,0.3684812245,falla_engranaje,0.8000000000
2.3085000000,0.0021491930,0.3736198423,falla_engranaje,0.8000000000
2.3090000000,0.0019413102,0.3770334260,falla_engranaje,0.8000000000
2.3095000000,0.0019917818,0.3730433740,falla_engranaje,0.8000000000
2.3100000000,0.0020493009,0.3810470283,falla_engranaje,0.8000000000
2.3105000000,0.0020529703,0.3706340179,falla_engranaje,0.8000000000
2.3110000000,0.0019971595,0.3737286265,falla_engranaje,0.8000000000
2.3115000000,0.0020522925,0.3961715913,falla_engranaje,0.8000000000
2.3120000000,0.0020107583,0.3581044194,falla_engranaje,0.8000000000
2.3125000000,0.0020740328,0.3664271974,falla_engranaje,0.8000000000
2.3130000000,0.0020802481,0.3724235224,falla_engranaje,0.8000000000
2.3135000000,0.0020156921,0.3708119379,falla_engranaje,0.8000000000
2.3140000000,0.0019828191,0.3763739393,falla_engranaje,0.8000000000
2.3145000000,0.0020113007,0.3821931606,falla_engranaje,0.8000000000
2.3150000000,0.0020308180,0.3780387235,falla_engranaje,0.8000000000
2.3155000000,0.0020204667,0.3808419836,falla_engranaje,0.8000000000
2.3160000000,0.0020054222,0.3754192009,falla_engranaje,0.8000000000
2.3165000000,0.0018907226,0.3705250445,falla_engranaje,0.8000000000
2.3170000000,0.0019884566,0.3971152065,falla_engranaje,0.8000000000
2.3175000000,0.0020199834,0.4006948327,falla_engranaje,0.8000000000
2.3180000000,0.0019345893,0.3785310944,falla_engranaje,0.8000000000
2.3185000000,0.0019543802,0.3743767262,falla_engranaje,0.8000000000
2.3190000000,0.0019155770,0.3660358515,falla_engranaje,0.8000000000
2.3195000000,0.0019467629,0.3775764071,falla_engranaje,0.8000000000
2.3200000000,0.0020827820,0.3753176115,falla_engranaje,0.8000000000
2.3205000000,0.0019872310,0.3801125991,falla_engranaje,0.8000000000
2.3210000000,0.0018909617,0.3685663332,falla_engranaje,0.8000000000
2.3215000000,0.0019141613,0.3799963772,falla_engranaje,0.8000000000
2.3220000000,0.0019077998,0.3816247925,falla_engranaje,0.8000000000
2.3225000000,0.0019967631,0.3880353509,falla_engranaje,0.8000000000
2.3230000000,0.0019456118,0.3613764021,falla_engranaje,0.8000000000
2.3235000000,0.0019078271,0.3801228838,falla_engranaje,0.8000000000
2.3240000000,0.0020736837,0.3909527304,falla_engranaje,0.8000000000
2.3245000000,0.0019872674,0.3868181870,falla_engranaje,0.8000000000
2.3250000000,0.0019805098,0.4046619797,falla_engranaje,0.8000000000
2.3255000000,0.0020658167,0.3985052464,falla_engranaje,0.8000000000
2.3260000000,0.0019419774,0.3801482747,falla_engranaje,0.8000000000
2.3265000000,0.0019131497,0.3793276671,falla_engranaje,0.8000000000
2.3270000000,0.0019648097,0.3878820116,falla_engranaje,0.8000000000
2.3275000000,0.0019652019,0.3761024011,falla_engranaje,0.8000000000
2.3280000000,0.0019488691,0.3847069864,falla_engranaje,0.8000000000
2.3285000000,0.0019595577,0.3709526787,falla_engranaje,0.8000000000
2.3290000000,0.0019563044,0.3963826849,falla_engranaje,0.8000000000
2.3295000000,0.0018606831,0.3931693175,falla_engranaje,0.8000000000
2.3300000000,0.0019609521,0.3779849682,falla_engranaje,0.8000000000
2.3305000000,0.0020794931,0.3889136190,falla_engranaje,0.8000000000
2.3310000000,0.0019754144,0.3896936863,falla_engranaje,0.8000000000
2.3315000000,0.0018191915,0.3909640889,falla_engranaje,0.8000000000
2.3320000000,0.0018491888,0.3881176436,falla_engranaje,0.8000000000
2.3325000000,0.0017934287,0.3819045500,falla_engranaje,0.8000000000
2.3330000000,0.0018607745,0.4020635223,falla_engranaje,0.8000000000
2.3335000000,0.0019584577,0.3927275008,falla_engranaje,0.8000000000
2.3340000000,0.0018855042,0.4054292776,falla_engranaje,0.8000000000
2.3345000000,0.0019653760,0.3715380031,falla_engranaje,0.8000000000
2.3350000000,0.0018825650,0.4068661432,falla_engranaje,0.8000000000
2.3355000000,0.0018963690,0.3923098030,falla_engranaje,0.8000000000
2.3360000000,0.0018739086,0.3907823684,falla_engranaje,0.8000000000
2.3365000000,0.0019524614,0.3973554079,falla_engranaje,0.8000000000
2.3370000000,0.0018651127,0.3957173963,falla_engranaje,0.8000000000
2.3375000000,0.0017767153,0.3827787687,falla_engranaje,0.8000000000
2.3380000000,0.0018054437,0.3874910115,falla_engranaje,0.8000000000
2.3385000000,0.0018852252,0.3894349076,falla_engranaje,0.8000000000
2.3390000000,0.0018095943,0.3978361342,falla_engranaje,0.8000000000
2.3395000000,0.0018142377,0.4007075403,falla_engranaje,0.8000000000
2.3400000000,0.0019158420,0.3879533406,falla_engranaje,0.8000000000
2.3405000000,0.0018854970,0.3908140536,falla_engranaje,0.8000000000
2.3410000000,0.0019227169,0.4017087820,falla_engranaje,0.8000000000
2.3415000000,0.0018675932,0.4061098175,falla_engranaje,0.8000000000
2.3420000000,0.0018950921,0.4014493226,falla_engranaje,0.8000000000
2.3425000000,0.0018194356,0.4047076078,falla_engranaje,0.8000000000
2.3430000000,0.0018660827,0.4193219667,falla_engranaje,0.8000000000
2.3435000000,0.0017734724,0.4001094761,falla_engranaje,0.8000000000
2.3440000000,0.0018973495,0.4050948505,falla_engranaje,0.8000000000
2.3445000000,0.0019990847,0.3945364322,falla_engranaje,0.8000000000
2.3450000000,0.0019293023,0.4053292969,falla_engranaje,0.8000000000
2.3455000000,0.0019052482,0.3980059142,falla_engranaje,0.8000000000
2.3460000000,0.0019033223,0.4052182347,falla_engranaje,0.8000000000
2.3465000000,0.0018600089,0.4137531695,falla_engranaje,0.8000000000
2.3470000000,0.0017917964,0.3952869090,falla_engranaje,0.8000000000
2.3475000000,0.0018141205,0.4099059760,falla_engranaje,0.8000000000
2.3480000000,0.0017924797,0.4038452619,falla_engranaje,0.8000000000
2.3485000000,0.0017960245,0.3965791923,falla_engranaje,0.8000000000
2.3490000000,0.0017980258,0.4131023127,falla_engranaje,0.8000000000
2.3495000000,0.0017923937,0.3884801959,falla_engranaje,0.8000000000
2.3500000000,0.0017581018,0.4054639658,falla_engranaje,0.8000000000
2.3505000000,0.0018937069,0.4206281578,falla_engranaje,0.8000000000
2.3510000000,0.0018546626,0.4126975150,falla_engranaje,0.8000000000
2.3515000000,0.0019520163,0.4109575519,falla_engranaje,0.8000000000
2.3520000000,0.0018816406,0.4199463999,falla_engranaje,0.8000000000
2.3525000000,0.0018506102,0.4107537942,falla_engranaje,0.8000000000
2.3530000000,0.0017562826,0.3966319254,falla_engranaje,0.8000000000
2.3535000000,0.0018118632,0.4066968173,falla_engranaje,0.8000000000
2.3540000000,0.0018875720,0.4185811071,falla_engranaje,0.8000000000
2.3545000000,0.0017742296,0.4189733815,falla_engranaje,0.8000000000
2.3550000000,0.0016638378,0.4138517691,falla_engranaje,0.8000000000
2.3555000000,0.0017707833,0.4241618902,falla_engranaje,0.8000000000
2.3560000000,0.0018457552,0.4052070195,falla_engranaje,0.8000000000
2.3565000000,0.0017836522,0.4142603920,falla_engranaje,0.8000000000
2.3570000000,0.0016885248,0.4230908781,falla_engranaje,0.8000000000
2.3575000000,0.0017993610,0.4129860255,falla_engranaje,0.8000000000
2.3580000000,0.0018216122,0.4264992332,falla_engranaje,0.8000000000
2.3585000000,0.0018861210,0.4160015812,falla_engranaje,0.8000000000
2.3590000000,0.0017815067,0.3984378339,falla_engranaje,0.8000000000
2.3595000000,0.0017129418,0.4403850713,falla_engranaje,0.8000000000
2.3600000000,0.0018617206,0.4131996615,falla_engranaje,0.8000000000
2.3605000000,0.0017770840,0.4082654957,falla_engranaje,0.8000000000
2.3610000000,0.0017608361,0.3997743882,falla_engranaje,0.8000000000
2.3615000000,0.0017861364,0.4046196938,falla_engranaje,0.8000000000
2.3620000000,0.0018065322,0.4119303860,falla_engranaje,0.8000000000
2.3625000000,0.0018683176,0.4151932401,falla_engranaje,0.8000000000
2.3630000000,0.0018318830,0.4153615549,falla_engranaje,0.8000000000
2.3635000000,0.0016884944,0.4052109257,falla_engranaje,0.8000000000
2.3640000000,0.0017884303,0.4181609227,falla_engranaje,0.8000000000
2.3645000000,0.0017729369,0.4250111812,falla_engranaje,0.8000000000
2.3650000000,0.0017632184,0.4153213946,falla_engranaje,0.8000000000
2.3655000000,0.0017386579,0.4095719699,falla_engranaje,0.8000000000
2.3660000000,0.0017632658,0.4282247141,falla_engranaje,0.8000000000
2.3665000000,0.0016970401,0.4349104047,falla_engranaje,0.8000000000
2.3670000000,0.0017018206,0.4311883577,falla_engranaje,0.8000000000
2.3675000000,0.0018096710,0.4405488025,falla_engranaje,0.8000000000
2.3680000000,0.0017564995,0.4315914341,falla_engranaje,0.8000000000
2.3685000000,0.0017723113,0.4248096146,falla_engranaje,0.8000000000
2.3690000000,0.0016860221,0.4301026877,falla_engranaje,0.8000000000
2.3695000000,0.0017121040,0.4312632823,falla_engranaje,0.8000000000
2.3700000000,0.0016724422,0.4350905546,falla_engranaje,0.8000000000
2.3705000000,0.0016380628,0.4395225224,falla_engranaje,0.8000000000
2.3710000000,0.0017870608,0.4269532995,falla_engranaje,0.8000000000
2.3715000000,0.0016382627,0.4251818139,falla_engranaje,0.8000000000
2.3720000000,0.0016831150,0.4255435022,falla_engranaje,0.8000000000
2.3725000000,0.0017771664,0.4265402330,falla_engranaje,0.8000000000
2.3730000000,0.0017828118,0.4336660649,falla_engranaje,0.8000000000
2.3735000000,0.0017371437,0.4389713235,falla_engranaje,0.8000000000
2.3740000000,0.0016285236,0.4274462291,falla_engranaje,0.8000000000
2.3745000000,0.0017302153,0.4147477834,falla_engranaje,0.8000000000
2.3750000000,0.0017322327,0.4143503700,falla_engranaje,0.8000000000
2.3755000000,0.0016183866,0.4060341375,falla_engranaje,0.8000000000
2.3760000000,0.0016477600,0.4414865402,falla_engranaje,0.8000000000
2.3765000000,0.0017029210,0.4221734205,falla_engranaje,0.8000000000
2.3770000000,0.0016935421,0.4661497298,falla_engranaje,0.8000000000
2.3775000000,0.0017512322,0.4457344791,falla_engranaje,0.8000000000
2.3780000000,0.0016242563,0.4432317693,falla_engranaje,0.8000000000
2.3785000000,0.0015587720,0.4496505527,falla_engranaje,0.8000000000
2.3790000000,0.0016736558,0.4546368836,falla_engranaje,0.8000000000
2.3795000000,0.0016368384,0.4404929232,falla_engranaje,0.8000000000
2.3800000000,0.0015871184,0.4255739134,falla_engranaje,0.8000000000
2.3805000000,0.0016431776,0.4322282255,falla_engranaje,0.8000000000
2.3810000000,0.0016875520,0.4565489102,falla_engranaje,0.8000000000
2.3815000000,0.0015470102,0.4321008562,falla_engranaje,0.8000000000
2.3820000000,0.0016189577,0.4363458226,falla_engranaje,0.8000000000
2.3825000000,0.0016352899,0.4392858475,falla_engranaje,0.8000000000
2.3830000000,0.0016511837,0.4363680807,falla_engranaje,0.8000000000
2.3835000000,0.0016117923,0.4295035981,falla_engranaje,0.8000000000
2.3840000000,0.0015700748,0.4238817245,falla_engranaje,0.8000000000
2.3845000000,0.0015573933,0.4464449068,falla_engranaje,0.8000000000
2.3850000000,0.0016314200,0.4614673999,falla_engranaje,0.8000000000
2.3855000000,0.0016333035,0.4321314008,falla_engranaje,0.8000000000
2.3860000000,0.0016110754,0.4536180905,falla_engranaje,0.8000000000
2.3865000000,0.0015786716,0.4498725439,falla_engranaje,0.8000000000
2.3870000000,0.0016124418,0.4542184241,falla_engranaje,0.8000000000
2.3875000000,0.0015659370,0.4400840476,falla_engranaje,0.8000000000
2.3880000000,0.0016180809,0.4383990980,falla_engranaje,0.8000000000
2.3885000000,0.0015465409,0.4580065746,falla_engranaje,0.8000000000
2.3890000000,0.0015843169,0.4643545265,falla_engranaje,0.8000000000
2.3895000000,0.0016262667,0.4251006129,falla_engranaje,0.8000000000
2.3900000000,0.0015942591,0.4503002796,falla_engranaje,0.8000000000
2.3905000000,0.0016396913,0.4420805593,falla_engranaje,0.8000000000
2.3910000000,0.0014888551,0.4543020462,falla_engranaje,0.8000000000
2.3915000000,0.0014672723,0.4567287548,falla_engranaje,0.8000000000
2.3920000000,0.0015821528,0.4483481764,falla_engranaje,0.8000000000
2.3925000000,0.0016507549,0.4545039081,falla_engranaje,0.8000000000
2.3930000000,0.0015605711,0.4585160972,falla_engranaje,0.8000000000
2.3935000000,0.0016103995,0.4578723404,falla_engranaje,0.8000000000
2.3940000000,0.0015294340,0.4576188839,falla_engranaje,0.8000000000
2.3945000000,0.0015338813,0.4567745491,falla_engranaje,0.8000000000
2.3950000000,0.0016354430,0.4601787556,falla_engranaje,0.8000000000
2.3955000000,0.0016725134,0.4633684274,falla_engranaje,0.8000000000
2.3960000000,0.0015209320,0.4647452461,falla_engranaje,0.8000000000
2.3965000000,0.0016466707,0.4459644356,falla_engranaje,0.8000000000
2.3970000000,0.0016101152,0.4289372161,falla_engranaje,0.8000000000
2.3975000000,0.0015761948,0.4470201591,falla_engranaje,0.8000000000
2.3980000000,0.0014750092,0.4719571639,falla_engranaje,0.8000000000
2.3985000000,0.0015821537,0.4584244625,falla_engranaje,0.8000000000
2.3990000000,0.0015552591,0.4632828830,falla_engranaje,0.8000000000
2.3995000000,0.0014973730,0.4583814090,falla_engranaje,0.8000000000
2.4000000000,0.0015483148,0.4777203983,falla_engranaje,0.8000000000
2.4005000000,0.0015560241,0.4802952448,falla_engranaje,0.8000000000
2.4010000000,0.0014460677,0.4552683746,falla_engranaje,0.8000000000
2.4015000000,0.0016508679,0.4866433239,falla_engranaje,0.8000000000
2.4020000000,0.0016254625,0.4550109732,falla_engranaje,0.8000000000
2.4025000000,0.0015743991,0.4564866941,falla_engranaje,0.8000000000
2.4030000000,0.0016173718,0.4708936177,falla_engranaje,0.8000000000
2.4035000000,0.0015417613,0.4715013473,falla_engranaje,0.8000000000
2.4040000000,0.0014980931,0.4726243363,falla_engranaje,0.8000000000
2.4045000000,0.0015245030,0.4641397754,falla_engranaje,0.8000000000
2.4050000000,0.0014873960,0.4523560096,falla_engranaje,0.8000000000
2.4055000000,0.0016609986,0.4643353939,falla_engranaje,0.8000000000
2.4060000000,0.0015448037,0.4740309952,falla_engranaje,0.8000000000
2.4065000000,0.0014862323,0.4573202834,falla_engranaje,0.8000000000
2.4070000000,0.0015208259,0.4834750322,falla_engranaje,0.8000000000
2.4075000000,0.0013370410,0.4720691833,falla_engranaje,0.8000000000
2.4080000000,0.0015282231,0.4598218542,falla_engranaje,0.8000000000
2.4085000000,0.0015600315,0.4772664260,falla_engranaje,0.8000000000
2.4090000000,0.0016375640,0.4733303618,falla_engranaje,0.8000000000
2.4095000000,0.0015420305,0.4756107843,falla_engranaje,0.8000000000
2.4100000000,0.0015075539,0.4840704166,falla_engranaje,0.8000000000
2.4105000000,0.0015310403,0.4604279675,falla_engranaje,0.8000000000
2.4110000000,0.0015634691,0.4655784192,falla_engranaje,0.8000000000
2.4115000000,0.0015212606,0.4703288037,falla_engranaje,0.8000000000
2.4120000000,0.0014396863,0.4657971292,falla_engranaje,0.8000000000
2.4125000000,0.0014590778,0.4650846870,falla_engranaje,0.8000000000
2.4130000000,0.0015347017,0.4570863233,falla_engranaje,0.8000000000
2.4135000000,0.0014963937,0.4809748670,falla_engranaje,0.8000000000
2.4140000000,0.0014874510,0.4704442155,falla_engranaje,0.8000000000
2.4145000000,0.0015694240,0.4748136773,falla_engranaje,0.8000000000
2.4150000000,0.0015378573,0.4827128843,falla_engranaje,0.8000000000
2.4155000000,0.0014284189,0.4825745939,falla_engranaje,0.8000000000
2.4160000000,0.0014548163,0.4734849788,falla_engranaje,0.8000000000
2.4165000000,0.0014915543,0.4891915036,falla_engranaje,0.8000000000
2.4170000000,0.0014879869,0.4715918368,falla_engranaje,0.8000000000
2.4175000000,0.0014510502,0.4985999681,falla_engranaje,0.8000000000
2.4180000000,0.0014068486,0.4767450398,falla_engranaje,0.8000000000
2.4185000000,0.0014053306,0.4790235705,falla_engranaje,0.8000000000
2.4190000000,0.0014520821,0.5001945330,falla_engranaje,0.8000000000
2.4195000000,0.0014409581,0.4852236342,falla_engranaje,0.8000000000
2.4200000000,0.0015108247,0.4820065794,falla_engranaje,0.8000000000
2.4205000000,0.0013776132,0.4672841345,falla_engranaje,0.8000000000
2.4210000000,0.0014804440,0.4940747684,falla_engranaje,0.8000000000
2.4215000000,0.0014983473,0.5017668967,falla_engranaje,0.8000000000
2.4220000000,0.0016053758,0.4901903334,falla_engranaje,0.8000000000
2.4225000000,0.0014647149,0.4909714618,falla_engranaje,0.8000000000
2.4230000000,0.0014747293,0.4860157145,falla_engranaje,0.8000000000
2.4235000000,0.0014416030,0.4935029085,falla_engranaje,0.8000000000
2.4240000000,0.0015093240,0.4919281440,falla_engranaje,0.8000000000
2.4245000000,0.0015894190,0.4855909258,falla_engranaje,0.8000000000
2.4250000000,0.0015343025,0.4960801965,falla_engranaje,0.8000000000
2.4255000000,0.0013741460,0.5091876560,falla_engranaje,0.8000000000
2.4260000000,0.0015477492,0.4915915441,falla_engranaje,0.8000000000
2.4265000000,0.0014320863,0.5016919724,falla_engranaje,0.8000000000
2.4270000000,0.0014338126,0.5074002566,falla_engranaje,0.8000000000
2.4275000000,0.0014861842,0.4902878116,falla_engranaje,0.8000000000
2.4280000000,0.0013814846,0.5077591404,falla_engranaje,0.8000000000
2.4285000000,0.0015337457,0.5077804271,falla_engranaje,0.8000000000
2.4290000000,0.0014243881,0.5161584288,falla_engranaje,0.8000000000
2.4295000000,0.0014233214,0.5259879816,falla_engranaje,0.8000000000
2.4300000000,0.0014229333,0.5167005370,falla_engranaje,0.8000000000
2.4305000000,0.0013428734,0.4955172744,falla_engranaje,0.8000000000
2.4310000000,0.0013661378,0.5085685098,falla_engranaje,0.8000000000
2.4315000000,0.0014566114,0.5098092177,falla_engranaje,0.8000000000
2.4320000000,0.0015061413,0.5018165579,falla_engranaje,0.8000000000
2.4325000000,0.0014248802,0.5056739475,falla_engranaje,0.8000000000
2.4330000000,0.0014554077,0.5188861975,falla_engranaje,0.8000000000
2.4335000000,0.0014278408,0.5192961668,falla_engranaje,0.8000000000
2.4340000000,0.0013686753,0.4965611486,falla_engranaje,0.8000000000
2.4345000000,0.0014631836,0.4935271130,falla_engranaje,0.8000000000
2.4350000000,0.0016096514,0.4978239417,falla_engranaje,0.8000000000
2.4355000000,0.0015083449,0.5205313179,falla_engranaje,0.8000000000
2.4360000000,0.0014255024,0.4985572846,falla_engranaje,0.8000000000
2.4365000000,0.0015107403,0.5116821801,falla_engranaje,0.8000000000
2.4370000000,0.0013912077,0.5189820956,falla_engranaje,0.8000000000
2.4375000000,0.0013894516,0.4865175409,falla_engranaje,0.8000000000
2.4380000000,0.0014673653,0.5064392166,falla_engranaje,0.8000000000
2.4385000000,0.0013217779,0.5271653030,falla_engranaje,0.8000000000
2.4390000000,0.0013972037,0.5233632949,falla_engranaje,0.8000000000
2.4395000000,0.0014214595,0.5112273593,falla_engranaje,0.8000000000
2.4400000000,0.0016655740,0.5278858739,falla_engranaje,0.8000000000
2.4405000000,0.0013314167,0.5031507945,falla_engranaje,0.8000000000
2.4410000000,0.0014554676,0.5183255615,falla_engranaje,0.8000000000
2.4415000000,0.0014291188,0.5268061973,falla_engranaje,0.8000000000
2.4420000000,0.0014281908,0.5178833694,falla_engranaje,0.8000000000
2.4425000000,0.0016495268,0.5333730032,falla_engranaje,0.8000000000
2.4430000000,0.0015818810,0.5277862575,falla_engranaje,0.8000000000
2.4435000000,0.0014171064,0.5143447880,falla_engranaje,0.8000000000
2.4440000000,0.0014438937,0.5054509161,falla_engranaje,0.8000000000
2.4445000000,0.0013859723,0.5167496891,falla_engranaje,0.8000000000
2.4450000000,0.0014200263,0.5131575286,falla_engranaje,0.8000000000
2.4455000000,0.0013457117,0.5402114003,falla_engranaje,0.8000000000
2.4460000000,0.0014384181,0.5222938204,falla_engranaje,0.8000000000
2.4465000000,0.0014061046,0.5293762616,falla_engranaje,0.8000000000
2.4470000000,0.0014224371,0.5183074196,falla_engranaje,0.8000000000
2.4475000000,0.0015013403,0.5350592276,falla_engranaje,0.8000000000
2.4480000000,0.0015426497,0.5327068323,falla_engranaje,0.8000000000
2.4485000000,0.0014976334,0.5166162167,falla_engranaje,0.8000000000
2.4490000000,0.0014915363,0.5220165668,falla_engranaje,0.8000000000
2.4495000000,0.0014992918,0.5182204943,falla_engranaje,0.8000000000
2.4500000000,0.0014155262,0.5292133163,falla_engranaje,0.8000000000
2.4505000000,0.0014325110,0.5204391735,falla_engranaje,0.8000000000
2.4510000000,0.0014285569,0.5205579125,falla_engranaje,0.8000000000
2.4515000000,0.0014839505,0.5286652207,falla_engranaje,0.8000000000
2.4520000000,0.0015690515,0.5378864516,falla_engranaje,0.8000000000
2.4525000000,0.0013763338,0.5401262322,falla_engranaje,0.8000000000
2.4530000000,0.0014869402,0.5216676778,falla_engranaje,0.8000000000
2.4535000000,0.0014828597,0.5453712847,falla_engranaje,0.8000000000
2.4540000000,0.0014695533,0.5442608490,falla_engranaje,0.8000000000
2.4545000000,0.0016595576,0.5374784709,falla_engranaje,0.8000000000
2.4550000000,0.0013860991,0.5411009433,falla_engranaje,0.8000000000
2.4555000000,0.0015171447,0.5257999287,falla_engranaje,0.8000000000
2.4560000000,0.0015120924,0.5459117117,falla_engranaje,0.8000000000
2.4565000000,0.0016105167,0.5327197287,falla_engranaje,0.8000000000
2.4570000000,0.0013544392,0.5450066982,falla_engranaje,0.8000000000
2.4575000000,0.0014976092,0.5181872271,falla_engranaje,0.8000000000
2.4580000000,0.0015040722,0.5382512301,falla_engranaje,0.8000000000
2.4585000000,0.0014466931,0.5424412934,falla_engranaje,0.8000000000
2.4590000000,0.0015022883,0.5446921899,falla_engranaje,0.8000000000
2.4595000000,0.0015293672,0.5401166751,falla_engranaje,0.8000000000
2.4600000000,0.0013998311,0.5379640031,falla_engranaje,0.8000000000
2.4605000000,0.0014657774,0.5511133480,falla_engranaje,0.8000000000
2.4610000000,0.0015049530,0.5482420886,falla_engranaje,0.8000000000
2.4615000000,0.0014131206,0.5456603650,falla_engranaje,0.8000000000
2.4620000000,0.0015892897,0.5237361988,falla_engranaje,0.8000000000
2.4625000000,0.0015685436,0.5637787107,falla_engranaje,0.8000000000
2.4630000000,0.0015844582,0.5594118238,falla_engranaje,0.8000000000
2.4635000000,0.0014953997,0.5621049144,falla_engranaje,0.8000000000
2.4640000000,0.0014566623,0.5542891283,falla_engranaje,0.8000000000
2.4645000000,0.0014503714,0.5496203385,falla_engranaje,0.8000000000
2.4650000000,0.0015748742,0.5398217459,falla_engranaje,0.8000000000
2.4655000000,0.0015264282,0.5573385643,falla_engranaje,0.8000000000
2.4660000000,0.0016063506,0.5702047073,falla_engranaje,0.8000000000
2.4665000000,0.0015156084,0.5468570624,falla_engranaje,0.8000000000
2.4670000000,0.0016804682,0.5454426359,falla_engranaje,0.8000000000
2.4675000000,0.0015800028,0.5685104082,falla_engranaje,0.8000000000
2.4680000000,0.0016122804,0.5491785786,falla_engranaje,0.8000000000
2.4685000000,0.0016540091,0.5528477758,falla_engranaje,0.8000000000
2.4690000000,0.0015222466,0.5504459223,falla_engranaje,0.8000000000
2.4695000000,0.0015686506,0.5438436317,falla_engranaje,0.8000000000
2.4700000000,0.0015942420,0.5571212984,falla_engranaje,0.8000000000
2.4705000000,0.0015643267,0.5553060444,falla_engranaje,0.8000000000
2.4710000000,0.0016208666,0.5561813813,falla_engranaje,0.8000000000
2.4715000000,0.0014146117,0.5476692838,falla_engranaje,0.8000000000
2.4720000000,0.0014594250,0.5455243381,falla_engranaje,0.8000000000
2.4725000000,0.0015873217,0.5800197464,falla_engranaje,0.8000000000
2.4730000000,0.0016209293,0.5699767724,falla_engranaje,0.8000000000
2.4735000000,0.0015253116,0.5728108996,falla_engranaje,0.8000000000
2.4740000000,0.0016364745,0.5566108577,falla_engranaje,0.8000000000
2.4745000000,0.0016015417,0.5635756935,falla_engranaje,0.8000000000
2.4750000000,0.0016403008,0.5642901427,falla_engranaje,0.8000000000
2.4755000000,0.0016117246,0.5753925675,falla_engranaje,0.8000000000
2.4760000000,0.0015703267,0.5604794009,falla_engranaje,0.8000000000
2.4765000000,0.0016587491,0.5595631051,falla_engranaje,0.8000000000
2.4770000000,0.0016565115,0.5739586450,falla_engranaje,0.8000000000
2.4775000000,0.0015958084,0.5680334892,falla_engranaje,0.8000000000
2.4780000000,0.0014866311,0.5740779453,falla_engranaje,0.8000000000
2.4785000000,0.0016130735,0.5630458802,falla_engranaje,0.8000000000
2.4790000000,0.0015682294,0.5715430562,falla_engranaje,0.8000000000
2.4795000000,0.0015622111,0.5573013378,falla_engranaje,0.8000000000
2.4800000000,0.0016788965,0.5804227626,falla_engranaje,0.8000000000
2.4805000000,0.0016265136,0.5595232739,falla_engranaje,0.8000000000
2.4810000000,0.0016605346,0.5542387466,falla_engranaje,0.8000000000
2.4815000000,0.0015446975,0.5663047359,falla_engranaje,0.8000000000
2.4820000000,0.0015594739,0.5566965053,falla_engranaje,0.8000000000
2.4825000000,0.0014673505,0.5689449050,falla_engranaje,0.8000000000
2.4830000000,0.0016319865,0.5828459893,falla_engranaje,0.8000000000
2.4835000000,0.0015998733,0.5591125505,falla_engranaje,0.8000000000
2.4840000000,0.0015226289,0.5776893430,falla_engranaje,0.8000000000
2.4845000000,0.0016263580,0.5858591847,falla_engranaje,0.8000000000
2.4850000000,0.0016580983,0.5648695971,falla_engranaje,0.8000000000
2.4855000000,0.0017618463,0.5649916984,falla_engranaje,0.8000000000
2.4860000000,0.0016906138,0.5712393722,falla_engranaje,0.8000000000
2.4865000000,0.0015599878,0.5695852047,falla_engranaje,0.8000000000
2.4870000000,0.0016043642,0.5654615480,falla_engranaje,0.8000000000
2.4875000000,0.0017332330,0.5854857896,falla_engranaje,0.8000000000
2.4880000000,0.0018511827,0.5780273815,falla_engranaje,0.8000000000
2.4885000000,0.0017564331,0.6023114476,falla_engranaje,0.8000000000
2.4890000000,0.0016812840,0.5812135818,falla_engranaje,0.8000000000
2.4895000000,0.0017654872,0.5711510170,falla_engranaje,0.8000000000
2.4900000000,0.0016992656,0.5732004012,falla_engranaje,0.8000000000
2.4905000000,0.0018070986,0.5825159370,falla_engranaje,0.8000000000
2.4910000000,0.0017649185,0.5810183000,falla_engranaje,0.8000000000
2.4915000000,0.0016591136,0.5813583955,falla_engranaje,0.8000000000
2.4920000000,0.0017714500,0.5778688706,falla_engranaje,0.8000000000
2.4925000000,0.0017671688,0.5892502435,falla_engranaje,0.8000000000
2.4930000000,0.0016714124,0.5741734832,falla_engranaje,0.8000000000
2.4935000000,0.0016643717,0.5824895887,falla_engranaje,0.8000000000
2.4940000000,0.0016933718,0.5936524590,falla_engranaje,0.8000000000
2.4945000000,0.0018354514,0.5777332082,falla_engranaje,0.8000000000
2.4950000000,0.0017027851,0.6055404019,falla_engranaje,0.8000000000
2.4955000000,0.0016871635,0.5777765599,falla_engranaje,0.8000000000
2.4960000000,0.0017590009,0.5873831183,falla_engranaje,0.8000000000
2.4965000000,0.0016399549,0.5757406984,falla_engranaje,0.8000000000
2.4970000000,0.0018034323,0.5837040911,falla_engranaje,0.8000000000
2.4975000000,0.0018023525,0.6107237079,falla_engranaje,0.8000000000
2.4980000000,0.0016639046,0.5904492872,falla_engranaje,0.8000000000
2.4985000000,0.0017801881,0.5782136601,falla_engranaje,0.8000000000
2.4990000000,0.0017204868,0.5822498383,falla_engranaje,0.8000000000
2.4995000000,0.0018363980,0.5805640441,falla_engranaje,0.8000000000
2.5000000000,0.0018738062,0.5952932682,falla_engranaje,0.8000000000
2.5005000000,0.0017398484,0.6010787962,falla_engranaje,0.8000000000
2.5010000000,0.0018018150,0.5992687334,falla_engranaje,0.8000000000
2.5015000000,0.0018955597,0.5864072102,falla_engranaje,0.8000000000
2.5020000000,0.0019042965,0.5921035089,falla_engranaje,0.8000000000
2.5025000000,0.0018246528,0.6009793581,falla_engranaje,0.8000000000
2.5030000000,0.0018460581,0.5971910121,falla_engranaje,0.8000000000
2.5035000000,0.0018695948,0.5956892357,falla_engranaje,0.8000000000
2.5040000000,0.0017464580,0.5908007558,falla_engranaje,0.8000000000
2.5045000000,0.0018177306,0.6117731528,falla_engranaje,0.8000000000
2.5050000000,0.0018375467,0.6091167975,falla_engranaje,0.8000000000
2.5055000000,0.0018663794,0.6077294816,falla_engranaje,0.8000000000
2.5060000000,0.0019369603,0.6132534130,falla_engranaje,0.8000000000
2.5065000000,0.0017052501,0.5896622300,falla_engranaje,0.8000000000
2.5070000000,0.0019084094,0.6015349614,falla_engranaje,0.8000000000
2.5075000000,0.0019083049,0.6119950126,falla_engranaje,0.8000000000
2.5080000000,0.0018730283,0.6108523527,falla_engranaje,0.8000000000
2.5085000000,0.0018123606,0.6066214909,falla_engranaje,0.8000000000
2.5090000000,0.0019158215,0.5844754944,falla_engranaje,0.8000000000
2.5095000000,0.0018877528,0.6192030105,falla_engranaje,0.8000000000
2.5100000000,0.0018823618,0.6073718175,falla_engranaje,0.8000000000
2.5105000000,0.0019866084,0.5981901231,falla_engranaje,0.8000000000
2.5110000000,0.0019036218,0.6050162678,falla_engranaje,0.8000000000
2.5115000000,0.0019479598,0.5783851594,falla_engranaje,0.8000000000
2.5120000000,0.0019555230,0.6132833207,falla_engranaje,0.8000000000
2.5125000000,0.0020161146,0.6084669535,falla_engranaje,0.8000000000
2.5130000000,0.0020481067,0.6094269103,falla_engranaje,0.8000000000
2.5135000000,0.0019115819,0.6025896568,falla_engranaje,0.8000000000
2.5140000000,0.0017933961,0.6063876503,falla_engranaje,0.8000000000
2.5145000000,0.0018277774,0.6093102877,falla_engranaje,0.8000000000
2.5150000000,0.0019283770,0.6245039058,falla_engranaje,0.8000000000
2.5155000000,0.0017944593,0.6045042618,falla_engranaje,0.8000000000
2.5160000000,0.0019407549,0.6130496852,falla_engranaje,0.8000000000
2.5165000000,0.0018818220,0.6072651082,falla_engranaje,0.8000000000
2.5170000000,0.0019668298,0.6014835830,falla_engranaje,0.8000000000
2.5175000000,0.0021578780,0.6451174174,falla_engranaje,0.8000000000
2.5180000000,0.0019400594,0.6257170595,falla_engranaje,0.8000000000
2.5185000000,0.0019669977,0.6061963578,falla_engranaje,0.8000000000
2.5190000000,0.0018940218,0.5992116770,falla_engranaje,0.8000000000
2.5195000000,0.0019205162,0.6003156126,falla_engranaje,0.8000000000
2.5200000000,0.0019922952,0.6110031712,falla_engranaje,0.8000000000
2.5205000000,0.0019810049,0.6288103520,falla_engranaje,0.8000000000
2.5210000000,0.0020355780,0.5859955305,falla_engranaje,0.8000000000
2.5215000000,0.0019945830,0.6218785771,falla_engranaje,0.8000000000
2.5220000000,0.0020830630,0.6010655674,falla_engranaje,0.8000000000
2.5225000000,0.0020737109,0.6132938836,falla_engranaje,0.8000000000
2.5230000000,0.0019027733,0.6085859377,falla_engranaje,0.8000000000
2.5235000000,0.0019738357,0.5964954135,falla_engranaje,0.8000000000
2.5240000000,0.0021452985,0.6190610989,falla_engranaje,0.8000000000
2.5245000000,0.0019573862,0.6032164502,falla_engranaje,0.8000000000
2.5250000000,0.0020655237,0.6080809729,falla_engranaje,0.8000000000
2.5255000000,0.0021296598,0.6109506139,falla_engranaje,0.8000000000
2.5260000000,0.0019125601,0.6113161546,falla_engranaje,0.8000000000
2.5265000000,0.0020621935,0.6388248181,falla_engranaje,0.8000000000
2.5270000000,0.0021044703,0.6359158963,falla_engranaje,0.8000000000
2.5275000000,0.0020667614,0.6255523383,falla_engranaje,0.8000000000
2.5280000000,0.0020996778,0.6274629271,falla_engranaje,0.8000000000
2.5285000000,0.0020742311,0.5973506436,falla_engranaje,0.8000000000
2.5290000000,0.0022015003,0.6107288523,falla_engranaje,0.8000000000
2.5295000000,0.0021334006,0.6287518976,falla_engranaje,0.8000000000
2.5300000000,0.0021336432,0.6246798386,falla_engranaje,0.8000000000
2.5305000000,0.0021862651,0.6279524947,falla_engranaje,0.8000000000
2.5310000000,0.0021052140,0.6179487444,falla_engranaje,0.8000000000
2.5315000000,0.0021370972,0.6134550394,falla_engranaje,0.8000000000
2.5320000000,0.0021608397,0.6221583219,falla_engranaje,0.8000000000
2.5325000000,0.0021301556,0.6357550256,falla_engranaje,0.8000000000
2.5330000000,0.0021304458,0.6223380682,falla_engranaje,0.8000000000
2.5335000000,0.0021461465,0.6335572231,falla_engranaje,0.8000000000
2.5340000000,0.0021625603,0.6517687341,falla_engranaje,0.8000000000
2.5345000000,0.0022844923,0.6313363439,falla_engranaje,0.8000000000
2.5350000000,0.0021256944,0.6299787866,falla_engranaje,0.8000000000
2.5355000000,0.0022350566,0.6372949868,falla_engranaje,0.8000000000
2.5360000000,0.0022240770,0.6139227717,falla_engranaje,0.8000000000
2.5365000000,0.0023974233,0.6204562764,falla_engranaje,0.8000000000
2.5370000000,0.0022496194,0.6372973032,falla_engranaje,0.8000000000
2.5375000000,0.0021336061,0.6361440004,falla_engranaje,0.8000000000
2.5380000000,0.0023581974,0.6393373580,falla_engranaje,0.8000000000
2.5385000000,0.0022964841,0.6321935595,falla_engranaje,0.8000000000
2.5390000000,0.0022911915,0.6370191893,falla_engranaje,0.8000000000
2.5395000000,0.0022354934,0.6174222730,falla_engranaje,0.8000000000
2.5400000000,0.0022885436,0.6083868527,falla_engranaje,0.8000000000
2.5405000000,0.0023108060,0.6480208379,falla_engranaje,0.8000000000
2.5410000000,0.0022999124,0.6382493418,falla_engranaje,0.8000000000
2.5415000000,0.0024123158,0.6361159567,falla_engranaje,0.8000000000
2.5420000000,0.0023052270,0.6373059898,falla_engranaje,0.8000000000
2.5425000000,0.0022809513,0.6268316263,falla_engranaje,0.8000000000
2.5430000000,0.0022930145,0.6198653894,falla_engranaje,0.8000000000
2.5435000000,0.0023089623,0.6510574653,falla_engranaje,0.8000000000
2.5440000000,0.0022850244,0.6184295966,falla_engranaje,0.8000000000
2.5445000000,0.0022472588,0.6291514841,falla_engranaje,0.8000000000
2.5450000000,0.0024190792,0.6147514351,falla_engranaje,0.8000000000
2.5455000000,0.0023092216,0.6286723356,falla_engranaje,0.8000000000
2.5460000000,0.0023507380,0.6540819524,falla_engranaje,0.8000000000
2.5465000000,0.0024083154,0.6476435024,falla_engranaje,0.8000000000
2.5470000000,0.0024578569,0.6438619623,falla_engranaje,0.8000000000
2.5475000000,0.0024040167,0.6375319249,falla_engranaje,0.8000000000
2.5480000000,0.0024152196,0.6279413131,falla_engranaje,0.8000000000
2.5485000000,0.0023114498,0.6159648378,falla_engranaje,0.8000000000
2.5490000000,0.0024209926,0.6354752821,falla_engranaje,0.8000000000
2.5495000000,0.0024224246,0.6325224363,falla_engranaje,0.8000000000
2.5500000000,0.0024300003,0.6489240383,falla_engranaje,0.8000000000
2.5505000000,0.0023507541,0.6398670365,falla_engranaje,0.8000000000
2.5510000000,0.0024117066,0.6532849095,falla_engranaje,0.8000000000
2.5515000000,0.0025341868,0.6376229780,falla_engranaje,0.8000000000
2.5520000000,0.0025099078,0.6212251304,falla_engranaje,0.8000000000
2.5525000000,0.0024114274,0.6410935400,falla_engranaje,0.8000000000
2.5530000000,0.0023564527,0.6329628280,falla_engranaje,0.8000000000
2.5535000000,0.0025554933,0.6486757854,falla_engranaje,0.8000000000
2.5540000000,0.0025531292,0.6258555786,falla_engranaje,0.8000000000
2.5545000000,0.0023677490,0.6364209035,falla_engranaje,0.8000000000
2.5550000000,0.0024443770,0.6410574278,falla_engranaje,0.8000000000
2.5555000000,0.0025415385,0.6228085994,falla_engranaje,0.8000000000
2.5560000000,0.0024921240,0.6476356048,falla_engranaje,0.8000000000
2.5565000000,0.0024449201,0.6309864272,falla_engranaje,0.8000000000
2.5570000000,0.0024573845,0.6522954687,falla_engranaje,0.8000000000
2.5575000000,0.0025588380,0.6390173946,falla_engranaje,0.8000000000
2.5580000000,0.0024176391,0.6463056198,falla_engranaje,0.8000000000
2.5585000000,0.0025529964,0.6363952060,falla_engranaje,0.8000000000
2.5590000000,0.0025097793,0.6384893860,falla_engranaje,0.8000000000
2.5595000000,0.0026699340,0.6352724391,falla_engranaje,0.8000000000
2.5600000000,0.0025909828,0.6447754756,falla_engranaje,0.8000000000
2.5605000000,0.0026465174,0.6620158756,falla_engranaje,0.8000000000
2.5610000000,0.0024839230,0.6393764146,falla_engranaje,0.8000000000
2.5615000000,0.0025553332,0.6419733035,falla_engranaje,0.8000000000
2.5620000000,0.0026273060,0.6611586567,falla_engranaje,0.8000000000
2.5625000000,0.0026558116,0.6494056814,falla_engranaje,0.8000000000
2.5630000000,0.0026756979,0.6243720057,falla_engranaje,0.8000000000
2.5635000000,0.0026098778,0.6484257095,falla_engranaje,0.8000000000
2.5640000000,0.0026517483,0.6439045009,falla_engranaje,0.8000000000
2.5645000000,0.0026467954,0.6631763142,falla_engranaje,0.8000000000
2.5650000000,0.0026968466,0.6481314176,falla_engranaje,0.8000000000
2.5655000000,0.0025475823,0.6410008114,falla_engranaje,0.8000000000
2.5660000000,0.0025851226,0.6511479900,falla_engranaje,0.8000000000
2.5665000000,0.0027658909,0.6452216116,falla_engranaje,0.8000000000
2.5670000000,0.0026947463,0.6535978363,falla_engranaje,0.8000000000
2.5675000000,0.0026178222,0.6380806374,falla_engranaje,0.8000000000
2.5680000000,0.0027151227,0.6262474529,falla_engranaje,0.8000000000
2.5685000000,0.0026186814,0.6350794787,falla_engranaje,0.8000000000
2.5690000000,0.0027640509,0.6369105775,falla_engranaje,0.8000000000
2.5695000000,0.0026438028,0.6480165239,falla_engranaje,0.8000000000
2.5700000000,0.0027571197,0.6418999951,falla_engranaje,0.8000000000
2.5705000000,0.0029029267,0.6343598395,falla_engranaje,0.8000000000
2.5710000000,0.0026761767,0.6590638253,falla_engranaje,0.8000000000
2.5715000000,0.0028281428,0.6507302390,falla_engranaje,0.8000000000
2.5720000000,0.0027349101,0.6482462638,falla_engranaje,0.8000000000
2.5725000000,0.0027162072,0.6378356756,falla_engranaje,0.8000000000
2.5730000000,0.0028234388,0.6424114865,falla_engranaje,0.8000000000
2.5735000000,0.0027783738,0.6394358033,falla_engranaje,0.8000000000
2.5740000000,0.0027318612,0.6522196089,falla_engranaje,0.8000000000
2.5745000000,0.0028302086,0.6541547759,falla_engranaje,0.8000000000
2.5750000000,0.0028404662,0.6361118555,falla_engranaje,0.8000000000
2.5755000000,0.0026791745,0.6406048698,falla_engranaje,0.8000000000
2.5760000000,0.0027569081,0.6530744556,falla_engranaje,0.8000000000
2.5765000000,0.0028243517,0.6433921979,falla_engranaje,0.8000000000
2.5770000000,0.0028730792,0.6431006151,falla_engranaje,0.8000000000
2.5775000000,0.0028135908,0.6278543710,falla_engranaje,0.8000000000
2.5780000000,0.0027850718,0.6576643215,falla_engranaje,0.8000000000
2.5785000000,0.0028734141,0.6547407506,falla_engranaje,0.8000000000
2.5790000000,0.0028758142,0.6537447879,falla_engranaje,0.8000000000
2.5795000000,0.0028636174,0.6548227781,falla_engranaje,0.8000000000
2.5800000000,0.0028423237,0.6584200273,falla_engranaje,0.8000000000
2.5805000000,0.0029277330,0.6427400379,falla_engranaje,0.8000000000
2.5810000000,0.0028880354,0.6504783331,falla_engranaje,0.8000000000
2.5815000000,0.0028799459,0.6487153499,falla_engranaje,0.8000000000
2.5820000000,0.0028767076,0.6520503094,falla_engranaje,0.8000000000
2.5825000000,0.0029515848,0.6486629954,falla_engranaje,0.8000000000
2.5830000000,0.0029319268,0.6669758407,falla_engranaje,0.8000000000
2.5835000000,0.0029819112,0.6637453800,falla_engranaje,0.8000000000
2.5840000000,0.0029525842,0.6623024339,falla_engranaje,0.8000000000
2.5845000000,0.0028837175,0.6530306445,falla_engranaje,0.8000000000
2.5850000000,0.0028758029,0.6525978568,falla_engranaje,0.8000000000
2.5855000000,0.0028863368,0.6329822154,falla_engranaje,0.8000000000
2.5860000000,0.0028092432,0.6482770923,falla_engranaje,0.8000000000
2.5865000000,0.0030079387,0.6496098184,falla_engranaje,0.8000000000
2.5870000000,0.0029191049,0.6569213239,falla_engranaje,0.8000000000
2.5875000000,0.0028597412,0.6521543009,falla_engranaje,0.8000000000
2.5880000000,0.0030413540,0.6430280540,falla_engranaje,0.8000000000
2.5885000000,0.0028982900,0.6472543975,falla_engranaje,0.8000000000
2.5890000000,0.0029621012,0.6782486269,falla_engranaje,0.8000000000
2.5895000000,0.0029177647,0.6549326043,falla_engranaje,0.8000000000
2.5900000000,0.0029470833,0.6616380448,falla_engranaje,0.8000000000
2.5905000000,0.0028977338,0.6490976120,falla_engranaje,0.8000000000
2.5910000000,0.0028948260,0.6656780070,falla_engranaje,0.8000000000
2.5915000000,0.0030191388,0.6547564756,falla_engranaje,0.8000000000
2.5920000000,0.0029335681,0.6551732771,falla_engranaje,0.8000000000
2.5925000000,0.0028146242,0.6548193807,falla_engranaje,0.8000000000
2.5930000000,0.0030980909,0.6326957441,falla_engranaje,0.8000000000
2.5935000000,0.0028821109,0.6751092337,falla_engranaje,0.8000000000
2.5940000000,0.0030890044,0.6709517374,falla_engranaje,0.8000000000
2.5945000000,0.0030614331,0.6720887754,falla_engranaje,0.8000000000
2.5950000000,0.0031197624,0.6504549511,falla_engranaje,0.8000000000
2.5955000000,0.0029661802,0.6518781525,falla_engranaje,0.8000000000
2.5960000000,0.0029852034,0.6458855814,falla_engranaje,0.8000000000
2.5965000000,0.0030328629,0.6579888283,falla_engranaje,0.8000000000
2.5970000000,0.0031211587,0.6449963421,falla_engranaje,0.8000000000
2.5975000000,0.0030787186,0.6560769763,falla_engranaje,0.8000000000
2.5980000000,0.0031044686,0.6564576481,falla_engranaje,0.8000000000
2.5985000000,0.0030736171,0.6682583445,falla_engranaje,0.8000000000
2.5990000000,0.0030731631,0.6714171765,falla_engranaje,0.8000000000
2.5995000000,0.0030333988,0.6548972927,falla_engranaje,0.8000000000
2.6000000000,0.0031029340,0.6554551428,falla_engranaje,0.8000000000
2.6005000000,0.0030944659,0.6576220658,falla_engranaje,0.8000000000
2.6010000000,0.0031409419,0.6632358258,falla_engranaje,0.8000000000
2.6015000000,0.0030615060,0.6425298213,falla_engranaje,0.8000000000
2.6020000000,0.0032493281,0.6558611725,falla_engranaje,0.8000000000
2.6025000000,0.0031340193,0.6484904030,falla_engranaje,0.8000000000
2.6030000000,0.0031106628,0.6499039394,falla_engranaje,0.8000000000
2.6035000000,0.0031400660,0.6608539727,falla_engranaje,0.8000000000
2.6040000000,0.0029481717,0.6589419433,falla_engranaje,0.8000000000
2.6045000000,0.0030747371,0.6741243942,falla_engranaje,0.8000000000
2.6050000000,0.0030233814,0.6491019979,falla_engranaje,0.8000000000
2.6055000000,0.0032379287,0.6547135410,falla_engranaje,0.8000000000
2.6060000000,0.0031758216,0.6688752382,falla_engranaje,0.8000000000
2.6065000000,0.0031390370,0.6369168962,falla_engranaje,0.8000000000
2.6070000000,0.0032214103,0.6554363510,falla_engranaje,0.8000000000
2.6075000000,0.0032509900,0.6508128839,falla_engranaje,0.8000000000
2.6080000000,0.0031941776,0.6721239421,falla_engranaje,0.8000000000
2.6085000000,0.0031150388,0.6609999129,falla_engranaje,0.8000000000
2.6090000000,0.0031860511,0.6630826301,falla_engranaje,0.8000000000
2.6095000000,0.0031727702,0.6639995080,falla_engranaje,0.8000000000
2.6100000000,0.0032096534,0.6507975677,falla_engranaje,0.8000000000
2.6105000000,0.0032257235,0.6640600902,falla_engranaje,0.8000000000
2.6110000000,0.0031716047,0.6598465681,falla_engranaje,0.8000000000
2.6115000000,0.0032322989,0.6601476295,falla_engranaje,0.8000000000
2.6120000000,0.0032681785,0.6484157133,falla_engranaje,0.8000000000
2.6125000000,0.0032762974,0.6584020185,falla_engranaje,0.8000000000
2.6130000000,0.0032347722,0.6475964145,falla_engranaje,0.8000000000
2.6135000000,0.0031019070,0.6439649782,falla_engranaje,0.8000000000
2.6140000000,0.0033190157,0.6622861484,falla_engranaje,0.8000000000
2.6145000000,0.0033344190,0.6736512279,falla_engranaje,0.8000000000
2.6150000000,0.0032227555,0.6404018670,falla_engranaje,0.8000000000
2.6155000000,0.0032857965,0.6698045243,falla_engranaje,0.8000000000
2.6160000000,0.0032413220,0.6485698640,falla_engranaje,0.8000000000
2.6165000000,0.0032521432,0.6616514234,falla_engranaje,0.8000000000
2.6170000000,0.0033599477,0.6641222268,falla_engranaje,0.8000000000
2.6175000000,0.0032767826,0.6677617808,falla_engranaje,0.8000000000
2.6180000000,0.0032987230,0.6312305808,falla_engranaje,0.8000000000
2.6185000000,0.0032656787,0.6247321966,falla_engranaje,0.8000000000
2.6190000000,0.0031525307,0.6497103564,falla_engranaje,0.8000000000
2.6195000000,0.0033171502,0.6549392213,falla_engranaje,0.8000000000
2.6200000000,0.0033366451,0.6564900099,falla_engranaje,0.8000000000
2.6205000000,0.0032078168,0.6575525569,falla_engranaje,0.8000000000
2.6210000000,0.0032991346,0.6257119619,falla_engranaje,0.8000000000
2.6215000000,0.0033051997,0.6523941629,falla_engranaje,0.8000000000
2.6220000000,0.0032344598,0.6512547623,falla_engranaje,0.8000000000
2.6225000000,0.0033829444,0.6388973642,falla_engranaje,0.8000000000
2.6230000000,0.0033198379,0.6440527990,falla_engranaje,0.8000000000
2.6235000000,0.0033524437,0.6360278281,falla_engranaje,0.8000000000
2.6240000000,0.0033520175,0.6410893858,falla_engranaje,0.8000000000
2.6245000000,0.0034295514,0.6449843936,falla_engranaje,0.8000000000
2.6250000000,0.0032806585,0.6499415336,falla_engranaje,0.8000000000
2.6255000000,0.0032639641,0.6525115019,falla_engranaje,0.8000000000
2.6260000000,0.0033181897,0.6494561392,falla_engranaje,0.8000000000
2.6265000000,0.0033429641,0.6642174095,falla_engranaje,0.8000000000
2.6270000000,0.0032493160,0.6560731817,falla_engranaje,0.8000000000
2.6275000000,0.0034552934,0.6447164017,falla_engranaje,0.8000000000
2.6280000000,0.0033176770,0.6530669990,falla_engranaje,0.8000000000
2.6285000000,0.0034380920,0.6352884406,falla_engranaje,0.8000000000
2.6290000000,0.0032845645,0.6435850483,falla_engranaje,0.8000000000
2.6295000000,0.0033888745,0.6514411231,falla_engranaje,0.8000000000
2.6300000000,0.0032813178,0.6333701328,falla_engranaje,0.8000000000
2.6305000000,0.0034347432,0.6358693164,falla_engranaje,0.8000000000
2.6310000000,0.0033886518,0.6303710624,falla_engranaje,0.8000000000
2.6315000000,0.0032963583,0.6615610334,falla_engranaje,0.8000000000
2.6320000000,0.0033863756,0.6436167443,falla_engranaje,0.8000000000
2.6325000000,0.0033165228,0.6323559436,falla_engranaje,0.8000000000
2.6330000000,0.0033934593,0.6328116150,falla_engranaje,0.8000000000
2.6335000000,0.0034004587,0.6444415965,falla_engranaje,0.8000000000
2.6340000000,0.0035414390,0.6199465348,falla_engranaje,0.8000000000
2.6345000000,0.0033937222,0.6345279505,falla_engranaje,0.8000000000
2.6350000000,0.0033635156,0.6366911240,falla_engranaje,0.8000000000
2.6355000000,0.0034385230,0.6540168969,falla_engranaje,0.8000000000
2.6360000000,0.0033434946,0.6368102213,falla_engranaje,0.8000000000
2.6365000000,0.0033045832,0.6507586191,falla_engranaje,0.8000000000
2.6370000000,0.0033298195,0.6503975770,falla_engranaje,0.8000000000
2.6375000000,0.0034502052,0.6377777524,falla_engranaje,0.8000000000
2.6380000000,0.0034761341,0.6500935745,falla_engranaje,0.8000000000
2.6385000000,0.0034083745,0.6443369447,falla_engranaje,0.8000000000
2.6390000000,0.0035574400,0.6510358639,falla_engranaje,0.8000000000
2.6395000000,0.0034551998,0.6400370396,falla_engranaje,0.8000000000
2.6400000000,0.0033735359,0.6361692937,falla_engranaje,0.8000000000
2.6405000000,0.0034514781,0.6490652758,falla_engranaje,0.8000000000
2.6410000000,0.0033133046,0.6405889680,falla_engranaje,0.8000000000
2.6415000000,0.0034493996,0.6289708936,falla_engranaje,0.8000000000
2.6420000000,0.0034153378,0.6457488912,falla_engranaje,0.8000000000
2.6425000000,0.0033209129,0.6466464038,falla_engranaje,0.8000000000
2.6430000000,0.0033632351,0.6281612220,falla_engranaje,0.8000000000
2.6435000000,0.0033324947,0.6425294714,falla_engranaje,0.8000000000
2.6440000000,0.0035061498,0.6441682422,falla_engranaje,0.8000000000
2.6445000000,0.0034534141,0.6320640315,falla_engranaje,0.8000000000
2.6450000000,0.0034371508,0.6428734988,falla_engranaje,0.8000000000
2.6455000000,0.0034619667,0.6462580323,falla_engranaje,0.8000000000
2.6460000000,0.0034945842,0.6506908562,falla_engranaje,0.8000000000
2.6465000000,0.0034407972,0.6204156160,falla_engranaje,0.8000000000
2.6470000000,0.0034557257,0.6406697430,falla_engranaje,0.8000000000
2.6475000000,0.0034648276,0.6401089801,falla_engranaje,0.8000000000
2.6480000000,0.0034881330,0.6273451108,falla_engranaje,0.8000000000
2.6485000000,0.0034500502,0.6343994896,falla_engranaje,0.8000000000
2.6490000000,0.0033836293,0.6366425071,falla_engranaje,0.8000000000
2.6495000000,0.0034268560,0.6350928129,falla_engranaje,0.8000000000
2.6500000000,0.0034656557,0.6236117937,falla_engranaje,0.8000000000
2.6505000000,0.0034066516,0.6342422642,falla_engranaje,0.8000000000
2.6510000000,0.0034090536,0.6491105119,falla_engranaje,0.8000000000
2.6515000000,0.0034353260,0.6304217323,falla_engranaje,0.8000000000
2.6520000000,0.0034719245,0.6230135733,falla_engranaje,0.8000000000
2.6525000000,0.0033948548,0.6413208256,falla_engranaje,0.8000000000
2.6530000000,0.0034213487,0.6314585087,falla_engranaje,0.8000000000
2.6535000000,0.0035878369,0.6280766917,falla_engranaje,0.8000000000
2.6540000000,0.0035055969,0.6293878473,falla_engranaje,0.8000000000
2.6545000000,0.0034557196,0.6249486103,falla_engranaje,0.8000000000
2.6550000000,0.0035264676,0.6185172875,falla_engranaje,0.8000000000
2.6555000000,0.0035235750,0.6378661992,falla_engranaje,0.8000000000
2.6560000000,0.0034856495,0.6157717898,falla_engranaje,0.8000000000
2.6565000000,0.0034493609,0.6136054832,falla_engranaje,0.8000000000
2.6570000000,0.0035811615,0.6075498506,falla_engranaje,0.8000000000
2.6575000000,0.0034414546,0.6155939521,falla_engranaje,0.8000000000
2.6580000000,0.0035740731,0.6333395526,falla_engranaje,0.8000000000
2.6585000000,0.0035024068,0.6244049143,falla_engranaje,0.8000000000
2.6590000000,0.0035919111,0.6366011489,falla_engranaje,0.8000000000
2.6595000000,0.0035161304,0.6350272478,falla_engranaje,0.8000000000
2.6600000000,0.0035311586,0.6140993761,falla_engranaje,0.8000000000
2.6605000000,0.0034460052,0.6111196581,falla_engranaje,0.8000000000
2.6610000000,0.0034404296,0.6112241074,falla_engranaje,0.8000000000
2.6615000000,0.0034060715,0.6249195177,falla_engranaje,0.8000000000
2.6620000000,0.0034903349,0.6252819331,falla_engranaje,0.8000000000
2.6625000000,0.0034666223,0.6264672799,falla_engranaje,0.8000000000
2.6630000000,0.0035034906,0.6286548214,falla_engranaje,0.8000000000
2.6635000000,0.0034747389,0.6111500124,falla_engranaje,0.8000000000
2.6640000000,0.0034591247,0.6338200907,falla_engranaje,0.8000000000
2.6645000000,0.0035041062,0.6228174762,falla_engranaje,0.8000000000
2.6650000000,0.0034659490,0.6097837339,falla_engranaje,0.8000000000
2.6655000000,0.0035926311,0.6264262716,falla_engranaje,0.8000000000
2.6660000000,0.0034444424,0.6270735986,falla_engranaje,0.8000000000
2.6665000000,0.0033136513,0.6104995309,falla_engranaje,0.8000000000
2.6670000000,0.0034183199,0.6167688420,falla_engranaje,0.8000000000
2.6675000000,0.0035593392,0.6283532090,falla_engranaje,0.8000000000
2.6680000000,0.0035011519,0.6073689464,falla_engranaje,0.8000000000
2.6685000000,0.0034754394,0.6127849108,falla_engranaje,0.8000000000
2.6690000000,0.0035743117,0.6016213919,falla_engranaje,0.8000000000
2.6695000000,0.0034873974,0.6005462326,falla_engranaje,0.8000000000
2.6700000000,0.0035290033,0.6131176741,falla_engranaje,0.8000000000
2.6705000000,0.0033230156,0.5985650476,falla_engranaje,0.8000000000
2.6710000000,0.0033563972,0.6019204575,falla_engranaje,0.8000000000
2.6715000000,0.0034947792,0.6227634354,falla_engranaje,0.8000000000
2.6720000000,0.0033557673,0.6142611722,falla_engranaje,0.8000000000
2.6725000000,0.0033564516,0.6337681565,falla_engranaje,0.8000000000
2.6730000000,0.0034799635,0.6260107587,falla_engranaje,0.8000000000
2.6735000000,0.0034294500,0.6149588822,falla_engranaje,0.8000000000
2.6740000000,0.0034477501,0.5964710795,falla_engranaje,0.8000000000
2.6745000000,0.0033642062,0.6194295687,falla_engranaje,0.8000000000
2.6750000000,0.0033609614,0.5949301117,falla_engranaje,0.8000000000
2.6755000000,0.0033312477,0.6249169300,falla_engranaje,0.8000000000
2.6760000000,0.0035132893,0.6108210734,falla_engranaje,0.8000000000
2.6765000000,0.0035440511,0.6067991519,falla_engranaje,0.8000000000
2.6770000000,0.0035988693,0.6176220946,falla_engranaje,0.8000000000
2.6775000000,0.0035399984,0.6144451800,falla_engranaje,0.8000000000
2.6780000000,0.0035159228,0.6089804640,falla_engranaje,0.8000000000
2.6785000000,0.0034766097,0.5989332544,falla_engranaje,0.8000000000
2.6790000000,0.0033251229,0.5925921767,falla_engranaje,0.8000000000
2.6795000000,0.0034537710,0.6161598271,falla_engranaje,0.8000000000
2.6800000000,0.0033610483,0.6016795255,falla_engranaje,0.8000000000
2.6805000000,0.0032619800,0.6153768500,falla_engranaje,0.8000000000
2.6810000000,0.0033235756,0.6136499641,falla_engranaje,0.8000000000
2.6815000000,0.0035047469,0.6254739125,falla_engranaje,0.8000000000
2.6820000000,0.0035306694,0.6042555629,falla_engranaje,0.8000000000
2.6825000000,0.0033311204,0.6052704656,falla_engranaje,0.8000000000
2.6830000000,0.0034324459,0.5859419079,falla_engranaje,0.8000000000
2.6835000000,0.0034254122,0.5898599868,falla_engranaje,0.8000000000
2.6840000000,0.0034046143,0.6139488353,falla_engranaje,0.8000000000
2.6845000000,0.0034863241,0.5865873069,falla_engranaje,0.8000000000
2.6850000000,0.0034277480,0.6096848187,falla_engranaje,0.8000000000
2.6855000000,0.0034816303,0.6007328321,falla_engranaje,0.8000000000
2.6860000000,0.0033780690,0.6135800611,falla_engranaje,0.8000000000
2.6865000000,0.0032853264,0.5944034592,falla_engranaje,0.8000000000
2.6870000000,0.0033584289,0.6084026248,falla_engranaje,0.8000000000
2.6875000000,0.0034888746,0.6116805128,falla_engranaje,0.8000000000
2.6880000000,0.0035256079,0.5832256100,falla_engranaje,0.8000000000
2.6885000000,0.0034189285,0.6065202268,falla_engranaje,0.8000000000
2.6890000000,0.0033128416,0.5928872528,falla_engranaje,0.8000000000
2.6895000000,0.0032724275,0.6059039527,falla_engranaje,0.8000000000
2.6900000000,0.0032468639,0.5937229658,falla_engranaje,0.8000000000
2.6905000000,0.0033860682,0.5854255572,falla_engranaje,0.8000000000
2.6910000000,0.0034641081,0.5992719657,falla_engranaje,0.8000000000
2.6915000000,0.0033885508,0.5990943421,falla_engranaje,0.8000000000
2.6920000000,0.0033501499,0.5765321535,falla_engranaje,0.8000000000
2.6925000000,0.0034011832,0.5857215138,falla_engranaje,0.8000000000
2.6930000000,0.0034253616,0.5893043313,falla_engranaje,0.8000000000
2.6935000000,0.0034269011,0.5978897783,falla_engranaje,0.8000000000
2.6940000000,0.0033780484,0.6004665492,falla_engranaje,0.8000000000
2.6945000000,0.0032510574,0.6064496317,falla_engranaje,0.8000000000
2.6950000000,0.0032450228,0.5976164817,falla_engranaje,0.8000000000
2.6955000000,0.0034141515,0.6122454889,falla_engranaje,0.8000000000
2.6960000000,0.0032973139,0.5979020684,falla_engranaje,0.8000000000
2.6965000000,0.0032956849,0.6002063832,falla_engranaje,0.8000000000
2.6970000000,0.0032537650,0.5977436548,falla_engranaje,0.8000000000
2.6975000000,0.0032847796,0.5904797917,falla_engranaje,0.8000000000
2.6980000000,0.0032669234,0.5808596034,falla_engranaje,0.8000000000
2.6985000000,0.0032600909,0.5918242132,falla_engranaje,0.8000000000
2.6990000000,0.0035416098,0.5866017132,falla_engranaje,0.8000000000
2.6995000000,0.0033380098,0.5851689111,falla_engranaje,0.8000000000
2.7000000000,0.0032443601,0.5869566046,falla_engranaje,0.8000000000
2.7005000000,0.0032482198,0.5887035856,falla_engranaje,0.8000000000
2.7010000000,0.0032792449,0.6072363401,falla_engranaje,0.8000000000
2.7015000000,0.0032156636,0.5905747163,falla_engranaje,0.8000000000
2.7020000000,0.0032370982,0.5909659317,falla_engranaje,0.8000000000
2.7025000000,0.0032363418,0.5719057927,falla_engranaje,0.8000000000
2.7030000000,0.0032270620,0.5804648637,falla_engranaje,0.8000000000
2.7035000000,0.0032436479,0.5688227261,falla_engranaje,0.8000000000
2.7040000000,0.0032329474,0.5847339699,falla_engranaje,0.8000000000
2.7045000000,0.0033761470,0.5886846912,falla_engranaje,0.8000000000
2.7050000000,0.0032133147,0.5903267966,falla_engranaje,0.8000000000
2.7055000000,0.0031556076,0.5743921890,falla_engranaje,0.8000000000
2.7060000000,0.0033166258,0.5818988890,falla_engranaje,0.8000000000
2.7065000000,0.0033013674,0.5863640029,falla_engranaje,0.8000000000
2.7070000000,0.0031674461,0.5725533043,falla_engranaje,0.8000000000
2.7075000000,0.0031756867,0.5792412148,falla_engranaje,0.8000000000
2.7080000000,0.0031960693,0.5572859473,falla_engranaje,0.8000000000
2.7085000000,0.0032154458,0.5849819793,falla_engranaje,0.8000000000
2.7090000000,0.0031826805,0.5544451039,falla_engranaje,0.8000000000
2.7095000000,0.0032729848,0.5476862504,falla_engranaje,0.8000000000
2.7100000000,0.0031709942,0.5783971930,falla_engranaje,0.8000000000
2.7105000000,0.0032594124,0.5764007103,falla_engranaje,0.8000000000
2.7110000000,0.0031949189,0.5781137320,falla_engranaje,0.8000000000
2.7115000000,0.0032946325,0.5671938115,falla_engranaje,0.8000000000
2.7120000000,0.0032150894,0.5721265545,falla_engranaje,0.8000000000
2.7125000000,0.0031934120,0.5794633341,falla_engranaje,0.8000000000
2.7130000000,0.0030700046,0.5495143245,falla_engranaje,0.8000000000
2.7135000000,0.0031237451,0.5625741172,falla_engranaje,0.8000000000
2.7140000000,0.0031227508,0.5663880928,falla_engranaje,0.8000000000
2.7145000000,0.0031995996,0.5476874077,falla_engranaje,0.8000000000
2.7150000000,0.0030800252,0.5656347947,falla_engranaje,0.8000000000
2.7155000000,0.0031537174,0.5726305377,falla_engranaje,0.8000000000
2.7160000000,0.0031010335,0.5762385078,falla_engranaje,0.8000000000
2.7165000000,0.0031515200,0.5624791495,falla_engranaje,0.8000000000
2.7170000000,0.0030494109,0.5810373441,falla_engranaje,0.8000000000
2.7175000000,0.0031602941,0.5610968100,falla_engranaje,0.8000000000
2.7180000000,0.0030803439,0.5484101196,falla_engranaje,0.8000000000
2.7185000000,0.0030707213,0.5521752798,falla_engranaje,0.8000000000
2.7190000000,0.0031089679,0.5512370550,falla_engranaje,0.8000000000
2.7195000000,0.0030531465,0.5488904333,falla_engranaje,0.8000000000
2.7200000000,0.0030257864,0.5645260245,falla_engranaje,0.8000000000
2.7205000000,0.0030578301,0.5739164526,falla_engranaje,0.8000000000
2.7210000000,0.0029895112,0.5494453290,falla_engranaje,0.8000000000
2.7215000000,0.0030677238,0.5652231912,falla_engranaje,0.8000000000
2.7220000000,0.0031493228,0.5358795091,falla_engranaje,0.8000000000
2.7225000000,0.0030127485,0.5753494347,falla_engranaje,0.8000000000
2.7230000000,0.0030740900,0.5603095227,falla_engranaje,0.8000000000
2.7235000000,0.0030620646,0.5497583702,falla_engranaje,0.8000000000
2.7240000000,0.0030041950,0.5484246320,falla_engranaje,0.8000000000
2.7245000000,0.0030889827,0.5610507282,falla_engranaje,0.8000000000
2.7250000000,0.0030373280,0.5343196157,falla_engranaje,0.8000000000
2.7255000000,0.0029725857,0.5424274864,falla_engranaje,0.8000000000
2.7260000000,0.0030030014,0.5466672770,falla_engranaje,0.8000000000
2.7265000000,0.0029252807,0.5437639052,falla_engranaje,0.8000000000
2.7270000000,0.0029227066,0.5385890791,falla_engranaje,0.8000000000
2.7275000000,0.0029079279,0.5372306305,falla_engranaje,0.8000000000
2.7280000000,0.0030040376,0.5486763910,falla_engranaje,0.8000000000
2.7285000000,0.0029378184,0.5404033074,falla_engranaje,0.8000000000
2.7290000000,0.0030574099,0.5430621193,falla_engranaje,0.8000000000
2.7295000000,0.0028885190,0.5365352553,falla_engranaje,0.8000000000
2.7300000000,0.0030414014,0.5495024561,falla_engranaje,0.8000000000
2.7305000000,0.0029818805,0.5247428915,falla_engranaje,0.8000000000
2.7310000000,0.0028470117,0.5358976357,falla_engranaje,0.8000000000
2.7315000000,0.0029396991,0.5292461888,falla_engranaje,0.8000000000
2.7320000000,0.0028042451,0.5615287485,falla_engranaje,0.8000000000
2.7325000000,0.0029509067,0.5325607331,falla_engranaje,0.8000000000
2.7330000000,0.0028102100,0.5190768964,falla_engranaje,0.8000000000
2.7335000000,0.0029220811,0.5311114412,falla_engranaje,0.8000000000
2.7340000000,0.0027526390,0.5523552749,falla_engranaje,0.8000000000
2.7345000000,0.0028956876,0.5405056455,falla_engranaje,0.8000000000
2.7350000000,0.0028458697,0.5187261792,falla_engranaje,0.8000000000
2.7355000000,0.0028524002,0.5592780490,falla_engranaje,0.8000000000
2.7360000000,0.0028994444,0.5327871758,falla_engranaje,0.8000000000
2.7365000000,0.0027869244,0.5528691858,falla_engranaje,0.8000000000
2.7370000000,0.0028658478,0.5181967277,falla_engranaje,0.8000000000
2.7375000000,0.0028235680,0.5165574297,falla_engranaje,0.8000000000
2.7380000000,0.0027507880,0.5357339515,falla_engranaje,0.8000000000
2.7385000000,0.0027776926,0.5456751622,falla_engranaje,0.8000000000
2.7390000000,0.0027782046,0.5250341234,falla_engranaje,0.8000000000
2.7395000000,0.0027776309,0.5287902882,falla_engranaje,0.8000000000
2.7400000000,0.0027734956,0.5361293491,falla_engranaje,0.8000000000
2.7405000000,0.0027631737,0.5356285214,falla_engranaje,0.8000000000
2.7410000000,0.0028239556,0.5560939559,falla_engranaje,0.8000000000
2.7415000000,0.0027338670,0.5110610302,falla_engranaje,0.8000000000
2.7420000000,0.0027015780,0.5444259014,falla_engranaje,0.8000000000
2.7425000000,0.0026818843,0.5438466493,falla_engranaje,0.8000000000
2.7430000000,0.0027375788,0.5435947211,falla_engranaje,0.8000000000
2.7435000000,0.0027079318,0.5271897669,falla_engranaje,0.8000000000
2.7440000000,0.0027312008,0.5155064000,falla_engranaje,0.8000000000
2.7445000000,0.0027261702,0.5283321876,falla_engranaje,0.8000000000
2.7450000000,0.0027334362,0.5125404247,falla_engranaje,0.8000000000
2.7455000000,0.0027534151,0.5241982724,falla_engranaje,0.8000000000
2.7460000000,0.0028098704,0.5241064093,falla_engranaje,0.8000000000
2.7465000000,0.0026207920,0.5108256898,falla_engranaje,0.8000000000
2.7470000000,0.0027513757,0.5124930867,falla_engranaje,0.8000000000
2.7475000000,0.0026147342,0.5180257573,falla_engranaje,0.8000000000
2.7480000000,0.0026874787,0.5162045889,falla_engranaje,0.8000000000
2.7485000000,0.0027128704,0.5273549475,falla_engranaje,0.8000000000
2.7490000000,0.0026541072,0.5237646416,falla_engranaje,0.8000000000
2.7495000000,0.0027250350,0.5144116158,falla_engranaje,0.8000000000
2.7500000000,0.0027030257,0.5129684664,falla_engranaje,0.8000000000
2.7505000000,0.0026318545,0.5104439310,falla_engranaje,0.8000000000
2.7510000000,0.0026113626,0.5227328962,falla_engranaje,0.8000000000
2.7515000000,0.0026623554,0.4910413562,falla_engranaje,0.8000000000
2.7520000000,0.0025810547,0.5187790601,falla_engranaje,0.8000000000
2.7525000000,0.0026891519,0.5219921732,falla_engranaje,0.8000000000
2.7530000000,0.0024672740,0.4946685111,falla_engranaje,0.8000000000
2.7535000000,0.0025198597,0.5402646079,falla_engranaje,0.8000000000
2.7540000000,0.0024954133,0.5198921536,falla_engranaje,0.8000000000
2.7545000000,0.0026375014,0.5143671698,falla_engranaje,0.8000000000
2.7550000000,0.0025769726,0.5267629855,falla_engranaje,0.8000000000
2.7555000000,0.0023292497,0.5018130207,falla_engranaje,0.8000000000
2.7560000000,0.0025717859,0.5098121014,falla_engranaje,0.8000000000
2.7565000000,0.0024419508,0.5106056009,falla_engranaje,0.8000000000
2.7570000000,0.0024233564,0.5104741085,falla_engranaje,0.8000000000
2.7575000000,0.0024337547,0.5141761479,falla_engranaje,0.8000000000
2.7580000000,0.0024183793,0.4948172168,falla_engranaje,0.8000000000
2.7585000000,0.0024089735,0.5048511636,falla_engranaje,0.8000000000
2.7590000000,0.0024242184,0.5240001976,falla_engranaje,0.8000000000
2.7595000000,0.0024688163,0.5264701774,falla_engranaje,0.8000000000
2.7600000000,0.0024187149,0.5160642810,falla_engranaje,0.8000000000
2.7605000000,0.0025010427,0.5082119110,falla_engranaje,0.8000000000
2.7610000000,0.0025624384,0.4996591119,falla_engranaje,0.8000000000
2.7615000000,0.0024485723,0.4968052807,falla_engranaje,0.8000000000
2.7620000000,0.0024309397,0.5096683905,falla_engranaje,0.8000000000
2.7625000000,0.0024941383,0.4997411855,falla_engranaje,0.8000000000
2.7630000000,0.0024735103,0.4829498930,falla_engranaje,0.8000000000
2.7635000000,0.0024141123,0.5005492124,falla_engranaje,0.8000000000
2.7640000000,0.0023249093,0.5025177521,falla_engranaje,0.8000000000
2.7645000000,0.0022753987,0.4822398646,falla_engranaje,0.8000000000
2.7650000000,0.0023343512,0.4796094362,falla_engranaje,0.8000000000
2.7655000000,0.0023028888,0.4904963301,falla_engranaje,0.8000000000
2.7660000000,0.0023468492,0.4958690496,falla_engranaje,0.8000000000
2.7665000000,0.0023845907,0.4938977531,falla_engranaje,0.8000000000
2.7670000000,0.0022983865,0.4862463173,falla_engranaje,0.8000000000
2.7675000000,0.0022884563,0.5179190885,falla_engranaje,0.8000000000
2.7680000000,0.0023048842,0.5025266477,falla_engranaje,0.8000000000
2.7685000000,0.0021826720,0.4956507487,falla_engranaje,0.8000000000
2.7690000000,0.0022884148,0.4885708805,falla_engranaje,0.8000000000
2.7695000000,0.0022069286,0.4794589901,falla_engranaje,0.8000000000
2.7700000000,0.0022585462,0.4986709923,falla_engranaje,0.8000000000
2.7705000000,0.0021491024,0.4843413694,falla_engranaje,0.8000000000
2.7710000000,0.0020831350,0.4903800714,falla_engranaje,0.8000000000
2.7715000000,0.0021966309,0.4997591187,falla_engranaje,0.8000000000
2.7720000000,0.0022323743,0.4855371503,falla_engranaje,0.8000000000
2.7725000000,0.0021859600,0.4955679568,falla_engranaje,0.8000000000
2.7730000000,0.0021623054,0.4739999933,falla_engranaje,0.8000000000
2.7735000000,0.0021862191,0.4839995942,falla_engranaje,0.8000000000
2.7740000000,0.0021821395,0.4917815742,falla_engranaje,0.8000000000
2.7745000000,0.0021422317,0.4935610499,falla_engranaje,0.8000000000
2.7750000000,0.0021185458,0.4916322020,falla_engranaje,0.8000000000
2.7755000000,0.0021878492,0.4784345950,falla_engranaje,0.8000000000
2.7760000000,0.0021997135,0.4835485064,falla_engranaje,0.8000000000
2.7765000000,0.0020857695,0.4915653201,falla_engranaje,0.8000000000
2.7770000000,0.0021998855,0.4857147582,falla_engranaje,0.8000000000
2.7775000000,0.0020839200,0.4571356764,falla_engranaje,0.8000000000
2.7780000000,0.0021333422,0.4902186976,falla_engranaje,0.8000000000
2.7785000000,0.0021807126,0.4629387026,falla_engranaje,0.8000000000
2.7790000000,0.0022321670,0.4725264575,falla_engranaje,0.8000000000
2.7795000000,0.0019723766,0.4956182271,falla_engranaje,0.8000000000
2.7800000000,0.0020397409,0.4571922541,falla_engranaje,0.8000000000
2.7805000000,0.0021304800,0.4748084205,falla_engranaje,0.8000000000
2.7810000000,0.0021508575,0.4951648592,falla_engranaje,0.8000000000
2.7815000000,0.0020333229,0.4674894621,falla_engranaje,0.8000000000
2.7820000000,0.0020325410,0.4850801684,falla_engranaje,0.8000000000
2.7825000000,0.0020489598,0.4728800321,falla_engranaje,0.8000000000
2.7830000000,0.0019545784,0.4949414695,falla_engranaje,0.8000000000
2.7835000000,0.0020710949,0.4766593425,falla_engranaje,0.8000000000
2.7840000000,0.0020483519,0.4792025292,falla_engranaje,0.8000000000
2.7845000000,0.0020409185,0.4754291845,falla_engranaje,0.8000000000
2.7850000000,0.0020276732,0.4798163143,falla_engranaje,0.8000000000
2.7855000000,0.0019041430,0.4645124701,falla_engranaje,0.8000000000
2.7860000000,0.0019398341,0.4844005028,falla_engranaje,0.8000000000
2.7865000000,0.0019938477,0.4845203183,falla_engranaje,0.8000000000
2.7870000000,0.0018578880,0.4787504187,falla_engranaje,0.8000000000
2.7875000000,0.0019629748,0.4858222630,falla_engranaje,0.8000000000
2.7880000000,0.0018538725,0.4827840173,falla_engranaje,0.8000000000
2.7885000000,0.0018713548,0.4858922365,falla_engranaje,0.8000000000
2.7890000000,0.0019828933,0.4665670761,falla_engranaje,0.8000000000
2.7895000000,0.0018917785,0.4757572737,falla_engranaje,0.8000000000
2.7900000000,0.0019229987,0.4570715981,falla_engranaje,0.8000000000
2.7905000000,0.0019124455,0.4678450804,falla_engranaje,0.8000000000
2.7910000000,0.0017600052,0.4647523901,falla_engranaje,0.8000000000
2.7915000000,0.0018041537,0.4837363002,falla_engranaje,0.8000000000
2.7920000000,0.0018861585,0.4636768654,falla_engranaje,0.8000000000
2.7925000000,0.0018178125,0.4717747394,falla_engranaje,0.8000000000
2.7930000000,0.0017112939,0.4588504351,falla_engranaje,0.8000000000
2.7935000000,0.0018891922,0.4667208460,falla_engranaje,0.8000000000
2.7940000000,0.0016635157,0.4754598774,falla_engranaje,0.8000000000
2.7945000000,0.0018421319,0.4510558979,falla_engranaje,0.8000000000
2.7950000000,0.0017999802,0.4823538903,falla_engranaje,0.8000000000
2.7955000000,0.0017969539,0.4671599034,falla_engranaje,0.8000000000
2.7960000000,0.0017645812,0.4800611256,falla_engranaje,0.8000000000
2.7965000000,0.0017291832,0.4627458476,falla_engranaje,0.8000000000
2.7970000000,0.0017338655,0.4701057309,falla_engranaje,0.8000000000
2.7975000000,0.0016856812,0.4466388173,falla_engranaje,0.8000000000
2.7980000000,0.0018616994,0.4638475560,falla_engranaje,0.8000000000
2.7985000000,0.0017433366,0.4673839806,falla_engranaje,0.8000000000
2.7990000000,0.0017455595,0.4444996047,falla_engranaje,0.8000000000
2.7995000000,0.0016653191,0.4694778759,falla_engranaje,0.8000000000
2.8000000000,0.0016798937,0.4517839303,falla_engranaje,0.8000000000
2.8005000000,0.0017541079,0.4560705782,falla_engranaje,0.8000000000
2.8010000000,0.0016911692,0.4509525791,falla_engranaje,0.8000000000
2.8015000000,0.0017082695,0.4595036329,falla_engranaje,0.8000000000
2.8020000000,0.0017241653,0.4674300603,falla_engranaje,0.8000000000
2.8025000000,0.0016888641,0.4547477368,falla_engranaje,0.8000000000
2.8030000000,0.0015864489,0.4643746737,falla_engranaje,0.8000000000
2.8035000000,0.0016471661,0.4626178053,falla_engranaje,0.8000000000
2.8040000000,0.0016633799,0.4463569148,falla_engranaje,0.8000000000
2.8045000000,0.0016776058,0.4494800011,falla_engranaje,0.8000000000
2.8050000000,0.0016338749,0.4639356966,falla_engranaje,0.8000000000
2.8055000000,0.0015800946,0.4623083053,falla_engranaje,0.8000000000
2.8060000000,0.0015834750,0.4603486255,falla_engranaje,0.8000000000
2.8065000000,0.0016611044,0.4469896250,falla_engranaje,0.8000000000
2.8070000000,0.0015117816,0.4686376743,falla_engranaje,0.8000000000
2.8075000000,0.0015358794,0.4365500748,falla_engranaje,0.8000000000
2.8080000000,0.0016306155,0.4389045606,falla_engranaje,0.8000000000
2.8085000000,0.0014678847,0.4378614666,falla_engranaje,0.8000000000
2.8090000000,0.0015427089,0.4582540347,falla_engranaje,0.8000000000
2.8095000000,0.0015188626,0.4455517058,falla_engranaje,0.8000000000
2.8100000000,0.0015161646,0.4347111328,falla_engranaje,0.8000000000
2.8105000000,0.0016367413,0.4495186628,falla_engranaje,0.8000000000
2.8110000000,0.0014802513,0.4484637390,falla_engranaje,0.8000000000
2.8115000000,0.0015727306,0.4536380837,falla_engranaje,0.8000000000
2.8120000000,0.0014382937,0.4331339595,falla_engranaje,0.8000000000
2.8125000000,0.0014782505,0.4441458580,falla_engranaje,0.8000000000
2.8130000000,0.0015885724,0.4461652361,falla_engranaje,0.8000000000
2.8135000000,0.0013142373,0.4256050877,falla_engranaje,0.8000000000
2.8140000000,0.0014352016,0.4481967107,falla_engranaje,0.8000000000
2.8145000000,0.0012796343,0.4601424633,falla_engranaje,0.8000000000
2.8150000000,0.0014969327,0.4326470186,falla_engranaje,0.8000000000
2.8155000000,0.0013756920,0.4355469911,falla_engranaje,0.8000000000
2.8160000000,0.0015133583,0.4435061743,falla_engranaje,0.8000000000
2.8165000000,0.0014872945,0.4428954380,falla_engranaje,0.8000000000
2.8170000000,0.0014725555,0.4394914434,falla_engranaje,0.8000000000
2.8175000000,0.0014317875,0.4397015656,falla_engranaje,0.8000000000
2.8180000000,0.0012828491,0.4348661306,falla_engranaje,0.8000000000
2.8185000000,0.0014280333,0.4467559855,falla_engranaje,0.8000000000
2.8190000000,0.0013441636,0.4478274153,falla_engranaje,0.8000000000
2.8195000000,0.0012940138,0.4350598751,falla_engranaje,0.8000000000
2.8200000000,0.0013649741,0.4363449716,falla_engranaje,0.8000000000
2.8205000000,0.0013750859,0.4290008107,falla_engranaje,0.8000000000
2.8210000000,0.0014296927,0.4539261452,falla_engranaje,0.8000000000
2.8215000000,0.0014593640,0.4496849206,falla_engranaje,0.8000000000
2.8220000000,0.0014288508,0.4390780584,falla_engranaje,0.8000000000
2.8225000000,0.0013507983,0.4279929235,falla_engranaje,0.8000000000
2.8230000000,0.0012986931,0.4266691745,falla_engranaje,0.8000000000
2.8235000000,0.0013315413,0.4345717105,falla_engranaje,0.8000000000
2.8240000000,0.0012720663,0.4327358388,falla_engranaje,0.8000000000
2.8245000000,0.0012956210,0.4375698883,falla_engranaje,0.8000000000
2.8250000000,0.0013660275,0.4511444736,falla_engranaje,0.8000000000
2.8255000000,0.0012612672,0.4190808229,falla_engranaje,0.8000000000
2.8260000000,0.0012494716,0.4159965072,falla_engranaje,0.8000000000
2.8265000000,0.0011962494,0.4330026479,falla_engranaje,0.8000000000
2.8270000000,0.0012458869,0.4337397079,falla_engranaje,0.8000000000
2.8275000000,0.0012876947,0.4191707143,falla_engranaje,0.8000000000
2.8280000000,0.0011984688,0.4140749381,falla_engranaje,0.8000000000
2.8285000000,0.0012008489,0.4216086277,falla_engranaje,0.8000000000
2.8290000000,0.0013026559,0.4323425016,falla_engranaje,0.8000000000
2.8295000000,0.0012247427,0.4329739695,falla_engranaje,0.8000000000
2.8300000000,0.0011810494,0.4169336686,falla_engranaje,0.8000000000
2.8305000000,0.0011115526,0.4186990212,falla_engranaje,0.8000000000
2.8310000000,0.0011981574,0.4174659422,falla_engranaje,0.8000000000
2.8315000000,0.0011422302,0.4351669107,falla_engranaje,0.8000000000
2.8320000000,0.0012899969,0.4274509452,falla_engranaje,0.8000000000
2.8325000000,0.0010874128,0.4136710221,falla_engranaje,0.8000000000
2.8330000000,0.0012087255,0.4294799824,falla_engranaje,0.8000000000
2.8335000000,0.0011588484,0.4327234836,falla_engranaje,0.8000000000
2.8340000000,0.0010493895,0.4340887497,falla_engranaje,0.8000000000
2.8345000000,0.0010982568,0.4235330529,falla_engranaje,0.8000000000
2.8350000000,0.0011185799,0.4240329988,falla_engranaje,0.8000000000
2.8355000000,0.0012168855,0.4256049601,falla_engranaje,0.8000000000
2.8360000000,0.0011593063,0.4256448715,falla_engranaje,0.8000000000
2.8365000000,0.0011107399,0.4215552104,falla_engranaje,0.8000000000
2.8370000000,0.0010819827,0.4230741675,falla_engranaje,0.8000000000
2.8375000000,0.0010546798,0.4348211502,falla_engranaje,0.8000000000
2.8380000000,0.0010574803,0.4303109841,falla_engranaje,0.8000000000
2.8385000000,0.0010608107,0.4169628956,falla_engranaje,0.8000000000
2.8390000000,0.0010198892,0.4238462338,falla_engranaje,0.8000000000
2.8395000000,0.0010896569,0.4225387159,falla_engranaje,0.8000000000
2.8400000000,0.0011704826,0.4258533974,falla_engranaje,0.8000000000
2.8405000000,0.0011693997,0.4137345838,falla_engranaje,0.8000000000
2.8410000000,0.0009968132,0.4134650280,falla_engranaje,0.8000000000
2.8415000000,0.0011212487,0.4097460592,falla_engranaje,0.8000000000
2.8420000000,0.0010839360,0.4191990950,falla_engranaje,0.8000000000
2.8425000000,0.0009075530,0.4191608820,falla_engranaje,0.8000000000
2.8430000000,0.0009357247,0.3966258816,falla_engranaje,0.8000000000
2.8435000000,0.0009962715,0.4095377417,falla_engranaje,0.8000000000
2.8440000000,0.0011131109,0.4398488326,falla_engranaje,0.8000000000
2.8445000000,0.0009713103,0.4279088935,falla_engranaje,0.8000000000
2.8450000000,0.0010690545,0.4121558753,falla_engranaje,0.8000000000
2.8455000000,0.0009350403,0.4366111517,falla_engranaje,0.8000000000
2.8460000000,0.0010145512,0.4265984922,falla_engranaje,0.8000000000
2.8465000000,0.0009493223,0.4052114936,falla_engranaje,0.8000000000
2.8470000000,0.0010873422,0.4094867991,falla_engranaje,0.8000000000
2.8475000000,0.0010322709,0.4206466983,falla_engranaje,0.8000000000
2.8480000000,0.0010630587,0.4041377732,falla_engranaje,0.8000000000
2.8485000000,0.0009583312,0.4107674483,falla_engranaje,0.8000000000
2.8490000000,0.0008780995,0.4032684621,falla_engranaje,0.8000000000
2.8495000000,0.0009073603,0.4095020606,falla_engranaje,0.8000000000
2.8500000000,0.0009069240,0.4043110948,falla_engranaje,0.8000000000
2.8505000000,0.0009189983,0.4173726473,falla_engranaje,0.8000000000
2.8510000000,0.0009148093,0.4241920746,falla_engranaje,0.8000000000
2.8515000000,0.0008890797,0.4139847851,falla_engranaje,0.8000000000
2.8520000000,0.0009690311,0.3998374547,falla_engranaje,0.8000000000
2.8525000000,0.0009847297,0.4162900115,falla_engranaje,0.8000000000
2.8530000000,0.0008946437,0.4111903899,falla_engranaje,0.8000000000
2.8535000000,0.0008726204,0.4117037903,falla_engranaje,0.8000000000
2.8540000000,0.0009867490,0.4303105798,falla_engranaje,0.8000000000
2.8545000000,0.0008822117,0.3972809743,falla_engranaje,0.8000000000
2.8550000000,0.0008651079,0.4090055122,falla_engranaje,0.8000000000
2.8555000000,0.0008155944,0.4186220452,falla_engranaje,0.8000000000
2.8560000000,0.0007293341,0.3941524188,falla_engranaje,0.8000000000
2.8565000000,0.0008414224,0.4119425566,falla_engranaje,0.8000000000
2.8570000000,0.0008769051,0.4137212727,falla_engranaje,0.8000000000
2.8575000000,0.0007995429,0.4291261240,falla_engranaje,0.8000000000
2.8580000000,0.0009276559,0.4185622423,falla_engranaje,0.8000000000
2.8585000000,0.0008655305,0.4072154684,falla_engranaje,0.8000000000
2.8590000000,0.0007115745,0.4115081274,falla_engranaje,0.8000000000
2.8595000000,0.0008701315,0.4046472255,falla_engranaje,0.8000000000
2.8600000000,0.0009695206,0.4179354095,falla_engranaje,0.8000000000
2.8605000000,0.0007708693,0.3946078759,falla_engranaje,0.8000000000
2.8610000000,0.0007239870,0.4068145828,falla_engranaje,0.8000000000
2.8615000000,0.0008279207,0.4041699196,falla_engranaje,0.8000000000
2.8620000000,0.0008071164,0.4102703350,falla_engranaje,0.8000000000
2.8625000000,0.0007356259,0.3969524151,falla_engranaje,0.8000000000
2.8630000000,0.0009406668,0.3962560414,falla_engranaje,0.8000000000
2.8635000000,0.0008301880,0.4063190558,falla_engranaje,0.8000000000
2.8640000000,0.0008564023,0.4017559287,falla_engranaje,0.8000000000
2.8645000000,0.0007380649,0.3934198545,falla_engranaje,0.8000000000
2.8650000000,0.0008892294,0.3953740483,falla_engranaje,0.8000000000
2.8655000000,0.0008363774,0.4198533710,falla_engranaje,0.8000000000
2.8660000000,0.0008854824,0.4061813127,falla_engranaje,0.8000000000
2.8665000000,0.0007644589,0.4023492676,falla_engranaje,0.8000000000
2.8670000000,0.0007317219,0.3879802861,falla_engranaje,0.8000000000
2.8675000000,0.0007809375,0.4077588348,falla_engranaje,0.8000000000
2.8680000000,0.0006728384,0.3992975894,falla_engranaje,0.8000000000
2.8685000000,0.0007217236,0.4157061482,falla_engranaje,0.8000000000
2.8690000000,0.0008827024,0.3996893058,falla_engranaje,0.8000000000
2.8695000000,0.0007716364,0.4065603584,falla_engranaje,0.8000000000
2.8700000000,0.0008295039,0.3931727576,falla_engranaje,0.8000000000
2.8705000000,0.0008490680,0.4051779838,falla_engranaje,0.8000000000
2.8710000000,0.0008006398,0.4083419513,falla_engranaje,0.8000000000
2.8715000000,0.0007122423,0.3803725555,falla_engranaje,0.8000000000
2.8720000000,0.0007812891,0.3836949515,falla_engranaje,0.8000000000
2.8725000000,0.0007921242,0.3946530923,falla_engranaje,0.8000000000
2.8730000000,0.0007864512,0.3988536547,falla_engranaje,0.8000000000
2.8735000000,0.0008340506,0.3972010100,falla_engranaje,0.8000000000
2.8740000000,0.0008451290,0.4070952927,falla_engranaje,0.8000000000
2.8745000000,0.0008442058,0.3915534674,falla_engranaje,0.8000000000
2.8750000000,0.0007016735,0.3827217333,falla_engranaje,0.8000000000
2.8755000000,0.0006929485,0.3984328526,falla_engranaje,0.8000000000
2.8760000000,0.0007201309,0.3884976072,falla_engranaje,0.8000000000
2.8765000000,0.0007730012,0.3981701414,falla_engranaje,0.8000000000
2.8770000000,0.0007237148,0.4002617904,falla_engranaje,0.8000000000
2.8775000000,0.0007398077,0.3844213473,falla_engranaje,0.8000000000
2.8780000000,0.0007448365,0.4129734058,falla_engranaje,0.8000000000
2.8785000000,0.0007772523,0.4047851206,falla_engranaje,0.8000000000
2.8790000000,0.0006358342,0.4114895640,falla_engranaje,0.8000000000
2.8795000000,0.0006517927,0.3904090889,falla_engranaje,0.8000000000
2.8800000000,0.0006765586,0.3751402377,falla_engranaje,0.8000000000
2.8805000000,0.0008129085,0.3974644988,falla_engranaje,0.8000000000
2.8810000000,0.0006152943,0.3912224246,falla_engranaje,0.8000000000
2.8815000000,0.0007164355,0.3724057838,falla_engranaje,0.8000000000
2.8820000000,0.0006928301,0.3771281316,falla_engranaje,0.8000000000
2.8825000000,0.0007057876,0.3912539148,falla_engranaje,0.8000000000
2.8830000000,0.0007892287,0.3887936610,falla_engranaje,0.8000000000
2.8835000000,0.0007507774,0.4161154389,falla_engranaje,0.8000000000
2.8840000000,0.0007786659,0.3953156021,falla_engranaje,0.8000000000
2.8845000000,0.0007389517,0.4116286407,falla_engranaje,0.8000000000
2.8850000000,0.0007843545,0.3987704489,falla_engranaje,0.8000000000
2.8855000000,0.0006973379,0.3800605172,falla_engranaje,0.8000000000
2.8860000000,0.0006724320,0.3835913063,falla_engranaje,0.8000000000
2.8865000000,0.0005873547,0.3818766803,falla_engranaje,0.8000000000
2.8870000000,0.0007481758,0.3786579109,falla_engranaje,0.8000000000
2.8875000000,0.0006936165,0.3891784428,falla_engranaje,0.8000000000
2.8880000000,0.0007599196,0.3873731898,falla_engranaje,0.8000000000
2.8885000000,0.0006804380,0.3814696394,falla_engranaje,0.8000000000
2.8890000000,0.0006583318,0.3917162454,falla_engranaje,0.8000000000
2.8895000000,0.0007364629,0.3913019969,falla_engranaje,0.8000000000
2.8900000000,0.0007138091,0.3810099512,falla_engranaje,0.8000000000
2.8905000000,0.0007099776,0.3926051751,falla_engranaje,0.8000000000
2.8910000000,0.0006119640,0.3915115049,falla_engranaje,0.8000000000
2.8915000000,0.0005324013,0.3970909967,falla_engranaje,0.8000000000
2.8920000000,0.0006129764,0.3904579528,falla_engranaje,0.8000000000
2.8925000000,0.0006984129,0.4015300221,falla_engranaje,0.8000000000
2.8930000000,0.0006120246,0.3893906273,falla_engranaje,0.8000000000
2.8935000000,0.0007911423,0.3892152144,falla_engranaje,0.8000000000
2.8940000000,0.0006236705,0.3864580360,falla_engranaje,0.8000000000
2.8945000000,0.0006307191,0.3732880408,falla_engranaje,0.8000000000
2.8950000000,0.0006765621,0.3771207432,falla_engranaje,0.8000000000
2.8955000000,0.0006383697,0.4052265493,falla_engranaje,0.8000000000
2.8960000000,0.0006140811,0.3853067809,falla_engranaje,0.8000000000
2.8965000000,0.0006252656,0.3960059284,falla_engranaje,0.8000000000
2.8970000000,0.0005941132,0.3870581109,falla_engranaje,0.8000000000
2.8975000000,0.0007525956,0.4011822214,falla_engranaje,0.8000000000
2.8980000000,0.0007390394,0.3878650604,falla_engranaje,0.8000000000
2.8985000000,0.0005690769,0.4011288733,falla_engranaje,0.8000000000
2.8990000000,0.0006949842,0.3856560827,falla_engranaje,0.8000000000
2.8995000000,0.0006063184,0.3984612758,falla_engranaje,0.8000000000
2.9000000000,0.0006525173,0.3994745898,falla_engranaje,0.8000000000
2.9005000000,0.0007251221,0.3809541305,falla_engranaje,0.8000000000
2.9010000000,0.0005772005,0.3780008776,falla_engranaje,0.8000000000
2.9015000000,0.0007086705,0.3922696943,falla_engranaje,0.8000000000
2.9020000000,0.0006743358,0.3852087725,falla_engranaje,0.8000000000
2.9025000000,0.0007430806,0.3902535788,falla_engranaje,0.8000000000
2.9030000000,0.0006860844,0.3781440631,falla_engranaje,0.8000000000
2.9035000000,0.0006436136,0.3736510856,falla_engranaje,0.8000000000
2.9040000000,0.0006678765,0.3874315866,falla_engranaje,0.8000000000
2.9045000000,0.0007204560,0.3639112406,falla_engranaje,0.8000000000
2.9050000000,0.0007525639,0.3754612948,falla_engranaje,0.8000000000
2.9055000000,0.0005357339,0.3951816101,falla_engranaje,0.8000000000
2.9060000000,0.0007173231,0.3769417182,falla_engranaje,0.8000000000
2.9065000000,0.0007845430,0.3887186089,falla_engranaje,0.8000000000
2.9070000000,0.0007526663,0.3797362334,falla_engranaje,0.8000000000
2.9075000000,0.0007476458,0.3882319151,falla_engranaje,0.8000000000
2.9080000000,0.0007100745,0.3652008110,falla_engranaje,0.8000000000
2.9085000000,0.0007449662,0.3989968495,falla_engranaje,0.8000000000
2.9090000000,0.0007867973,0.3799888913,falla_engranaje,0.8000000000
2.9095000000,0.0006807605,0.3792146032,falla_engranaje,0.8000000000
2.9100000000,0.0006193342,0.3832954036,falla_engranaje,0.8000000000
2.9105000000,0.0007595066,0.3784811602,falla_engranaje,0.8000000000
2.9110000000,0.0007278287,0.3791106047,falla_engranaje,0.8000000000
2.9115000000,0.0007527536,0.3897130043,falla_engranaje,0.8000000000
2.9120000000,0.0007453911,0.3841269971,falla_engranaje,0.8000000000
2.9125000000,0.0006454466,0.3781255403,falla_engranaje,0.8000000000
2.9130000000,0.0006393258,0.3739697726,falla_engranaje,0.8000000000
2.9135000000,0.0006952774,0.3996334737,falla_engranaje,0.8000000000
2.9140000000,0.0006217194,0.3611138356,falla_engranaje,0.8000000000
2.9145000000,0.0006360863,0.3903570188,falla_engranaje,0.8000000000
2.9150000000,0.0007123491,0.3832198141,falla_engranaje,0.8000000000
2.9155000000,0.0008037986,0.3858051272,falla_engranaje,0.8000000000
2.9160000000,0.0006681833,0.3822423298,falla_engranaje,0.8000000000
2.9165000000,0.0007180422,0.3925155529,falla_engranaje,0.8000000000
2.9170000000,0.0007222202,0.3560279231,falla_engranaje,0.8000000000
2.9175000000,0.0006397350,0.4059559960,falla_engranaje,0.8000000000
2.9180000000,0.0007760779,0.3666273551,falla_engranaje,0.8000000000
2.9185000000,0.0006858887,0.3743745384,falla_engranaje,0.8000000000
2.9190000000,0.0006243114,0.3851778540,falla_engranaje,0.8000000000
2.9195000000,0.0007805012,0.3613045705,falla_engranaje,0.8000000000
2.9200000000,0.0006949847,0.3721567598,falla_engranaje,0.8000000000
2.9205000000,0.0007470674,0.3989451401,falla_engranaje,0.8000000000
2.9210000000,0.0006412632,0.3811614895,falla_engranaje,0.8000000000
2.9215000000,0.0006629646,0.3833287647,falla_engranaje,0.8000000000
2.9220000000,0.0007046792,0.3980220794,falla_engranaje,0.8000000000
2.9225000000,0.0007543378,0.3919211228,falla_engranaje,0.8000000000
2.9230000000,0.0006618623,0.3791098004,falla_engranaje,0.8000000000
2.9235000000,0.0008108617,0.3707137364,falla_engranaje,0.8000000000
2.9240000000,0.0007230999,0.3711736802,falla_engranaje,0.8000000000
2.9245000000,0.0007653688,0.3921405753,falla_engranaje,0.8000000000
2.9250000000,0.0006894947,0.3739838803,falla_engranaje,0.8000000000
2.9255000000,0.0008377813,0.3817108644,falla_engranaje,0.8000000000
2.9260000000,0.0006130902,0.3754777799,falla_engranaje,0.8000000000
2.9265000000,0.0006685821,0.3874296894,falla_engranaje,0.8000000000
2.9270000000,0.0007822864,0.3647116316,falla_engranaje,0.8000000000
2.9275000000,0.0007047703,0.3939907549,falla_engranaje,0.8000000000
2.9280000000,0.0005514045,0.3769322113,falla_engranaje,0.8000000000
2.9285000000,0.0007193447,0.3855102014,falla_engranaje,0.8000000000
2.9290000000,0.0006532679,0.3743105040,falla_engranaje,0.8000000000
2.9295000000,0.0008123442,0.3732403686,falla_engranaje,0.8000000000
2.9300000000,0.0008048770,0.3665427700,falla_engranaje,0.8000000000
2.9305000000,0.0007803040,0.3798858316,falla_engranaje,0.8000000000
2.9310000000,0.0007985292,0.4024517511,falla_engranaje,0.8000000000
2.9315000000,0.0008089839,0.3534111092,falla_engranaje,0.8000000000
2.9320000000,0.0007797856,0.3950216711,falla_engranaje,0.8000000000
2.9325000000,0.0007268258,0.3780299944,falla_engranaje,0.8000000000
2.9330000000,0.0008339108,0.3741825182,falla_engranaje,0.8000000000
2.9335000000,0.0008721319,0.3879698484,falla_engranaje,0.8000000000
2.9340000000,0.0007449954,0.3749770119,falla_engranaje,0.8000000000
2.9345000000,0.0008618456,0.3666925439,falla_engranaje,0.8000000000
2.9350000000,0.0007017615,0.3710868380,falla_engranaje,0.8000000000
2.9355000000,0.0008077339,0.3953781283,falla_engranaje,0.8000000000
2.9360000000,0.0008362731,0.3800233760,falla_engranaje,0.8000000000
2.9365000000,0.0007117459,0.3525615698,falla_engranaje,0.8000000000
2.9370000000,0.0007003066,0.3766423323,falla_engranaje,0.8000000000
2.9375000000,0.0007144941,0.3860130902,falla_engranaje,0.8000000000
2.9380000000,0.0008435019,0.3715931818,falla_engranaje,0.8000000000
2.9385000000,0.0007706071,0.3613969279,falla_engranaje,0.8000000000
2.9390000000,0.0009234369,0.3741466941,falla_engranaje,0.8000000000
2.9395000000,0.0008652850,0.3624876494,falla_engranaje,0.8000000000
2.9400000000,0.0006769044,0.3423483061,falla_engranaje,0.8000000000
2.9405000000,0.0007776426,0.3634073122,falla_engranaje,0.8000000000
2.9410000000,0.0008386205,0.3560686329,falla_engranaje,0.8000000000
2.9415000000,0.0009528699,0.3636314032,falla_engranaje,0.8000000000
2.9420000000,0.0009495633,0.3528347874,falla_engranaje,0.8000000000
2.9425000000,0.0008821934,0.3599204286,falla_engranaje,0.8000000000
2.9430000000,0.0008586781,0.3589480177,falla_engranaje,0.8000000000
2.9435000000,0.0007861825,0.3704384764,falla_engranaje,0.8000000000
2.9440000000,0.0007750970,0.3723768637,falla_engranaje,0.8000000000
2.9445000000,0.0008971315,0.3661201855,falla_engranaje,0.8000000000
2.9450000000,0.0009227548,0.3629485296,falla_engranaje,0.8000000000
2.9455000000,0.0008157972,0.3798867246,falla_engranaje,0.8000000000
2.9460000000,0.0009253431,0.3618561085,falla_engranaje,0.8000000000
2.9465000000,0.0007970918,0.3843722441,falla_engranaje,0.8000000000
2.9470000000,0.0008141587,0.3686532869,falla_engranaje,0.8000000000
2.9475000000,0.0008701503,0.3475047864,falla_engranaje,0.8000000000
2.9480000000,0.0009229314,0.3677509331,falla_engranaje,0.8000000000
2.9485000000,0.0008427826,0.3653197388,falla_engranaje,0.8000000000
2.9490000000,0.0008259050,0.3765125828,falla_engranaje,0.8000000000
2.9495000000,0.0007591266,0.3732921582,falla_engranaje,0.8000000000
2.9500000000,0.0009478601,0.3694418121,falla_engranaje,0.8000000000
2.9505000000,0.0009580178,0.3558084763,falla_engranaje,0.8000000000
2.9510000000,0.0009910426,0.3710597426,falla_engranaje,0.8000000000
2.9515000000,0.0008114856,0.3740023575,falla_engranaje,0.8000000000
2.9520000000,0.0009157568,0.3512968036,falla_engranaje,0.8000000000
2.9525000000,0.0010479510,0.3762318041,falla_engranaje,0.8000000000
2.9530000000,0.0008499706,0.3569658677,falla_engranaje,0.8000000000
2.9535000000,0.0009108901,0.3492148732,falla_engranaje,0.8000000000
2.9540000000,0.0009874209,0.3537768979,falla_engranaje,0.8000000000
2.9545000000,0.0010606650,0.3668210666,falla_engranaje,0.8000000000
2.9550000000,0.0009225005,0.3623502838,falla_engranaje,0.8000000000
2.9555000000,0.0008158272,0.3574662456,falla_engranaje,0.8000000000
2.9560000000,0.0009599969,0.3633323809,falla_engranaje,0.8000000000
2.9565000000,0.0010363172,0.3566651211,falla_engranaje,0.8000000000
2.9570000000,0.0008181688,0.3529324518,falla_engranaje,0.8000000000
2.9575000000,0.0008943819,0.3519019853,falla_engranaje,0.8000000000
2.9580000000,0.0009954456,0.3522625382,falla_engranaje,0.8000000000
2.9585000000,0.0009402333,0.3722670177,falla_engranaje,0.8000000000
2.9590000000,0.0009887693,0.3557703943,falla_engranaje,0.8000000000
2.9595000000,0.0009361449,0.3700750281,falla_engranaje,0.8000000000
2.9600000000,0.0010510135,0.3558920658,falla_engranaje,0.8000000000
2.9605000000,0.0010371471,0.3668699701,falla_engranaje,0.8000000000
2.9610000000,0.0010111533,0.3785051290,falla_engranaje,0.8000000000
2.9615000000,0.0010214415,0.3623809267,falla_engranaje,0.8000000000
2.9620000000,0.0010123392,0.3750082223,falla_engranaje,0.8000000000
2.9625000000,0.0011074311,0.3796885682,falla_engranaje,0.8000000000
2.9630000000,0.0010082820,0.3626262131,falla_engranaje,0.8000000000
2.9635000000,0.0011605664,0.3579724602,falla_engranaje,0.8000000000
2.9640000000,0.0011033187,0.3639631447,falla_engranaje,0.8000000000
2.9645000000,0.0011050392,0.3574917192,falla_engranaje,0.8000000000
2.9650000000,0.0011165083,0.3484307997,falla_engranaje,0.8000000000
2.9655000000,0.0011385938,0.3660060463,falla_engranaje,0.8000000000
2.9660000000,0.0010843433,0.3666161054,falla_engranaje,0.8000000000
2.9665000000,0.0009583618,0.3527667491,falla_engranaje,0.8000000000
2.9670000000,0.0010701183,0.3658819863,falla_engranaje,0.8000000000
2.9675000000,0.0011803456,0.3527717939,falla_engranaje,0.8000000000
2.9680000000,0.0010978005,0.3453466119,falla_engranaje,0.8000000000
2.9685000000,0.0011135628,0.3643754311,falla_engranaje,0.8000000000
2.9690000000,0.0012085027,0.3602190727,falla_engranaje,0.8000000000
2.9695000000,0.0012270366,0.3639868410,falla_engranaje,0.8000000000
2.9700000000,0.0010425915,0.3584657405,falla_engranaje,0.8000000000
2.9705000000,0.0011108214,0.3650750224,falla_engranaje,0.8000000000
2.9710000000,0.0012269023,0.3335989046,falla_engranaje,0.8000000000
2.9715000000,0.0013015504,0.3422530631,falla_engranaje,0.8000000000
2.9720000000,0.0011596895,0.3573850182,falla_engranaje,0.8000000000
2.9725000000,0.0012377461,0.3741475148,falla_engranaje,0.8000000000
2.9730000000,0.0011856965,0.3613287176,falla_engranaje,0.8000000000
2.9735000000,0.0010806961,0.3531648240,falla_engranaje,0.8000000000
2.9740000000,0.0010418009,0.3535432972,falla_engranaje,0.8000000000
2.9745000000,0.0012228035,0.3488074432,falla_engranaje,0.8000000000
2.9750000000,0.0012467545,0.3454112508,falla_engranaje,0.8000000000
2.9755000000,0.0011450768,0.3472294622,falla_engranaje,0.8000000000
2.9760000000,0.0010297695,0.3465182889,falla_engranaje,0.8000000000
2.9765000000,0.0012419875,0.3545066525,falla_engranaje,0.8000000000
2.9770000000,0.0011620149,0.3488813757,falla_engranaje,0.8000000000
2.9775000000,0.0011836723,0.3576608910,falla_engranaje,0.8000000000
2.9780000000,0.0012518281,0.3586259584,falla_engranaje,0.8000000000
2.9785000000,0.0013507750,0.3495216505,falla_engranaje,0.8000000000
2.9790000000,0.0013538136,0.3449552483,falla_engranaje,0.8000000000
2.9795000000,0.0012879528,0.3479507001,falla_engranaje,0.8000000000
2.9800000000,0.0011379538,0.3350682762,falla_engranaje,0.8000000000
2.9805000000,0.0011442069,0.3560177610,falla_engranaje,0.8000000000
2.9810000000,0.0011806915,0.3451498226,falla_engranaje,0.8000000000
2.9815000000,0.0012028810,0.3430237966,falla_engranaje,0.8000000000
2.9820000000,0.0012161919,0.3430701705,falla_engranaje,0.8000000000
2.9825000000,0.0013077116,0.3516916005,falla_engranaje,0.8000000000
2.9830000000,0.0012924867,0.3375650918,falla_engranaje,0.8000000000
2.9835000000,0.0012717791,0.3546273566,falla_engranaje,0.8000000000
2.9840000000,0.0012507522,0.3463858759,falla_engranaje,0.8000000000
2.9845000000,0.0011927873,0.3411786574,falla_engranaje,0.8000000000
2.9850000000,0.0012874647,0.3399398378,falla_engranaje,0.8000000000
2.9855000000,0.0012713032,0.3305752989,falla_engranaje,0.8000000000
2.9860000000,0.0013576331,0.3407001863,falla_engranaje,0.8000000000
2.9865000000,0.0012547576,0.3227455758,falla_engranaje,0.8000000000
2.9870000000,0.0012577505,0.3384330504,falla_engranaje,0.8000000000
2.9875000000,0.0013830710,0.3547410564,falla_engranaje,0.8000000000
2.9880000000,0.0013257368,0.3456505082,falla_engranaje,0.8000000000
2.9885000000,0.0012880369,0.3504005256,falla_engranaje,0.8000000000
2.9890000000,0.0013100336,0.3563774235,falla_engranaje,0.8000000000
2.9895000000,0.0013983476,0.3482236471,falla_engranaje,0.8000000000
2.9900000000,0.0013157542,0.3574251746,falla_engranaje,0.8000000000
2.9905000000,0.0014166364,0.3447005326,falla_engranaje,0.8000000000
2.9910000000,0.0014227458,0.3292833734,falla_engranaje,0.8000000000
2.9915000000,0.0013474077,0.3215355226,falla_engranaje,0.8000000000
2.9920000000,0.0013334528,0.3440570362,falla_engranaje,0.8000000000
2.9925000000,0.0013554347,0.3382857804,falla_engranaje,0.8000000000
2.9930000000,0.0013445748,0.3571193223,falla_engranaje,0.8000000000
2.9935000000,0.0013174298,0.3230894026,falla_engranaje,0.8000000000
2.9940000000,0.0013172154,0.3333193262,falla_engranaje,0.8000000000
2.9945000000,0.0014451899,0.3360423007,falla_engranaje,0.8000000000
2.9950000000,0.0013549273,0.3467698872,falla_engranaje,0.8000000000
2.9955000000,0.0014475081,0.3520724955,falla_engranaje,0.8000000000
2.9960000000,0.0014637681,0.3197666121,falla_engranaje,0.8000000000
2.9965000000,0.0014997415,0.3548567547,falla_engranaje,0.8000000000
2.9970000000,0.0014335895,0.3414291036,falla_engranaje,0.8000000000
2.9975000000,0.0015940994,0.3247604447,falla_engranaje,0.8000000000
2.9980000000,0.0014802123,0.3584823090,falla_engranaje,0.8000000000
2.9985000000,0.0015145185,0.3468522022,falla_engranaje,0.8000000000
2.9990000000,0.0014628222,0.3441313051,falla_engranaje,0.8000000000
2.9995000000,0.0014406314,0.3298429050,falla_engranaje,0.8000000000
3.0000000000,0.0016162618,0.3259460477,falla_engranaje,0.8000000000
3.0005000000,0.0014584935,0.3362821502,falla_engranaje,0.8000000000
3.0010000000,0.0013931621,0.3245861108,falla_engranaje,0.8000000000
3.0015000000,0.0014333356,0.3328942048,falla_engranaje,0.8000000000
3.0020000000,0.0015141249,0.3555236439,falla_engranaje,0.8000000000
3.0025000000,0.0014693343,0.3191428555,falla_engranaje,0.8000000000
3.0030000000,0.0014468209,0.3342267504,falla_engranaje,0.8000000000
3.0035000000,0.0015050161,0.3357067787,falla_engranaje,0.8000000000
3.0040000000,0.0014404483,0.3473219060,falla_engranaje,0.8000000000
3.0045000000,0.0014063885,0.3220501511,falla_engranaje,0.8000000000
3.0050000000,0.0014908826,0.3170362306,falla_engranaje,0.8000000000
3.0055000000,0.0015420401,0.3253733427,falla_engranaje,0.8000000000
3.0060000000,0.0014501100,0.3358153943,falla_engranaje,0.8000000000
3.0065000000,0.0014757669,0.3443938246,falla_engranaje,0.8000000000
3.0070000000,0.0015460880,0.3158319663,falla_engranaje,0.8000000000
3.0075000000,0.0015459466,0.3239629936,falla_engranaje,0.8000000000
3.0080000000,0.0016629289,0.3299547099,falla_engranaje,0.8000000000
3.0085000000,0.0015207337,0.3064908933,falla_engranaje,0.8000000000
3.0090000000,0.0016661179,0.3261702190,falla_engranaje,0.8000000000
3.0095000000,0.0015778809,0.3081581884,falla_engranaje,0.8000000000
3.0100000000,0.0015405186,0.3411450037,falla_engranaje,0.8000000000
3.0105000000,0.0016657914,0.3355798334,falla_engranaje,0.8000000000
3.0110000000,0.0015346539,0.3155447459,falla_engranaje,0.8000000000
3.0115000000,0.0016107723,0.3090850419,falla_engranaje,0.8000000000
3.0120000000,0.0016607825,0.3232009715,falla_engranaje,0.8000000000
3.0125000000,0.0015981681,0.3275380234,falla_engranaje,0.8000000000
3.0130000000,0.0017700496,0.3112250747,falla_engranaje,0.8000000000
3.0135000000,0.0016041510,0.3280854908,falla_engranaje,0.8000000000
3.0140000000,0.0016871672,0.3291567724,falla_engranaje,0.8000000000
3.0145000000,0.0016047071,0.3495558947,falla_engranaje,0.8000000000
3.0150000000,0.0016153738,0.3128992907,falla_engranaje,0.8000000000
3.0155000000,0.0016345434,0.3269257680,falla_engranaje,0.8000000000
3.0160000000,0.0016329045,0.3138760704,falla_engranaje,0.8000000000
3.0165000000,0.0016122348,0.3117466664,falla_engranaje,0.8000000000
3.0170000000,0.0016796422,0.2987072059,falla_engranaje,0.8000000000
3.0175000000,0.0017410073,0.3146153721,falla_engranaje,0.8000000000
3.0180000000,0.0016478064,0.3201067528,falla_engranaje,0.8000000000
3.0185000000,0.0016765844,0.3257963901,falla_engranaje,0.8000000000
3.0190000000,0.0016479477,0.3178238925,falla_engranaje,0.8000000000
3.0195000000,0.0016141524,0.3150863376,falla_engranaje,0.8000000000
3.0200000000,0.0016277492,0.3204301244,falla_engranaje,0.8000000000
3.0205000000,0.0017145811,0.2963013569,falla_engranaje,0.8000000000
3.0210000000,0.0017484560,0.3096097239,falla_engranaje,0.8000000000
3.0215000000,0.0017293265,0.3106299380,falla_engranaje,0.8000000000
3.0220000000,0.0018661748,0.3143003420,falla_engranaje,0.8000000000
3.0225000000,0.0016938463,0.3030469629,falla_engranaje,0.8000000000
3.0230000000,0.0016686712,0.3031466284,falla_engranaje,0.8000000000
3.0235000000,0.0017526678,0.3179805709,falla_engranaje,0.8000000000
3.0240000000,0.0017422009,0.3104113890,falla_engranaje,0.8000000000
3.0245000000,0.0016310900,0.2904417840,falla_engranaje,0.8000000000
3.0250000000,0.0017695736,0.2995660824,falla_engranaje,0.8000000000
3.0255000000,0.0017260130,0.3178110520,falla_engranaje,0.8000000000
3.0260000000,0.0017391757,0.3099241130,falla_engranaje,0.8000000000
3.0265000000,0.0016855752,0.3056214224,falla_engranaje,0.8000000000
3.0270000000,0.0017479141,0.3075825103,falla_engranaje,0.8000000000
3.0275000000,0.0015988591,0.2983657752,falla_engranaje,0.8000000000
3.0280000000,0.0017220447,0.3161370908,falla_engranaje,0.8000000000
3.0285000000,0.0016660994,0.2876761270,falla_engranaje,0.8000000000
3.0290000000,0.0018866437,0.3086936667,falla_engranaje,0.8000000000
3.0295000000,0.0018537619,0.2949493673,falla_engranaje,0.8000000000
3.0300000000,0.0016727111,0.3087930414,falla_engranaje,0.8000000000
3.0305000000,0.0017761052,0.3022491103,falla_engranaje,0.8000000000
3.0310000000,0.0017134303,0.3008467329,falla_engranaje,0.8000000000
3.0315000000,0.0018583312,0.3036463649,falla_engranaje,0.8000000000
3.0320000000,0.0018391458,0.2976578491,falla_engranaje,0.8000000000
3.0325000000,0.0018217239,0.2920288332,falla_engranaje,0.8000000000
3.0330000000,0.0018198259,0.3044727413,falla_engranaje,0.8000000000
3.0335000000,0.0016793232,0.2961191184,falla_engranaje,0.8000000000
3.0340000000,0.0017453579,0.2982720987,falla_engranaje,0.8000000000
3.0345000000,0.0018962821,0.2900069885,falla_engranaje,0.8000000000
3.0350000000,0.0017897697,0.2949064685,falla_engranaje,0.8000000000
3.0355000000,0.0017729105,0.3051272834,falla_engranaje,0.8000000000
3.0360000000,0.0017911408,0.3166486810,falla_engranaje,0.8000000000
3.0365000000,0.0017341699,0.3069258274,falla_engranaje,0.8000000000
3.0370000000,0.0017217205,0.2899229414,falla_engranaje,0.8000000000
3.0375000000,0.0018167879,0.2897117068,falla_engranaje,0.8000000000
3.0380000000,0.0018173520,0.2944914091,falla_engranaje,0.8000000000
3.0385000000,0.0018698531,0.2690727030,falla_engranaje,0.8000000000
3.0390000000,0.0018190836,0.2947476785,falla_engranaje,0.8000000000
3.0395000000,0.0018676486,0.2984272132,falla_engranaje,0.8000000000
3.0400000000,0.0018831702,0.2860762459,falla_engranaje,0.8000000000
3.0405000000,0.0018965681,0.2669932468,falla_engranaje,0.8000000000
3.0410000000,0.0019175028,0.2844881445,falla_engranaje,0.8000000000
3.0415000000,0.0018685518,0.2781141094,falla_engranaje,0.8000000000
3.0420000000,0.0016841799,0.2726692687,falla_engranaje,0.8000000000
3.0425000000,0.0017848443,0.2810229929,falla_engranaje,0.8000000000
3.0430000000,0.0018708312,0.2626811878,falla_engranaje,0.8000000000
3.0435000000,0.0018769810,0.2931562842,falla_engranaje,0.8000000000
3.0440000000,0.0019190518,0.2766426441,falla_engranaje,0.8000000000
3.0445000000,0.0019351383,0.2654299252,falla_engranaje,0.8000000000
3.0450000000,0.0018015705,0.2808301299,falla_engranaje,0.8000000000
3.0455000000,0.0019738813,0.2743803142,falla_engranaje,0.8000000000
3.0460000000,0.0019242187,0.2807392036,falla_engranaje,0.8000000000
3.0465000000,0.0017891309,0.2916408637,falla_engranaje,0.8000000000
3.0470000000,0.0021157456,0.2839006973,falla_engranaje,0.8000000000
3.0475000000,0.0018593469,0.2812654862,falla_engranaje,0.8000000000
3.0480000000,0.0018319309,0.2746738956,falla_engranaje,0.8000000000
3.0485000000,0.0018283251,0.2844609091,falla_engranaje,0.8000000000
3.0490000000,0.0019514180,0.2666917591,falla_engranaje,0.8000000000
3.0495000000,0.0018569666,0.2732129827,falla_engranaje,0.8000000000
3.0500000000,0.0019852741,0.2620697005,falla_engranaje,0.8000000000
3.0505000000,0.0019207680,0.2494374769,falla_engranaje,0.8000000000
3.0510000000,0.0018259920,0.2491607421,falla_engranaje,0.8000000000
3.0515000000,0.0019456703,0.2605831389,falla_engranaje,0.8000000000
3.0520000000,0.0019968951,0.2642477360,falla_engranaje,0.8000000000
3.0525000000,0.0018986305,0.2586687039,falla_engranaje,0.8000000000
3.0530000000,0.0017895763,0.2613226885,falla_engranaje,0.8000000000
3.0535000000,0.0018783719,0.2661130822,falla_engranaje,0.8000000000
3.0540000000,0.0019867322,0.2674604847,falla_engranaje,0.8000000000
3.0545000000,0.0019077209,0.2579509774,falla_engranaje,0.8000000000
3.0550000000,0.0020125831,0.2714773591,falla_engranaje,0.8000000000
3.0555000000,0.0020055113,0.2489272620,falla_engranaje,0.8000000000
3.0560000000,0.0020169513,0.2589333428,falla_engranaje,0.8000000000
3.0565000000,0.0018951558,0.2576636419,falla_engranaje,0.8000000000
3.0570000000,0.0019278917,0.2644732138,falla_engranaje,0.8000000000
3.0575000000,0.0018710603,0.2490118054,falla_engranaje,0.8000000000
3.0580000000,0.0019470237,0.2681613394,falla_engranaje,0.8000000000
3.0585000000,0.0019266187,0.2609769177,falla_engranaje,0.8000000000
3.0590000000,0.0018514879,0.2661688723,falla_engranaje,0.8000000000
3.0595000000,0.0020766100,0.2526341621,falla_engranaje,0.8000000000
3.0600000000,0.0019024902,0.2513230481,falla_engranaje,0.8000000000
3.0605000000,0.0019069280,0.2569503497,falla_engranaje,0.8000000000
3.0610000000,0.0019427875,0.2526094689,falla_engranaje,0.8000000000
3.0615000000,0.0018896613,0.2776136864,falla_engranaje,0.8000000000
3.0620000000,0.0020152581,0.2474862921,falla_engranaje,0.8000000000
3.0625000000,0.0020402856,0.2350487773,falla_engranaje,0.8000000000
3.0630000000,0.0019282797,0.2475845493,falla_engranaje,0.8000000000
3.0635000000,0.0020104149,0.2486721167,falla_engranaje,0.8000000000
3.0640000000,0.0018503519,0.2463318266,falla_engranaje,0.8000000000
3.0645000000,0.0019956895,0.2486711167,falla_engranaje,0.8000000000
3.0650000000,0.0018682123,0.2358890478,falla_engranaje,0.8000000000
3.0655000000,0.0019609207,0.2444974923,falla_engranaje,0.8000000000
3.0660000000,0.0019642720,0.2318562644,falla_engranaje,0.8000000000
3.0665000000,0.0018104858,0.2286160424,falla_engranaje,0.8000000000
3.0670000000,0.0019880270,0.2393800318,falla_engranaje,0.8000000000
3.0675000000,0.0018902414,0.2382713094,falla_engranaje,0.8000000000
3.0680000000,0.0020220703,0.2304030801,falla_engranaje,0.8000000000
3.0685000000,0.0020704144,0.2175265189,falla_engranaje,0.8000000000
3.0690000000,0.0019881844,0.2257853472,falla_engranaje,0.8000000000
3.0695000000,0.0018824916,0.2161718266,falla_engranaje,0.8000000000
3.0700000000,0.0019119262,0.2252206502,falla_engranaje,0.8000000000
3.0705000000,0.0019674382,0.2271017070,falla_engranaje,0.8000000000
3.0710000000,0.0018859967,0.2369722385,falla_engranaje,0.8000000000
3.0715000000,0.0020239190,0.2383176195,falla_engranaje,0.8000000000
3.0720000000,0.0020270763,0.2260567904,falla_engranaje,0.8000000000
3.0725000000,0.0020543148,0.2184778259,falla_engranaje,0.8000000000
3.0730000000,0.0019215304,0.2387800333,falla_engranaje,0.8000000000
3.0735000000,0.0018768083,0.2172398551,falla_engranaje,0.8000000000
3.0740000000,0.0019837621,0.2234111770,falla_engranaje,0.8000000000
3.0745000000,0.0020370874,0.2212823060,falla_engranaje,0.8000000000
3.0750000000,0.0020128914,0.2116284003,falla_engranaje,0.8000000000
3.0755000000,0.0020149949,0.2240684673,falla_engranaje,0.8000000000
3.0760000000,0.0019490677,0.2359126609,falla_engranaje,0.8000000000
3.0765000000,0.0019403315,0.2183678665,falla_engranaje,0.8000000000
3.0770000000,0.0019688078,0.2303646916,falla_engranaje,0.8000000000
3.0775000000,0.0019279258,0.2206126779,falla_engranaje,0.8000000000
3.0780000000,0.0021170218,0.2185458893,falla_engranaje,0.8000000000
3.0785000000,0.0018847142,0.2200907920,falla_engranaje,0.8000000000
3.0790000000,0.0018066473,0.2039721280,falla_engranaje,0.8000000000
3.0795000000,0.0018975710,0.2180150526,falla_engranaje,0.8000000000
3.0800000000,0.0019298724,0.2183179322,falla_engranaje,0.8000000000
3.0805000000,0.0020371965,0.2163773466,falla_engranaje,0.8000000000
3.0810000000,0.0019408786,0.2141219241,falla_engranaje,0.8000000000
3.0815000000,0.0020258866,0.2102232168,falla_engranaje,0.8000000000
3.0820000000,0.0020157916,0.2277519896,falla_engranaje,0.8000000000
3.0825000000,0.0019552503,0.1860800078,falla_engranaje,0.8000000000
3.0830000000,0.0019904452,0.1996236849,falla_engranaje,0.8000000000
3.0835000000,0.0020395719,0.2116262209,falla_engranaje,0.8000000000
3.0840000000,0.0020013627,0.2080057632,falla_engranaje,0.8000000000
3.0845000000,0.0019617949,0.2086220374,falla_engranaje,0.8000000000
3.0850000000,0.0020601535,0.1898988753,falla_engranaje,0.8000000000
3.0855000000,0.0021132644,0.1928964192,falla_engranaje,0.8000000000
3.0860000000,0.0019797284,0.1898170394,falla_engranaje,0.8000000000
3.0865000000,0.0020261104,0.1968235870,falla_engranaje,0.8000000000
3.0870000000,0.0019764023,0.1975359364,falla_engranaje,0.8000000000
3.0875000000,0.0018996929,0.1933634706,falla_engranaje,0.8000000000
3.0880000000,0.0018180451,0.1938752057,falla_engranaje,0.8000000000
3.0885000000,0.0019379676,0.1948550582,falla_engranaje,0.8000000000
3.0890000000,0.0019693766,0.1875916956,falla_engranaje,0.8000000000
3.0895000000,0.0019281713,0.2011567770,falla_engranaje,0.8000000000
3.0900000000,0.0019767549,0.1811142537,falla_engranaje,0.8000000000
3.0905000000,0.0019480405,0.1872338664,falla_engranaje,0.8000000000
3.0910000000,0.0019891220,0.1895447086,falla_engranaje,0.8000000000
3.0915000000,0.0019005693,0.1751719834,falla_engranaje,0.8000000000
3.0920000000,0.0018854531,0.1719318486,falla_engranaje,0.8000000000
3.0925000000,0.0019041535,0.1793111484,falla_engranaje,0.8000000000
3.0930000000,0.0020698252,0.1857929509,falla_engranaje,0.8000000000
3.0935000000,0.0018437221,0.1740181516,falla_engranaje,0.8000000000
3.0940000000,0.0017788738,0.1579825674,falla_engranaje,0.8000000000
3.0945000000,0.0018407753,0.1741965604,falla_engranaje,0.8000000000
3.0950000000,0.0019166304,0.1949767417,falla_engranaje,0.8000000000
3.0955000000,0.0019023086,0.1782948159,falla_engranaje,0.8000000000
3.0960000000,0.0018103535,0.1713931561,falla_engranaje,0.8000000000
3.0965000000,0.0018521425,0.1755220627,falla_engranaje,0.8000000000
3.0970000000,0.0018303536,0.1735927151,falla_engranaje,0.8000000000
3.0975000000,0.0019575317,0.1930163533,falla_engranaje,0.8000000000
3.0980000000,0.0019241713,0.1758762805,falla_engranaje,0.8000000000
3.0985000000,0.0019703847,0.1777052970,falla_engranaje,0.8000000000
3.0990000000,0.0018328816,0.1754918961,falla_engranaje,0.8000000000
3.0995000000,0.0017924472,0.1696182070,falla_engranaje,0.8000000000
3.1000000000,0.0019385280,0.1496237790,falla_engranaje,0.8000000000
3.1005000000,0.0018619222,0.1534933569,falla_engranaje,0.8000000000
3.1010000000,0.0018353905,0.1604514444,falla_engranaje,0.8000000000
3.1015000000,0.0017931143,0.1658774493,falla_engranaje,0.8000000000
3.1020000000,0.0016845385,0.1571928985,falla_engranaje,0.8000000000
3.1025000000,0.0019503026,0.1518647940,falla_engranaje,0.8000000000
3.1030000000,0.0018950220,0.1386593708,falla_engranaje,0.8000000000
3.1035000000,0.0018616248,0.1419978426,falla_engranaje,0.8000000000
3.1040000000,0.0019631761,0.1596482450,falla_engranaje,0.8000000000
3.1045000000,0.0016753695,0.1610819026,falla_engranaje,0.8000000000
3.1050000000,0.0017751098,0.1529991316,falla_engranaje,0.8000000000
3.1055000000,0.0018029596,0.1538987007,falla_engranaje,0.8000000000
3.1060000000,0.0017487633,0.1482468210,falla_engranaje,0.8000000000
3.1065000000,0.0018663206,0.1377046060,falla_engranaje,0.8000000000
3.1070000000,0.0017567641,0.1560875877,falla_engranaje,0.8000000000
3.1075000000,0.0018170041,0.1406374406,falla_engranaje,0.8000000000
3.1080000000,0.0017548874,0.1579645614,falla_engranaje,0.8000000000
3.1085000000,0.0017697521,0.1278166946,falla_engranaje,0.8000000000
3.1090000000,0.0017416565,0.1227994838,falla_engranaje,0.8000000000
3.1095000000,0.0017835876,0.1507912607,falla_engranaje,0.8000000000
3.1100000000,0.0017187110,0.1271446671,falla_engranaje,0.8000000000
3.1105000000,0.0017786646,0.1297860122,falla_engranaje,0.8000000000
3.1110000000,0.0017811995,0.1264528188,falla_engranaje,0.8000000000
3.1115000000,0.0016684487,0.1339129898,falla_engranaje,0.8000000000
3.1120000000,0.0018139659,0.1289556911,falla_engranaje,0.8000000000
3.1125000000,0.0017899150,0.1389154551,falla_engranaje,0.8000000000
3.1130000000,0.0016478465,0.1103236330,falla_engranaje,0.8000000000
3.1135000000,0.0018227510,0.1354184551,falla_engranaje,0.8000000000
3.1140000000,0.0016424891,0.1235296279,falla_engranaje,0.8000000000
3.1145000000,0.0016936995,0.1370159270,falla_engranaje,0.8000000000
3.1150000000,0.0016917407,0.1069371967,falla_engranaje,0.8000000000
3.1155000000,0.0016076862,0.1260135358,falla_engranaje,0.8000000000
3.1160000000,0.0017442701,0.1238906365,falla_engranaje,0.8000000000
3.1165000000,0.0018147562,0.1343757697,falla_engranaje,0.8000000000
3.1170000000,0.0015585944,0.1216507611,falla_engranaje,0.8000000000
3.1175000000,0.0016889903,0.1202465269,falla_engranaje,0.8000000000
3.1180000000,0.0016849688,0.1066526095,falla_engranaje,0.8000000000
3.1185000000,0.0016402833,0.1251002586,falla_engranaje,0.8000000000
3.1190000000,0.0018217124,0.1329464818,falla_engranaje,0.8000000000
3.1195000000,0.0015753429,0.1085893185,falla_engranaje,0.8000000000
3.1200000000,0.0016195203,0.1229466537,falla_engranaje,0.8000000000
3.1205000000,0.0016209743,0.1208579186,falla_engranaje,0.8000000000
3.1210000000,0.0016272187,0.1005027737,falla_engranaje,0.8000000000
3.1215000000,0.0016399604,0.1102325598,falla_engranaje,0.8000000000
3.1220000000,0.0016022445,0.1199505436,falla_engranaje,0.8000000000
3.1225000000,0.0014673840,0.1187585631,falla_engranaje,0.8000000000
3.1230000000,0.0014801913,0.0951432513,falla_engranaje,0.8000000000
3.1235000000,0.0015849148,0.1058548402,falla_engranaje,0.8000000000
3.1240000000,0.0014326254,0.0991764085,falla_engranaje,0.8000000000
3.1245000000,0.0015292025,0.1057986573,falla_engranaje,0.8000000000
3.1250000000,0.0013833270,0.0841852481,falla_engranaje,0.8000000000
3.1255000000,0.0015324256,0.0936679953,falla_engranaje,0.8000000000
3.1260000000,0.0015105779,0.0942588066,falla_engranaje,0.8000000000
3.1265000000,0.0015044697,0.0878797773,falla_engranaje,0.8000000000
3.1270000000,0.0014793994,0.0770586035,falla_engranaje,0.8000000000
3.1275000000,0.0015948512,0.0668617323,falla_engranaje,0.8000000000
3.1280000000,0.0014808437,0.0949219425,falla_engranaje,0.8000000000
3.1285000000,0.0015618984,0.0865312392,falla_engranaje,0.8000000000
3.1290000000,0.0016190631,0.0736153056,falla_engranaje,0.8000000000
3.1295000000,0.0014184526,0.0947392092,falla_engranaje,0.8000000000
3.1300000000,0.0014269084,0.0749202457,falla_engranaje,0.8000000000
3.1305000000,0.0013990076,0.0790851101,falla_engranaje,0.8000000000
3.1310000000,0.0014849111,0.0574516466,falla_engranaje,0.8000000000
3.1315000000,0.0014933324,0.0825739843,falla_engranaje,0.8000000000
3.1320000000,0.0015204947,0.0852501267,falla_engranaje,0.8000000000
3.1325000000,0.0015247750,0.0634882646,falla_engranaje,0.8000000000
3.1330000000,0.0014310988,0.0725354647,falla_engranaje,0.8000000000
3.1335000000,0.0014975669,0.0749142360,falla_engranaje,0.8000000000
3.1340000000,0.0014249022,0.0584126885,falla_engranaje,0.8000000000
3.1345000000,0.0013891468,0.0514125928,falla_engranaje,0.8000000000
3.1350000000,0.0013735846,0.0594733719,falla_engranaje,0.8000000000
3.1355000000,0.0014763395,0.0616926864,falla_engranaje,0.8000000000
3.1360000000,0.0014315098,0.0488357627,falla_engranaje,0.8000000000
3.1365000000,0.0014150815,0.0496843875,falla_engranaje,0.8000000000
3.1370000000,0.0013662255,0.0620641802,falla_engranaje,0.8000000000
3.1375000000,0.0014176428,0.0549410739,falla_engranaje,0.8000000000
3.1380000000,0.0013695895,0.0557027815,falla_engranaje,0.8000000000
3.1385000000,0.0012828279,0.0638031871,falla_engranaje,0.8000000000
3.1390000000,0.0013102367,0.0663522993,falla_engranaje,0.8000000000
3.1395000000,0.0012344264,0.0513714165,falla_engranaje,0.8000000000
3.1400000000,0.0013742737,0.0366365124,falla_engranaje,0.8000000000
3.1405000000,0.0012408047,0.0367990285,falla_engranaje,0.8000000000
3.1410000000,0.0013136215,0.0522460650,falla_engranaje,0.8000000000
3.1415000000,0.0012268164,0.0444906746,falla_engranaje,0.8000000000
3.1420000000,0.0013582774,0.0381637014,falla_engranaje,0.8000000000
3.1425000000,0.0011887697,0.0434023818,falla_engranaje,0.8000000000
3.1430000000,0.0012501432,0.0501399628,falla_engranaje,0.8000000000
3.1435000000,0.0012881378,0.0495313607,falla_engranaje,0.8000000000
3.1440000000,0.0012801348,0.0516824353,falla_engranaje,0.8000000000
3.1445000000,0.0012580712,0.0303322616,falla_engranaje,0.8000000000
3.1450000000,0.0013419259,0.0328458636,falla_engranaje,0.8000000000
3.1455000000,0.0012780183,0.0297776485,falla_engranaje,0.8000000000
3.1460000000,0.0012348281,0.0281523853,falla_engranaje,0.8000000000
3.1465000000,0.0012527593,0.0385743697,falla_engranaje,0.8000000000
3.1470000000,0.0012260006,0.0230940896,falla_engranaje,0.8000000000
3.1475000000,0.0011083396,0.0197906238,falla_engranaje,0.8000000000
3.1480000000,0.0011748471,0.0331604497,falla_engranaje,0.8000000000
3.1485000000,0.0010892488,0.0179625879,falla_engranaje,0.8000000000
3.1490000000,0.0010799842,0.0313029487,falla_engranaje,0.8000000000
3.1495000000,0.0011809939,0.0148172584,falla_engranaje,0.8000000000
3.1500000000,0.0010472738,0.0254226852,falla_engranaje,0.8000000000
3.1505000000,0.0011253121,0.0185597643,falla_engranaje,0.8000000000
3.1510000000,0.0010857929,0.0117482839,falla_engranaje,0.8000000000
3.1515000000,0.0009720589,0.0033524558,falla_engranaje,0.8000000000
3.1520000000,0.0011241031,0.0198055123,falla_engranaje,0.8000000000
3.1525000000,0.0010092228,0.0076989682,falla_engranaje,0.8000000000
3.1530000000,0.0011640130,-0.0003055149,falla_engranaje,0.8000000000
3.1535000000,0.0011073505,0.0144542558,falla_engranaje,0.8000000000
3.1540000000,0.0009065482,0.0017572107,falla_engranaje,0.8000000000
3.1545000000,0.0010431160,0.0077678143,falla_engranaje,0.8000000000
3.1550000000,0.0010554297,-0.0066440236,falla_engranaje,0.8000000000
3.1555000000,0.0009598718,0.0032731922,falla_engranaje,0.8000000000
3.1560000000,0.0010095324,-0.0082721252,falla_engranaje,0.8000000000
3.1565000000,0.0008943796,0.0143704631,falla_engranaje,0.8000000000
3.1570000000,0.0009675702,-0.0138860791,falla_engranaje,0.8000000000
3.1575000000,0.0009475023,0.0095476324,falla_engranaje,0.8000000000
3.1580000000,0.0009797968,-0.0012909733,falla_engranaje,0.8000000000
3.1585000000,0.0009388217,-0.0046802949,falla_engranaje,0.8000000000
3.1590000000,0.0009417097,-0.0132504370,falla_engranaje,0.8000000000
3.1595000000,0.0008627952,-0.0053400896,falla_engranaje,0.8000000000
3.1600000000,0.0008956288,-0.0263599131,falla_engranaje,0.8000000000
3.1605000000,0.0008237431,-0.0108760841,falla_engranaje,0.8000000000
3.1610000000,0.0008882672,-0.0226752038,falla_engranaje,0.8000000000
3.1615000000,0.0008631499,0.0004470526,falla_engranaje,0.8000000000
3.1620000000,0.0009264345,-0.0245711467,falla_engranaje,0.8000000000
3.1625000000,0.0006805121,-0.0116126819,falla_engranaje,0.8000000000
3.1630000000,0.0008570798,-0.0066795806,falla_engranaje,0.8000000000
3.1635000000,0.0008858036,-0.0287128332,falla_engranaje,0.8000000000
3.1640000000,0.0008148718,-0.0302148457,falla_engranaje,0.8000000000
3.1645000000,0.0008308299,-0.0055680277,falla_engranaje,0.8000000000
3.1650000000,0.0007928233,-0.0242622797,falla_engranaje,0.8000000000
3.1655000000,0.0007252257,-0.0391980362,falla_engranaje,0.8000000000
3.1660000000,0.0008353133,-0.0162172281,falla_engranaje,0.8000000000
3.1665000000,0.0007651073,-0.0295905053,falla_engranaje,0.8000000000
3.1670000000,0.0007995799,-0.0388762701,falla_engranaje,0.8000000000
3.1675000000,0.0006744141,-0.0498419807,falla_engranaje,0.8000000000
3.1680000000,0.0006513194,-0.0393282182,falla_engranaje,0.8000000000
3.1685000000,0.0006697947,-0.0432795427,falla_engranaje,0.8000000000
3.1690000000,0.0007101054,-0.0347976427,falla_engranaje,0.8000000000
3.1695000000,0.0007219585,-0.0344668305,falla_engranaje,0.8000000000
3.1700000000,0.0006617184,-0.0640277211,falla_engranaje,0.8000000000
3.1705000000,0.0006609262,-0.0588112330,falla_engranaje,0.8000000000
3.1710000000,0.0006602477,-0.0577896296,falla_engranaje,0.8000000000
3.1715000000,0.0006145022,-0.0600740671,falla_engranaje,0.8000000000
3.1720000000,0.0005449395,-0.0597807875,falla_engranaje,0.8000000000
3.1725000000,0.0005780422,-0.0661452615,falla_engranaje,0.8000000000
3.1730000000,0.0007333179,-0.0726694001,falla_engranaje,0.8000000000
3.1735000000,0.0005674913,-0.0454229614,falla_engranaje,0.8000000000
3.1740000000,0.0006117391,-0.0472434703,falla_engranaje,0.8000000000
3.1745000000,0.0005590026,-0.0711117163,falla_engranaje,0.8000000000
3.1750000000,0.0004991644,-0.0711099078,falla_engranaje,0.8000000000
3.1755000000,0.0004071767,-0.0597660548,falla_engranaje,0.8000000000
3.1760000000,0.0006406838,-0.0688875796,falla_engranaje,0.8000000000
3.1765000000,0.0004838056,-0.0431316115,falla_engranaje,0.8000000000
3.1770000000,0.0004469637,-0.0709485597,falla_engranaje,0.8000000000
3.1775000000,0.0005231547,-0.0681149744,falla_engranaje,0.8000000000
3.1780000000,0.0004927188,-0.0727110972,falla_engranaje,0.8000000000
3.1785000000,0.0004267658,-0.0706620674,falla_engranaje,0.8000000000
3.1790000000,0.0004939048,-0.0718093319,falla_engranaje,0.8000000000
3.1795000000,0.0004321250,-0.0678399651,falla_engranaje,0.8000000000
3.1800000000,0.0003931609,-0.0657866906,falla_engranaje,0.8000000000
3.1805000000,0.0002680674,-0.0688730046,falla_engranaje,0.8000000000
3.1810000000,0.0003430447,-0.0749997490,falla_engranaje,0.8000000000
3.1815000000,0.0004578410,-0.1056576087,falla_engranaje,0.8000000000
3.1820000000,0.0003406703,-0.0802909599,falla_engranaje,0.8000000000
3.1825000000,0.0003611778,-0.0793197510,falla_engranaje,0.8000000000
3.1830000000,0.0003235739,-0.0825134719,falla_engranaje,0.8000000000
3.1835000000,0.0002483534,-0.0911332576,falla_engranaje,0.8000000000
3.1840000000,0.0002197823,-0.0919098207,falla_engranaje,0.8000000000
3.1845000000,0.0002666570,-0.1016286064,falla_engranaje,0.8000000000
3.1850000000,0.0002773609,-0.1036726648,falla_engranaje,0.8000000000
3.1855000000,0.0002027315,-0.1003447560,falla_engranaje,0.8000000000
3.1860000000,0.0002164773,-0.0926463355,falla_engranaje,0.8000000000
3.1865000000,0.0002576361,-0.0894442600,falla_engranaje,0.8000000000
3.1870000000,0.0001138110,-0.0926259283,falla_engranaje,0.8000000000
3.1875000000,0.0001364453,-0.0934650788,falla_engranaje,0.8000000000
3.1880000000,0.0001379627,-0.1020341435,falla_engranaje,0.8000000000
3.1885000000,0.0002726576,-0.1167687959,falla_engranaje,0.8000000000
3.1890000000,0.0001499104,-0.1140414173,falla_engranaje,0.8000000000
3.1895000000,0.0001234587,-0.0931965649,falla_engranaje,0.8000000000
3.1900000000,0.0000277511,-0.1222042576,falla_engranaje,0.8000000000
3.1905000000,0.0000531584,-0.1121945745,falla_engranaje,0.8000000000
3.1910000000,0.0000453904,-0.1351331188,falla_engranaje,0.8000000000
3.1915000000,0.0000366262,-0.1277847290,falla_engranaje,0.8000000000
3.1920000000,0.0001971350,-0.1178377684,falla_engranaje,0.8000000000
3.1925000000,0.0000284254,-0.1119104534,falla_engranaje,0.8000000000
3.1930000000,0.0000036724,-0.1247860379,falla_engranaje,0.8000000000
3.1935000000,0.0001178475,-0.1211357952,falla_engranaje,0.8000000000
3.1940000000,0.0000675558,-0.1168228508,falla_engranaje,0.8000000000
3.1945000000,0.0001359701,-0.1372135928,falla_engranaje,0.8000000000
3.1950000000,-0.0000427839,-0.1431377209,falla_engranaje,0.8000000000
3.1955000000,0.0000157656,-0.1216258668,falla_engranaje,0.8000000000
3.1960000000,-0.0000671488,-0.1386193027,falla_engranaje,0.8000000000
3.1965000000,0.0000366455,-0.1273439760,falla_engranaje,0.8000000000
3.1970000000,-0.0001018409,-0.1195915789,falla_engranaje,0.8000000000
3.1975000000,0.0000818580,-0.1412193622,falla_engranaje,0.8000000000
3.1980000000,0.0000120188,-0.1464560770,falla_engranaje,0.8000000000
3.1985000000,-0.0001991221,-0.1622661765,falla_engranaje,0.8000000000
3.1990000000,-0.0001597124,-0.1519388540,falla_engranaje,0.8000000000
3.1995000000,-0.0001364095,-0.1490848739,falla_engranaje,0.8000000000
3.2000000000,-0.0001056622,-0.1424648240,falla_engranaje,0.8000000000
3.2005000000,-0.0002713845,-0.1569300622,falla_engranaje,0.8000000000
3.2010000000,-0.0001298816,-0.1655796173,falla_engranaje,0.8000000000
3.2015000000,-0.0001847234,-0.1329123408,falla_engranaje,0.8000000000
3.2020000000,-0.0002087231,-0.1297725388,falla_engranaje,0.8000000000
3.2025000000,-0.0001921416,-0.1682427618,falla_engranaje,0.8000000000
3.2030000000,-0.0002972473,-0.1494134790,falla_engranaje,0.8000000000
3.2035000000,-0.0001450512,-0.1720001514,falla_engranaje,0.8000000000
3.2040000000,-0.0002154179,-0.1553006255,falla_engranaje,0.8000000000
3.2045000000,-0.0004947353,-0.1501429762,falla_engranaje,0.8000000000
3.2050000000,-0.0005042539,-0.1650371609,falla_engranaje,0.8000000000
3.2055000000,-0.0002848762,-0.1558279563,falla_engranaje,0.8000000000
3.2060000000,-0.0002459087,-0.1712582606,falla_engranaje,0.8000000000
3.2065000000,-0.0003188166,-0.1640310848,falla_engranaje,0.8000000000
3.2070000000,-0.0003328190,-0.1699751652,falla_engranaje,0.8000000000
3.2075000000,-0.0002916823,-0.1468015413,falla_engranaje,0.8000000000
3.2080000000,-0.0003565268,-0.1727486219,falla_engranaje,0.8000000000
3.2085000000,-0.0003565830,-0.1896301946,falla_engranaje,0.8000000000
3.2090000000,-0.0003831642,-0.1718058601,falla_engranaje,0.8000000000
3.2095000000,-0.0003784507,-0.1927124074,falla_engranaje,0.8000000000
3.2100000000,-0.0003585268,-0.1854419906,falla_engranaje,0.8000000000
3.2105000000,-0.0004731737,-0.1872634536,falla_engranaje,0.8000000000
3.2110000000,-0.0004453648,-0.1906792994,falla_engranaje,0.8000000000
3.2115000000,-0.0005238585,-0.1952947696,falla_engranaje,0.8000000000
3.2120000000,-0.0003110510,-0.1737895963,falla_engranaje,0.8000000000
3.2125000000,-0.0005829279,-0.1699302208,falla_engranaje,0.8000000000
3.2130000000,-0.0006229181,-0.2020679223,falla_engranaje,0.8000000000
3.2135000000,-0.0005467423,-0.1843129777,falla_engranaje,0.8000000000
3.2140000000,-0.0004871065,-0.1976914263,falla_engranaje,0.8000000000
3.2145000000,-0.0005174295,-0.1779344064,falla_engranaje,0.8000000000
3.2150000000,-0.0005521866,-0.1907072270,falla_engranaje,0.8000000000
3.2155000000,-0.0006105786,-0.1774117947,falla_engranaje,0.8000000000
3.2160000000,-0.0006058133,-0.1732803314,falla_engranaje,0.8000000000
3.2165000000,-0.0006244098,-0.2016908545,falla_engranaje,0.8000000000
3.2170000000,-0.0005537981,-0.2042311500,falla_engranaje,0.8000000000
3.2175000000,-0.0007027766,-0.1917395389,falla_engranaje,0.8000000000
3.2180000000,-0.0006151137,-0.1967103794,falla_engranaje,0.8000000000
3.2185000000,-0.0006956510,-0.2137325956,falla_engranaje,0.8000000000
3.2190000000,-0.0006260445,-0.2024707816,falla_engranaje,0.8000000000
3.2195000000,-0.0006807593,-0.2179935231,falla_engranaje,0.8000000000
3.2200000000,-0.0007010984,-0.2023350427,falla_engranaje,0.8000000000
3.2205000000,-0.0006756693,-0.2172437674,falla_engranaje,0.8000000000
3.2210000000,-0.0008371929,-0.2091370325,falla_engranaje,0.8000000000
3.2215000000,-0.0007590189,-0.2056915675,falla_engranaje,0.8000000000
3.2220000000,-0.0008573865,-0.2361664964,falla_engranaje,0.8000000000
3.2225000000,-0.0007928707,-0.2136797807,falla_engranaje,0.8000000000
3.2230000000,-0.0009191701,-0.2196252903,falla_engranaje,0.8000000000
3.2235000000,-0.0008305061,-0.2280173571,falla_engranaje,0.8000000000
3.2240000000,-0.0008195483,-0.2282929048,falla_engranaje,0.8000000000
3.2245000000,-0.0008599482,-0.2402134274,falla_engranaje,0.8000000000
3.2250000000,-0.0008511048,-0.2339476384,falla_engranaje,0.8000000000
3.2255000000,-0.0008697396,-0.2371497558,falla_engranaje,0.8000000000
3.2260000000,-0.0008362955,-0.2312361836,falla_engranaje,0.8000000000
3.2265000000,-0.0007621563,-0.2062085154,falla_engranaje,0.8000000000
3.2270000000,-0.0009407819,-0.2339221930,falla_engranaje,0.8000000000
3.2275000000,-0.0010010471,-0.2417109168,falla_engranaje,0.8000000000
3.2280000000,-0.0009760346,-0.2534744067,falla_engranaje,0.8000000000
3.2285000000,-0.0010048217,-0.2443446585,falla_engranaje,0.8000000000
3.2290000000,-0.0010202585,-0.2351934011,falla_engranaje,0.8000000000
3.2295000000,-0.0011026484,-0.2375033060,falla_engranaje,0.8000000000
3.2300000000,-0.0009585121,-0.2464582745,falla_engranaje,0.8000000000
3.2305000000,-0.0010453498,-0.2386950787,falla_engranaje,0.8000000000
3.2310000000,-0.0011083705,-0.2506121813,falla_engranaje,0.8000000000
3.2315000000,-0.0011002913,-0.2648545028,falla_engranaje,0.8000000000
3.2320000000,-0.0011293233,-0.2469039562,falla_engranaje,0.8000000000
3.2325000000,-0.0010179806,-0.2497674563,falla_engranaje,0.8000000000
3.2330000000,-0.0009856621,-0.2433118236,falla_engranaje,0.8000000000
3.2335000000,-0.0011324368,-0.2559157144,falla_engranaje,0.8000000000
3.2340000000,-0.0011147337,-0.2524854240,falla_engranaje,0.8000000000
3.2345000000,-0.0011007899,-0.2416425498,falla_engranaje,0.8000000000
3.2350000000,-0.0012256296,-0.2614175860,falla_engranaje,0.8000000000
3.2355000000,-0.0011370028,-0.2737137937,falla_engranaje,0.8000000000
3.2360000000,-0.0012748480,-0.2696153801,falla_engranaje,0.8000000000
3.2365000000,-0.0012003278,-0.2609029872,falla_engranaje,0.8000000000
3.2370000000,-0.0013270025,-0.2576474391,falla_engranaje,0.8000000000
3.2375000000,-0.0010664809,-0.2658178842,falla_engranaje,0.8000000000
3.2380000000,-0.0012275955,-0.2732593700,falla_engranaje,0.8000000000
3.2385000000,-0.0011826255,-0.2740384544,falla_engranaje,0.8000000000
3.2390000000,-0.0012532949,-0.2582565793,falla_engranaje,0.8000000000
3.2395000000,-0.0014904622,-0.2605896210,falla_engranaje,0.8000000000
3.2400000000,-0.0013853716,-0.2710012659,falla_engranaje,0.8000000000
3.2405000000,-0.0012513005,-0.2998243263,falla_engranaje,0.8000000000
3.2410000000,-0.0013846140,-0.2616612302,falla_engranaje,0.8000000000
3.2415000000,-0.0013478449,-0.2837643553,falla_engranaje,0.8000000000
3.2420000000,-0.0013237185,-0.2710558772,falla_engranaje,0.8000000000
3.2425000000,-0.0014476940,-0.2838869086,falla_engranaje,0.8000000000
3.2430000000,-0.0013911435,-0.2613476315,falla_engranaje,0.8000000000
3.2435000000,-0.0013331957,-0.2827931310,falla_engranaje,0.8000000000
3.2440000000,-0.0013294398,-0.2963103340,falla_engranaje,0.8000000000
3.2445000000,-0.0014563334,-0.3023284409,falla_engranaje,0.8000000000
3.2450000000,-0.0013395674,-0.2943100168,falla_engranaje,0.8000000000
3.2455000000,-0.0014640282,-0.2941251567,falla_engranaje,0.8000000000
3.2460000000,-0.0015577971,-0.2960930426,falla_engranaje,0.8000000000
3.2465000000,-0.0014945918,-0.2879241427,falla_engranaje,0.8000000000
3.2470000000,-0.0014414543,-0.2951829085,falla_engranaje,0.8000000000
3.2475000000,-0.0015227305,-0.2979802093,falla_engranaje,0.8000000000
3.2480000000,-0.0015786092,-0.3001894915,falla_engranaje,0.8000000000
3.2485000000,-0.0015509994,-0.2864622356,falla_engranaje,0.8000000000
3.2490000000,-0.0014554112,-0.2952324576,falla_engranaje,0.8000000000
3.2495000000,-0.0014484350,-0.2895410433,falla_engranaje,0.8000000000
3.2500000000,-0.0015567586,-0.3028274866,falla_engranaje,0.8000000000
3.2505000000,-0.0015315746,-0.3198546747,falla_engranaje,0.8000000000
3.2510000000,-0.0015645595,-0.3182603907,falla_engranaje,0.8000000000
3.2515000000,-0.0016075864,-0.3380813901,falla_engranaje,0.8000000000
3.2520000000,-0.0016576530,-0.3115554817,falla_engranaje,0.8000000000
3.2525000000,-0.0016705810,-0.3255440480,falla_engranaje,0.8000000000
3.2530000000,-0.0016778099,-0.2977911633,falla_engranaje,0.8000000000
3.2535000000,-0.0016739706,-0.3203368243,falla_engranaje,0.8000000000
3.2540000000,-0.0016892276,-0.3125634952,falla_engranaje,0.8000000000
3.2545000000,-0.0016505871,-0.3351172623,falla_engranaje,0.8000000000
3.2550000000,-0.0018053697,-0.3148513480,falla_engranaje,0.8000000000
3.2555000000,-0.0017772393,-0.3276610178,falla_engranaje,0.8000000000
3.2560000000,-0.0017705953,-0.3252677133,falla_engranaje,0.8000000000
3.2565000000,-0.0017975544,-0.3176758989,falla_engranaje,0.8000000000
3.2570000000,-0.0016704715,-0.3118604273,falla_engranaje,0.8000000000
3.2575000000,-0.0017071082,-0.3290329316,falla_engranaje,0.8000000000
3.2580000000,-0.0017333206,-0.3358061530,falla_engranaje,0.8000000000
3.2585000000,-0.0019027537,-0.3074496051,falla_engranaje,0.8000000000
3.2590000000,-0.0017731283,-0.3192033850,falla_engranaje,0.8000000000
3.2595000000,-0.0017576718,-0.3381557852,falla_engranaje,0.8000000000
3.2600000000,-0.0019170858,-0.3542398010,falla_engranaje,0.8000000000
3.2605000000,-0.0017516377,-0.3268879083,falla_engranaje,0.8000000000
3.2610000000,-0.0017844121,-0.3333684182,falla_engranaje,0.8000000000
3.2615000000,-0.0019163776,-0.3201765586,falla_engranaje,0.8000000000
3.2620000000,-0.0018488414,-0.3226287253,falla_engranaje,0.8000000000
3.2625000000,-0.0019201579,-0.3280126475,falla_engranaje,0.8000000000
3.2630000000,-0.0018185919,-0.3256753651,falla_engranaje,0.8000000000
3.2635000000,-0.0018665214,-0.3259410753,falla_engranaje,0.8000000000
3.2640000000,-0.0019206335,-0.3412860917,falla_engranaje,0.8000000000
3.2645000000,-0.0019214892,-0.3539930362,falla_engranaje,0.8000000000
3.2650000000,-0.0019075619,-0.3657480796,falla_engranaje,0.8000000000
3.2655000000,-0.0021611856,-0.3702826140,falla_engranaje,0.8000000000
3.2660000000,-0.0019827631,-0.3539863004,falla_engranaje,0.8000000000
3.2665000000,-0.0020020388,-0.3505011239,falla_engranaje,0.8000000000
3.2670000000,-0.0020610954,-0.3234951285,falla_engranaje,0.8000000000
3.2675000000,-0.0020901227,-0.3691125832,falla_engranaje,0.8000000000
3.2680000000,-0.0021067809,-0.3608615445,falla_engranaje,0.8000000000
3.2685000000,-0.0020271424,-0.3501881141,falla_engranaje,0.8000000000
3.2690000000,-0.0019983886,-0.3729700233,falla_engranaje,0.8000000000
3.2695000000,-0.0018761950,-0.3524562758,falla_engranaje,0.8000000000
3.2700000000,-0.0020304616,-0.3551441884,falla_engranaje,0.8000000000
3.2705000000,-0.0020518580,-0.3493481576,falla_engranaje,0.8000000000
3.2710000000,-0.0021098807,-0.3458113795,falla_engranaje,0.8000000000
3.2715000000,-0.0020168942,-0.3674393731,falla_engranaje,0.8000000000
3.2720000000,-0.0021811863,-0.3707742828,falla_engranaje,0.8000000000
3.2725000000,-0.0020372856,-0.3872144070,falla_engranaje,0.8000000000
3.2730000000,-0.0021451566,-0.3750580583,falla_engranaje,0.8000000000
3.2735000000,-0.0021199958,-0.3705947144,falla_engranaje,0.8000000000
3.2740000000,-0.0021612306,-0.3596937501,falla_engranaje,0.8000000000
3.2745000000,-0.0022057006,-0.3756341677,falla_engranaje,0.8000000000
3.2750000000,-0.0021983588,-0.3827594859,falla_engranaje,0.8000000000
3.2755000000,-0.0020764183,-0.3826160504,falla_engranaje,0.8000000000
3.2760000000,-0.0022862927,-0.3877475298,falla_engranaje,0.8000000000
3.2765000000,-0.0022274925,-0.3823102683,falla_engranaje,0.8000000000
3.2770000000,-0.0022363952,-0.3707831119,falla_engranaje,0.8000000000
3.2775000000,-0.0022751622,-0.4012040460,falla_engranaje,0.8000000000
3.2780000000,-0.0022856889,-0.3840552205,falla_engranaje,0.8000000000
3.2785000000,-0.0023140166,-0.3782679591,falla_engranaje,0.8000000000
3.2790000000,-0.0023433340,-0.3838829552,falla_engranaje,0.8000000000
3.2795000000,-0.0022700158,-0.3906359680,falla_engranaje,0.8000000000
3.2800000000,-0.0022459523,-0.3925022849,falla_engranaje,0.8000000000
3.2805000000,-0.0023657688,-0.3823268977,falla_engranaje,0.8000000000
3.2810000000,-0.0023274988,-0.3916146102,falla_engranaje,0.8000000000
3.2815000000,-0.0022163054,-0.4100538090,falla_engranaje,0.8000000000
3.2820000000,-0.0024583330,-0.3936464966,falla_engranaje,0.8000000000
3.2825000000,-0.0023701242,-0.4072301592,falla_engranaje,0.8000000000
3.2830000000,-0.0023730492,-0.3970234441,falla_engranaje,0.8000000000
3.2835000000,-0.0025057472,-0.3937400594,falla_engranaje,0.8000000000
3.2840000000,-0.0023600235,-0.3898448194,falla_engranaje,0.8000000000
3.2845000000,-0.0024250482,-0.4011657483,falla_engranaje,0.8000000000
3.2850000000,-0.0024418040,-0.4042135684,falla_engranaje,0.8000000000
3.2855000000,-0.0025239079,-0.4304762261,falla_engranaje,0.8000000000
3.2860000000,-0.0023884735,-0.3984055359,falla_engranaje,0.8000000000
3.2865000000,-0.0024357291,-0.4207571182,falla_engranaje,0.8000000000
3.2870000000,-0.0023626685,-0.4135194721,falla_engranaje,0.8000000000
3.2875000000,-0.0025003934,-0.4049402009,falla_engranaje,0.8000000000
3.2880000000,-0.0023930436,-0.4112262196,falla_engranaje,0.8000000000
3.2885000000,-0.0024543764,-0.4103806200,falla_engranaje,0.8000000000
3.2890000000,-0.0025483712,-0.4239498463,falla_engranaje,0.8000000000
3.2895000000,-0.0024466168,-0.4142753845,falla_engranaje,0.8000000000
3.2900000000,-0.0025862559,-0.4254870100,falla_engranaje,0.8000000000
3.2905000000,-0.0025151048,-0.4196235755,falla_engranaje,0.8000000000
3.2910000000,-0.0025524852,-0.4104688307,falla_engranaje,0.8000000000
3.2915000000,-0.0026001307,-0.4107415184,falla_engranaje,0.8000000000
3.2920000000,-0.0025039631,-0.4362965509,falla_engranaje,0.8000000000
3.2925000000,-0.0025990400,-0.4151081624,falla_engranaje,0.8000000000
3.2930000000,-0.0025563808,-0.4251367442,falla_engranaje,0.8000000000
3.2935000000,-0.0025959350,-0.4328027159,falla_engranaje,0.8000000000
3.2940000000,-0.0025379621,-0.4161983997,falla_engranaje,0.8000000000
3.2945000000,-0.0025990022,-0.4151134451,falla_engranaje,0.8000000000
3.2950000000,-0.0026381990,-0.4463593004,falla_engranaje,0.8000000000
3.2955000000,-0.0024724041,-0.4297291870,falla_engranaje,0.8000000000
3.2960000000,-0.0026294984,-0.4238920615,falla_engranaje,0.8000000000
3.2965000000,-0.0025926127,-0.4340918547,falla_engranaje,0.8000000000
3.2970000000,-0.0025282888,-0.4351882902,falla_engranaje,0.8000000000
3.2975000000,-0.0027160563,-0.4275026132,falla_engranaje,0.8000000000
3.2980000000,-0.0026182481,-0.4291137133,falla_engranaje,0.8000000000
3.2985000000,-0.0026188850,-0.4290021600,falla_engranaje,0.8000000000
3.2990000000,-0.0026844451,-0.4425009590,falla_engranaje,0.8000000000
3.2995000000,-0.0026310183,-0.4305698473,falla_engranaje,0.8000000000
3.3000000000,-0.0026199602,-0.4398109684,falla_engranaje,0.8000000000
3.3005000000,-0.0027082472,-0.4381205018,falla_engranaje,0.8000000000
3.3010000000,-0.0026613899,-0.4420318514,falla_engranaje,0.8000000000
3.3015000000,-0.0027115660,-0.4383886373,falla_engranaje,0.8000000000
3.3020000000,-0.0025599407,-0.4547345874,falla_engranaje,0.8000000000
3.3025000000,-0.0028299140,-0.4429082127,falla_engranaje,0.8000000000
3.3030000000,-0.0027545102,-0.4346825174,falla_engranaje,0.8000000000
3.3035000000,-0.0027827918,-0.4382140173,falla_engranaje,0.8000000000
3.3040000000,-0.0027359791,-0.4586434258,falla_engranaje,0.8000000000
3.3045000000,-0.0028292987,-0.4545448944,falla_engranaje,0.8000000000
3.3050000000,-0.0028300090,-0.4440896772,falla_engranaje,0.8000000000
3.3055000000,-0.0026557008,-0.4493210794,falla_engranaje,0.8000000000
3.3060000000,-0.0027690639,-0.4608092917,falla_engranaje,0.8000000000
3.3065000000,-0.0028490288,-0.4409497933,falla_engranaje,0.8000000000
3.3070000000,-0.0027190123,-0.4602529200,falla_engranaje,0.8000000000
3.3075000000,-0.0028665607,-0.4738546761,falla_engranaje,0.8000000000
3.3080000000,-0.0030100886,-0.4726367093,falla_engranaje,0.8000000000
3.3085000000,-0.0028067926,-0.4441888048,falla_engranaje,0.8000000000
3.3090000000,-0.0027817345,-0.4359260248,falla_engranaje,0.8000000000
3.3095000000,-0.0027793757,-0.4614457520,falla_engranaje,0.8000000000
3.3100000000,-0.0028841524,-0.4653867403,falla_engranaje,0.8000000000
3.3105000000,-0.0028600014,-0.4602043225,falla_engranaje,0.8000000000
3.3110000000,-0.0029734392,-0.4749277910,falla_engranaje,0.8000000000
3.3115000000,-0.0029090044,-0.4686601377,falla_engranaje,0.8000000000
3.3120000000,-0.0029371651,-0.4744059355,falla_engranaje,0.8000000000
3.3125000000,-0.0028402130,-0.4684266356,falla_engranaje,0.8000000000
3.3130000000,-0.0029595731,-0.4714645791,falla_engranaje,0.8000000000
3.3135000000,-0.0028865518,-0.4608851065,falla_engranaje,0.8000000000
3.3140000000,-0.0028652039,-0.4719028990,falla_engranaje,0.8000000000
3.3145000000,-0.0029735690,-0.4577697479,falla_engranaje,0.8000000000
3.3150000000,-0.0029218166,-0.4927502623,falla_engranaje,0.8000000000
3.3155000000,-0.0029786294,-0.4536588833,falla_engranaje,0.8000000000
3.3160000000,-0.0029951647,-0.4766288361,falla_engranaje,0.8000000000
3.3165000000,-0.0029090075,-0.4722455489,falla_engranaje,0.8000000000
3.3170000000,-0.0029229381,-0.4541142179,falla_engranaje,0.8000000000
3.3175000000,-0.0029132071,-0.4888768883,falla_engranaje,0.8000000000
3.3180000000,-0.0029794505,-0.4589244425,falla_engranaje,0.8000000000
3.3185000000,-0.0028904986,-0.4785956771,falla_engranaje,0.8000000000
3.3190000000,-0.0030259735,-0.4883016793,falla_engranaje,0.8000000000
3.3195000000,-0.0030339935,-0.4716897964,falla_engranaje,0.8000000000
3.3200000000,-0.0029809709,-0.4692676911,falla_engranaje,0.8000000000
3.3205000000,-0.0029401757,-0.4893258510,falla_engranaje,0.8000000000
3.3210000000,-0.0029271970,-0.4857250408,falla_engranaje,0.8000000000
3.3215000000,-0.0030600304,-0.4707352778,falla_engranaje,0.8000000000
3.3220000000,-0.0029544727,-0.4855150350,falla_engranaje,0.8000000000
3.3225000000,-0.0028877073,-0.4825849775,falla_engranaje,0.8000000000
3.3230000000,-0.0030524072,-0.4810267428,falla_engranaje,0.8000000000
3.3235000000,-0.0030020946,-0.4826780196,falla_engranaje,0.8000000000
3.3240000000,-0.0029063023,-0.4979854440,falla_engranaje,0.8000000000
3.3245000000,-0.0030679536,-0.5080635785,falla_engranaje,0.8000000000
3.3250000000,-0.0030588931,-0.4851014095,falla_engranaje,0.8000000000
3.3255000000,-0.0029821857,-0.4935613470,falla_engranaje,0.8000000000
3.3260000000,-0.0029508876,-0.4924692798,falla_engranaje,0.8000000000
3.3265000000,-0.0030206188,-0.4689889720,falla_engranaje,0.8000000000
3.3270000000,-0.0031160945,-0.4999157115,falla_engranaje,0.8000000000
3.3275000000,-0.0030269460,-0.4955551187,falla_engranaje,0.8000000000
3.3280000000,-0.0031929605,-0.5140503594,falla_engranaje,0.8000000000
3.3285000000,-0.0030635229,-0.4910618968,falla_engranaje,0.8000000000
3.3290000000,-0.0030087054,-0.5087239036,falla_engranaje,0.8000000000
3.3295000000,-0.0029513157,-0.4925091644,falla_engranaje,0.8000000000
3.3300000000,-0.0031225920,-0.4867173856,falla_engranaje,0.8000000000
3.3305000000,-0.0031303536,-0.4795347220,falla_engranaje,0.8000000000
3.3310000000,-0.0030164169,-0.4982426852,falla_engranaje,0.8000000000
3.3315000000,-0.0030896099,-0.5194499646,falla_engranaje,0.8000000000
3.3320000000,-0.0030685479,-0.4848295883,falla_engranaje,0.8000000000
3.3325000000,-0.0031380420,-0.5184059732,falla_engranaje,0.8000000000
3.3330000000,-0.0031167217,-0.5193417374,falla_engranaje,0.8000000000
3.3335000000,-0.0031221647,-0.4992779064,falla_engranaje,0.8000000000
3.3340000000,-0.0031834529,-0.5012825083,falla_engranaje,0.8000000000
3.3345000000,-0.0031068633,-0.5018526520,falla_engranaje,0.8000000000
3.3350000000,-0.0031960775,-0.4810023174,falla_engranaje,0.8000000000
3.3355000000,-0.0032371988,-0.4912973208,falla_engranaje,0.8000000000
3.3360000000,-0.0030965442,-0.4978000300,falla_engranaje,0.8000000000
3.3365000000,-0.0031537495,-0.5246914847,falla_engranaje,0.8000000000
3.3370000000,-0.0031225404,-0.5101862273,falla_engranaje,0.8000000000
3.3375000000,-0.0031205544,-0.5195034922,falla_engranaje,0.8000000000
3.3380000000,-0.0031270125,-0.5044352977,falla_engranaje,0.8000000000
3.3385000000,-0.0030575043,-0.5055326228,falla_engranaje,0.8000000000
3.3390000000,-0.0032340375,-0.5195957681,falla_engranaje,0.8000000000
3.3395000000,-0.0032481920,-0.5351470514,falla_engranaje,0.8000000000
3.3400000000,-0.0031252820,-0.5265509046,falla_engranaje,0.8000000000
3.3405000000,-0.0030660046,-0.4991328074,falla_engranaje,0.8000000000
3.3410000000,-0.0031878291,-0.5178940660,falla_engranaje,0.8000000000
3.3415000000,-0.0032084772,-0.5245475174,falla_engranaje,0.8000000000
3.3420000000,-0.0031406845,-0.5054896376,falla_engranaje,0.8000000000
3.3425000000,-0.0032073978,-0.5175472976,falla_engranaje,0.8000000000
3.3430000000,-0.0030655775,-0.5058800423,falla_engranaje,0.8000000000
3.3435000000,-0.0031279549,-0.5202578411,falla_engranaje,0.8000000000
3.3440000000,-0.0031211093,-0.5303890444,falla_engranaje,0.8000000000
3.3445000000,-0.0031302441,-0.5185227466,falla_engranaje,0.8000000000
3.3450000000,-0.0032545061,-0.5347289816,falla_engranaje,0.8000000000
3.3455000000,-0.0032629911,-0.5141297227,falla_engranaje,0.8000000000
3.3460000000,-0.0033270711,-0.5069127340,falla_engranaje,0.8000000000
3.3465000000,-0.0030923033,-0.5353917678,falla_engranaje,0.8000000000
3.3470000000,-0.0032754204,-0.5243212716,falla_engranaje,0.8000000000
3.3475000000,-0.0032736227,-0.5175323686,falla_engranaje,0.8000000000
3.3480000000,-0.0031249134,-0.5319926448,falla_engranaje,0.8000000000
3.3485000000,-0.0031912671,-0.5133281790,falla_engranaje,0.8000000000
3.3490000000,-0.0032137243,-0.5336442515,falla_engranaje,0.8000000000
3.3495000000,-0.0032558788,-0.5359398791,falla_engranaje,0.8000000000
3.3500000000,-0.0031731376,-0.5346106220,falla_engranaje,0.8000000000
3.3505000000,-0.0031582208,-0.5170864025,falla_engranaje,0.8000000000
3.3510000000,-0.0032708536,-0.5230408343,falla_engranaje,0.8000000000
3.3515000000,-0.0033231614,-0.5351622894,falla_engranaje,0.8000000000
3.3520000000,-0.0032154100,-0.5408660797,falla_engranaje,0.8000000000
3.3525000000,-0.0032195369,-0.5401915596,falla_engranaje,0.8000000000
3.3530000000,-0.0032104174,-0.5454515744,falla_engranaje,0.8000000000
3.3535000000,-0.0031521216,-0.5403019255,falla_engranaje,0.8000000000
3.3540000000,-0.0031635353,-0.5161411158,falla_engranaje,0.8000000000
3.3545000000,-0.0033584993,-0.5280633050,falla_engranaje,0.8000000000
3.3550000000,-0.0032584703,-0.5307733752,falla_engranaje,0.8000000000
3.3555000000,-0.0033221297,-0.5387154063,falla_engranaje,0.8000000000
3.3560000000,-0.0031169079,-0.5253925677,falla_engranaje,0.8000000000
3.3565000000,-0.0031559275,-0.5203438435,falla_engranaje,0.8000000000
3.3570000000,-0.0032819297,-0.5378676194,falla_engranaje,0.8000000000
3.3575000000,-0.0032291220,-0.5321261694,falla_engranaje,0.8000000000
3.3580000000,-0.0033472951,-0.5423075564,falla_engranaje,0.8000000000
3.3585000000,-0.0032197733,-0.5226703089,falla_engranaje,0.8000000000
3.3590000000,-0.0032550423,-0.5478534330,falla_engranaje,0.8000000000
3.3595000000,-0.0032705499,-0.5568066480,falla_engranaje,0.8000000000
3.3600000000,-0.0031570130,-0.5318912501,falla_engranaje,0.8000000000
3.3605000000,-0.0031628457,-0.5435236178,falla_engranaje,0.8000000000
3.3610000000,-0.0032018137,-0.5351611810,falla_engranaje,0.8000000000
3.3615000000,-0.0030462408,-0.5692190641,falla_engranaje,0.8000000000
3.3620000000,-0.0032869190,-0.5209703886,falla_engranaje,0.8000000000
3.3625000000,-0.0031591564,-0.5498639161,falla_engranaje,0.8000000000
3.3630000000,-0.0033031778,-0.5217611014,falla_engranaje,0.8000000000
3.3635000000,-0.0033011794,-0.5558434736,falla_engranaje,0.8000000000
3.3640000000,-0.0032928595,-0.5575123863,falla_engranaje,0.8000000000
3.3645000000,-0.0033394200,-0.5699832591,falla_engranaje,0.8000000000
3.3650000000,-0.0032272438,-0.5357582403,falla_engranaje,0.8000000000
3.3655000000,-0.0032176762,-0.5391919494,falla_engranaje,0.8000000000
3.3660000000,-0.0032474283,-0.5463321560,falla_engranaje,0.8000000000
3.3665000000,-0.0032589284,-0.5519083137,falla_engranaje,0.8000000000
3.3670000000,-0.0032511391,-0.5353879629,falla_engranaje,0.8000000000
3.3675000000,-0.0032913383,-0.5375466571,falla_engranaje,0.8000000000
3.3680000000,-0.0031976929,-0.5695764492,falla_engranaje,0.8000000000
3.3685000000,-0.0032694379,-0.5548639524,falla_engranaje,0.8000000000
3.3690000000,-0.0032027999,-0.5523065320,falla_engranaje,0.8000000000
3.3695000000,-0.0032798380,-0.5422989673,falla_engranaje,0.8000000000
3.3700000000,-0.0032239426,-0.5470371750,falla_engranaje,0.8000000000
3.3705000000,-0.0032873862,-0.5579620745,falla_engranaje,0.8000000000
3.3710000000,-0.0033270648,-0.5629193551,falla_engranaje,0.8000000000
3.3715000000,-0.0031569175,-0.5656507235,falla_engranaje,0.8000000000
3.3720000000,-0.0033001113,-0.5664728064,falla_engranaje,0.8000000000
3.3725000000,-0.0033017606,-0.5451883697,falla_engranaje,0.8000000000
3.3730000000,-0.0032255315,-0.5495981262,falla_engranaje,0.8000000000
3.3735000000,-0.0031427551,-0.5309510719,falla_engranaje,0.8000000000
3.3740000000,-0.0031835697,-0.5631929122,falla_engranaje,0.8000000000
3.3745000000,-0.0030708203,-0.5502134956,falla_engranaje,0.8000000000
3.3750000000,-0.0032418577,-0.5678074824,falla_engranaje,0.8000000000
3.3755000000,-0.0032444226,-0.5641343679,falla_engranaje,0.8000000000
3.3760000000,-0.0033067424,-0.5522577321,falla_engranaje,0.8000000000
3.3765000000,-0.0032058756,-0.5653657180,falla_engranaje,0.8000000000
3.3770000000,-0.0032215034,-0.5540070944,falla_engranaje,0.8000000000
3.3775000000,-0.0032027598,-0.5741927805,falla_engranaje,0.8000000000
3.3780000000,-0.0031242283,-0.5661196592,falla_engranaje,0.8000000000
3.3785000000,-0.0032479997,-0.5723742101,falla_engranaje,0.8000000000
3.3790000000,-0.0032232829,-0.5719582823,falla_engranaje,0.8000000000
3.3795000000,-0.0031826724,-0.5632266582,falla_engranaje,0.8000000000
3.3800000000,-0.0032265729,-0.5706112379,falla_engranaje,0.8000000000
3.3805000000,-0.0032059475,-0.5731057388,falla_engranaje,0.8000000000
3.3810000000,-0.0032180193,-0.5526326467,falla_engranaje,0.8000000000
3.3815000000,-0.0031374281,-0.5703000552,falla_engranaje,0.8000000000
3.3820000000,-0.0032492883,-0.5694776686,falla_engranaje,0.8000000000
3.3825000000,-0.0032036383,-0.5719341075,falla_engranaje,0.8000000000
3.3830000000,-0.0033022283,-0.5716618740,falla_engranaje,0.8000000000
3.3835000000,-0.0033413638,-0.5644503247,falla_engranaje,0.8000000000
3.3840000000,-0.0031955724,-0.5804521988,falla_engranaje,0.8000000000
3.3845000000,-0.0030182760,-0.5581549306,falla_engranaje,0.8000000000
3.3850000000,-0.0032371910,-0.5740184806,falla_engranaje,0.8000000000
3.3855000000,-0.0032028845,-0.5583741364,falla_engranaje,0.8000000000
3.3860000000,-0.0031909581,-0.5662612247,falla_engranaje,0.8000000000
3.3865000000,-0.0032762309,-0.5740684982,falla_engranaje,0.8000000000
3.3870000000,-0.0031366784,-0.5700799345,falla_engranaje,0.8000000000
3.3875000000,-0.0031729293,-0.5641929847,falla_engranaje,0.8000000000
3.3880000000,-0.0031853482,-0.5609161208,falla_engranaje,0.8000000000
3.3885000000,-0.0031496416,-0.5673629164,falla_engranaje,0.8000000000
3.3890000000,-0.0030324138,-0.5683180320,falla_engranaje,0.8000000000
3.3895000000,-0.0030783851,-0.5609935164,falla_engranaje,0.8000000000
3.3900000000,-0.0030609031,-0.5862627249,falla_engranaje,0.8000000000
3.3905000000,-0.0032649964,-0.5801102802,falla_engranaje,0.8000000000
3.3910000000,-0.0030854579,-0.5652201809,falla_engranaje,0.8000000000
3.3915000000,-0.0031346157,-0.5794798384,falla_engranaje,0.8000000000
3.3920000000,-0.0030663980,-0.5943557567,falla_engranaje,0.8000000000
3.3925000000,-0.0030342311,-0.5633501609,falla_engranaje,0.8000000000
3.3930000000,-0.0031187744,-0.5766796091,falla_engranaje,0.8000000000
3.3935000000,-0.0031052956,-0.5640928991,falla_engranaje,0.8000000000
3.3940000000,-0.0032044332,-0.5763281059,falla_engranaje,0.8000000000
3.3945000000,-0.0030724998,-0.5636398395,falla_engranaje,0.8000000000
3.3950000000,-0.0031385950,-0.5864373058,falla_engranaje,0.8000000000
3.3955000000,-0.0030747638,-0.5731851463,falla_engranaje,0.8000000000
3.3960000000,-0.0031727816,-0.5691830585,falla_engranaje,0.8000000000
3.3965000000,-0.0031291440,-0.5809523265,falla_engranaje,0.8000000000
3.3970000000,-0.0030965245,-0.5851671380,falla_engranaje,0.8000000000
3.3975000000,-0.0030937096,-0.5894091774,falla_engranaje,0.8000000000
3.3980000000,-0.0030983389,-0.5792227010,falla_engranaje,0.8000000000
3.3985000000,-0.0030620673,-0.5799361974,falla_engranaje,0.8000000000
3.3990000000,-0.0031351557,-0.5671125508,falla_engranaje,0.8000000000
3.3995000000,-0.0030700506,-0.5759035251,falla_engranaje,0.8000000000
3.4000000000,-0.0029892202,-0.5785354476,falla_engranaje,0.8000000000
3.4005000000,-0.0030677649,-0.5833713041,falla_engranaje,0.8000000000
3.4010000000,-0.0031264911,-0.5993781465,falla_engranaje,0.8000000000
3.4015000000,-0.0030617710,-0.5823957228,falla_engranaje,0.8000000000
3.4020000000,-0.0030147860,-0.5809361138,falla_engranaje,0.8000000000
3.4025000000,-0.0029927858,-0.5758615743,falla_engranaje,0.8000000000
3.4030000000,-0.0029875990,-0.5717211937,falla_engranaje,0.8000000000
3.4035000000,-0.0029671336,-0.5918467190,falla_engranaje,0.8000000000
3.4040000000,-0.0031560988,-0.5786500986,falla_engranaje,0.8000000000
3.4045000000,-0.0029678023,-0.5932521660,falla_engranaje,0.8000000000
3.4050000000,-0.0031139095,-0.5854465829,falla_engranaje,0.8000000000
3.4055000000,-0.0030806228,-0.5775923536,falla_engranaje,0.8000000000
3.4060000000,-0.0031270843,-0.5752364369,falla_engranaje,0.8000000000
3.4065000000,-0.0029938819,-0.5807567892,falla_engranaje,0.8000000000
3.4070000000,-0.0030506585,-0.5820993174,falla_engranaje,0.8000000000
3.4075000000,-0.0029303069,-0.5697808276,falla_engranaje,0.8000000000
3.4080000000,-0.0030714881,-0.5766753581,falla_engranaje,0.8000000000
3.4085000000,-0.0029166109,-0.5905152751,falla_engranaje,0.8000000000
3.4090000000,-0.0031483250,-0.5780951367,falla_engranaje,0.8000000000
3.4095000000,-0.0030525960,-0.6013489142,falla_engranaje,0.8000000000
3.4100000000,-0.0028392932,-0.6076498831,falla_engranaje,0.8000000000
3.4105000000,-0.0030376395,-0.5918650777,falla_engranaje,0.8000000000
3.4110000000,-0.0031060933,-0.5981860186,falla_engranaje,0.8000000000
3.4115000000,-0.0029240531,-0.5737248232,falla_engranaje,0.8000000000
3.4120000000,-0.0030029433,-0.6081252007,falla_engranaje,0.8000000000
3.4125000000,-0.0029363047,-0.6048664926,falla_engranaje,0.8000000000
3.4130000000,-0.0028320508,-0.6032864069,falla_engranaje,0.8000000000
3.4135000000,-0.0030233490,-0.5831244625,falla_engranaje,0.8000000000
3.4140000000,-0.0029900883,-0.5905721851,falla_engranaje,0.8000000000
3.4145000000,-0.0029681577,-0.6013072294,falla_engranaje,0.8000000000
3.4150000000,-0.0027550912,-0.5971399369,falla_engranaje,0.8000000000
3.4155000000,-0.0029672665,-0.5988898138,falla_engranaje,0.8000000000
3.4160000000,-0.0028775250,-0.6010176227,falla_engranaje,0.8000000000
3.4165000000,-0.0029858424,-0.5867594449,falla_engranaje,0.8000000000
3.4170000000,-0.0027851848,-0.6058143998,falla_engranaje,0.8000000000
3.4175000000,-0.0030185437,-0.5862471191,falla_engranaje,0.8000000000
3.4180000000,-0.0029288610,-0.6036022981,falla_engranaje,0.8000000000
3.4185000000,-0.0029518385,-0.6005117813,falla_engranaje,0.8000000000
3.4190000000,-0.0028111389,-0.6128150880,falla_engranaje,0.8000000000
3.4195000000,-0.0029640212,-0.6017361893,falla_engranaje,0.8000000000
3.4200000000,-0.0029108715,-0.6104482327,falla_engranaje,0.8000000000
3.4205000000,-0.0029071974,-0.6191130372,falla_engranaje,0.8000000000
3.4210000000,-0.0029497195,-0.6165735798,falla_engranaje,0.8000000000
3.4215000000,-0.0029008711,-0.6013527194,falla_engranaje,0.8000000000
3.4220000000,-0.0027310942,-0.5837714864,falla_engranaje,0.8000000000
3.4225000000,-0.0028805154,-0.5762424114,falla_engranaje,0.8000000000
3.4230000000,-0.0028247584,-0.5988734925,falla_engranaje,0.8000000000
3.4235000000,-0.0027624980,-0.6000083294,falla_engranaje,0.8000000000
3.4240000000,-0.0028871998,-0.6036847226,falla_engranaje,0.8000000000
3.4245000000,-0.0029321983,-0.5782146135,falla_engranaje,0.8000000000
3.4250000000,-0.0028113329,-0.6145575904,falla_engranaje,0.8000000000
3.4255000000,-0.0028526470,-0.5975420196,falla_engranaje,0.8000000000
3.4260000000,-0.0029042616,-0.5977580362,falla_engranaje,0.8000000000
3.4265000000,-0.0028457661,-0.6016681833,falla_engranaje,0.8000000000
3.4270000000,-0.0028788177,-0.6038406489,falla_engranaje,0.8000000000
3.4275000000,-0.0028751749,-0.6050664456,falla_engranaje,0.8000000000
3.4280000000,-0.0028241447,-0.6022543021,falla_engranaje,0.8000000000
3.4285000000,-0.0027794431,-0.6235258531,falla_engranaje,0.8000000000
3.4290000000,-0.0029241723,-0.6052673828,falla_engranaje,0.8000000000
3.4295000000,-0.0028500615,-0.6116194965,falla_engranaje,0.8000000000
3.4300000000,-0.0027777418,-0.6148740544,falla_engranaje,0.8000000000
3.4305000000,-0.0027644398,-0.5997037304,falla_engranaje,0.8000000000
3.4310000000,-0.0027229457,-0.6040268400,falla_engranaje,0.8000000000
3.4315000000,-0.0028067865,-0.6043120621,falla_engranaje,0.8000000000
3.4320000000,-0.0027256041,-0.6274271537,falla_engranaje,0.8000000000
3.4325000000,-0.0026972949,-0.5904723271,falla_engranaje,0.8000000000
3.4330000000,-0.0026782151,-0.5988347913,falla_engranaje,0.8000000000
3.4335000000,-0.0027465507,-0.6058308038,falla_engranaje,0.8000000000
3.4340000000,-0.0027011354,-0.5996618959,falla_engranaje,0.8000000000
3.4345000000,-0.0027590168,-0.6248707497,falla_engranaje,0.8000000000
3.4350000000,-0.0026370606,-0.6112384166,falla_engranaje,0.8000000000
3.4355000000,-0.0026455823,-0.6143358446,falla_engranaje,0.8000000000
3.4360000000,-0.0026916407,-0.6163999487,falla_engranaje,0.8000000000
3.4365000000,-0.0027029699,-0.6097249253,falla_engranaje,0.8000000000
3.4370000000,-0.0025790104,-0.6154940224,falla_engranaje,0.8000000000
3.4375000000,-0.0027199725,-0.6190788072,falla_engranaje,0.8000000000
3.4380000000,-0.0025897757,-0.6344902173,falla_engranaje,0.8000000000
3.4385000000,-0.0027053433,-0.6349952150,falla_engranaje,0.8000000000
3.4390000000,-0.0026476924,-0.6157295051,falla_engranaje,0.8000000000
3.4395000000,-0.0026858548,-0.6220359135,falla_engranaje,0.8000000000
3.4400000000,-0.0027580600,-0.6192825960,falla_engranaje,0.8000000000
3.4405000000,-0.0025499126,-0.5981877651,falla_engranaje,0.8000000000
3.4410000000,-0.0026203048,-0.6180584048,falla_engranaje,0.8000000000
3.4415000000,-0.0026040073,-0.6195972688,falla_engranaje,0.8000000000
3.4420000000,-0.0026830503,-0.6374422284,falla_engranaje,0.8000000000
3.4425000000,-0.0025846558,-0.6148588703,falla_engranaje,0.8000000000
3.4430000000,-0.0025673195,-0.6078266664,falla_engranaje,0.8000000000
3.4435000000,-0.0027243546,-0.6094329457,falla_engranaje,0.8000000000
3.4440000000,-0.0026698838,-0.6204192081,falla_engranaje,0.8000000000
3.4445000000,-0.0026634437,-0.6110513207,falla_engranaje,0.8000000000
3.4450000000,-0.0025669112,-0.6230814273,falla_engranaje,0.8000000000
3.4455000000,-0.0026230862,-0.6385408736,falla_engranaje,0.8000000000
3.4460000000,-0.0026148129,-0.6214045633,falla_engranaje,0.8000000000
3.4465000000,-0.0025532551,-0.6202346237,falla_engranaje,0.8000000000
3.4470000000,-0.0026558990,-0.6026047465,falla_engranaje,0.8000000000
3.4475000000,-0.0025227853,-0.6318973228,falla_engranaje,0.8000000000
3.4480000000,-0.0025737831,-0.6311470061,falla_engranaje,0.8000000000
3.4485000000,-0.0025977934,-0.6218556018,falla_engranaje,0.8000000000
3.4490000000,-0.0025395500,-0.6198298268,falla_engranaje,0.8000000000
3.4495000000,-0.0024919976,-0.6257232371,falla_engranaje,0.8000000000
3.4500000000,-0.0024553333,-0.6152694744,falla_engranaje,0.8000000000
3.4505000000,-0.0026645822,-0.6342787613,falla_engranaje,0.8000000000
3.4510000000,-0.0025831723,-0.6164549636,falla_engranaje,0.8000000000
3.4515000000,-0.0026785778,-0.6300455058,falla_engranaje,0.8000000000
3.4520000000,-0.0025199629,-0.6378198149,falla_engranaje,0.8000000000
3.4525000000,-0.0025795187,-0.6454575949,falla_engranaje,0.8000000000
3.4530000000,-0.0025112027,-0.6321862561,falla_engranaje,0.8000000000
3.4535000000,-0.0025785070,-0.6342468889,falla_engranaje,0.8000000000
3.4540000000,-0.0025149534,-0.6230596718,falla_engranaje,0.8000000000
3.4545000000,-0.0024237917,-0.6299598153,falla_engranaje,0.8000000000
3.4550000000,-0.0024541805,-0.6360348175,falla_engranaje,0.8000000000
3.4555000000,-0.0024157609,-0.6322976407,falla_engranaje,0.8000000000
3.4560000000,-0.0025323992,-0.6397655366,falla_engranaje,0.8000000000
3.4565000000,-0.0025383587,-0.6331402971,falla_engranaje,0.8000000000
3.4570000000,-0.0023948074,-0.6303385921,falla_engranaje,0.8000000000
3.4575000000,-0.0024829163,-0.6347187470,falla_engranaje,0.8000000000
3.4580000000,-0.0025169297,-0.6458728006,falla_engranaje,0.8000000000
3.4585000000,-0.0026075619,-0.6359435972,falla_engranaje,0.8000000000
3.4590000000,-0.0026004760,-0.6329154724,falla_engranaje,0.8000000000
3.4595000000,-0.0024396462,-0.6314254065,falla_engranaje,0.8000000000
3.4600000000,-0.0024618196,-0.6308930543,falla_engranaje,0.8000000000
3.4605000000,-0.0023790356,-0.6229376116,falla_engranaje,0.8000000000
3.4610000000,-0.0024315303,-0.6328501156,falla_engranaje,0.8000000000
3.4615000000,-0.0024087679,-0.6396730419,falla_engranaje,0.8000000000
3.4620000000,-0.0023976049,-0.6418644100,falla_engranaje,0.8000000000
3.4625000000,-0.0023773176,-0.6473060167,falla_engranaje,0.8000000000
3.4630000000,-0.0023647059,-0.6402520046,falla_engranaje,0.8000000000
3.4635000000,-0.0023685257,-0.6383678330,falla_engranaje,0.8000000000
3.4640000000,-0.0024835827,-0.6447430386,falla_engranaje,0.8000000000
3.4645000000,-0.0024101802,-0.6362450808,falla_engranaje,0.8000000000
3.4650000000,-0.0023861813,-0.6373253875,falla_engranaje,0.8000000000
3.4655000000,-0.0023771189,-0.6495749220,falla_engranaje,0.8000000000
3.4660000000,-0.0023117622,-0.6432270631,falla_engranaje,0.8000000000
3.4665000000,-0.0022683626,-0.6200461083,falla_engranaje,0.8000000000
3.4670000000,-0.0023518932,-0.6230112194,falla_engranaje,0.8000000000
3.4675000000,-0.0024536287,-0.6430906472,falla_engranaje,0.8000000000
3.4680000000,-0.0023785619,-0.6398693831,falla_engranaje,0.8000000000
3.4685000000,-0.0022494705,-0.6562965258,falla_engranaje,0.8000000000
3.4690000000,-0.0023258051,-0.6456492278,falla_engranaje,0.8000000000
3.4695000000,-0.0023765350,-0.6509129552,falla_engranaje,0.8000000000
3.4700000000,-0.0023908449,-0.6580228859,falla_engranaje,0.8000000000
3.4705000000,-0.0022778760,-0.6548621534,falla_engranaje,0.8000000000
3.4710000000,-0.0024389291,-0.6530539889,falla_engranaje,0.8000000000
3.4715000000,-0.0023022427,-0.6353453888,falla_engranaje,0.8000000000
3.4720000000,-0.0023121523,-0.6412081305,falla_engranaje,0.8000000000
3.4725000000,-0.0022946544,-0.6631880744,falla_engranaje,0.8000000000
3.4730000000,-0.0022834567,-0.6429981959,falla_engranaje,0.8000000000
3.4735000000,-0.0022677181,-0.6471780905,falla_engranaje,0.8000000000
3.4740000000,-0.0023279809,-0.6488387613,falla_engranaje,0.8000000000
3.4745000000,-0.0021739866,-0.6504447724,falla_engranaje,0.8000000000
3.4750000000,-0.0022995635,-0.6488378943,falla_engranaje,0.8000000000
3.4755000000,-0.0022946588,-0.6416088811,falla_engranaje,0.8000000000
3.4760000000,-0.0022953564,-0.6365528896,falla_engranaje,0.8000000000
3.4765000000,-0.0022445247,-0.6631565032,falla_engranaje,0.8000000000
3.4770000000,-0.0023081882,-0.6507678713,falla_engranaje,0.8000000000
3.4775000000,-0.0022455088,-0.6496242382,falla_engranaje,0.8000000000
3.4780000000,-0.0021306429,-0.6431920994,falla_engranaje,0.8000000000
3.4785000000,-0.0022896674,-0.6392853681,falla_engranaje,0.8000000000
3.4790000000,-0.0021197405,-0.6565463732,falla_engranaje,0.8000000000
3.4795000000,-0.0023022424,-0.6604495780,falla_engranaje,0.8000000000
3.4800000000,-0.0022279369,-0.6527785630,falla_engranaje,0.8000000000
3.4805000000,-0.0021532657,-0.6552967448,falla_engranaje,0.8000000000
3.4810000000,-0.0021656381,-0.6664332849,falla_engranaje,0.8000000000
3.4815000000,-0.0021383779,-0.6446819516,falla_engranaje,0.8000000000
3.4820000000,-0.0021483225,-0.6616838285,falla_engranaje,0.8000000000
3.4825000000,-0.0022690542,-0.6676665783,falla_engranaje,0.8000000000
3.4830000000,-0.0022398815,-0.6639081942,falla_engranaje,0.8000000000
3.4835000000,-0.0021365746,-0.6403238307,falla_engranaje,0.8000000000
3.4840000000,-0.0021473099,-0.6656165347,falla_engranaje,0.8000000000
3.4845000000,-0.0021102924,-0.6708083804,falla_engranaje,0.8000000000
3.4850000000,-0.0022285376,-0.6808265537,falla_engranaje,0.8000000000
3.4855000000,-0.0021258676,-0.6801373870,falla_engranaje,0.8000000000
3.4860000000,-0.0022810786,-0.6747895128,falla_engranaje,0.8000000000
3.4865000000,-0.0020696058,-0.6684853592,falla_engranaje,0.8000000000
3.4870000000,-0.0021005171,-0.6761529916,falla_engranaje,0.8000000000
3.4875000000,-0.0021352293,-0.6795727808,falla_engranaje,0.8000000000
3.4880000000,-0.0021127141,-0.6774134452,falla_engranaje,0.8000000000
3.4885000000,-0.0021897793,-0.6648728972,falla_engranaje,0.8000000000
3.4890000000,-0.0021980589,-0.6755089278,falla_engranaje,0.8000000000
3.4895000000,-0.0021181653,-0.6626675483,falla_engranaje,0.8000000000
3.4900000000,-0.0021600355,-0.6694438254,falla_engranaje,0.8000000000
3.4905000000,-0.0020999027,-0.6736952175,falla_engranaje,0.8000000000
3.4910000000,-0.0020627147,-0.6567839327,falla_engranaje,0.8000000000
3.4915000000,-0.0021421011,-0.6706186207,falla_engranaje,0.8000000000
3.4920000000,-0.0020700865,-0.6841344686,falla_engranaje,0.8000000000
3.4925000000,-0.0020391086,-0.6629058520,falla_engranaje,0.8000000000
3.4930000000,-0.0020349759,-0.6802198845,falla_engranaje,0.8000000000
3.4935000000,-0.0020644283,-0.6635201789,falla_engranaje,0.8000000000
3.4940000000,-0.0021584657,-0.6787211199,falla_engranaje,0.8000000000
3.4945000000,-0.0019500955,-0.6735427669,falla_engranaje,0.8000000000
3.4950000000,-0.0019990535,-0.6790944578,falla_engranaje,0.8000000000
3.4955000000,-0.0020754341,-0.6886309031,falla_engranaje,0.8000000000
3.4960000000,-0.0021062498,-0.6816346619,falla_engranaje,0.8000000000
3.4965000000,-0.0020939921,-0.6857092952,falla_engranaje,0.8000000000
3.4970000000,-0.0021062546,-0.6862918229,falla_engranaje,0.8000000000
3.4975000000,-0.0020689240,-0.6848461819,falla_engranaje,0.8000000000
3.4980000000,-0.0020143844,-0.6955986517,falla_engranaje,0.8000000000
3.4985000000,-0.0020078812,-0.6719096064,falla_engranaje,0.8000000000
3.4990000000,-0.0020635973,-0.6755489130,falla_engranaje,0.8000000000
3.4995000000,-0.0020363087,-0.6708388334,falla_engranaje,0.8000000000
3.5000000000,-0.0019929137,-0.6902875706,falla_engranaje,0.8000000000
3.5005000000,-0.0019294681,-0.6928431864,falla_engranaje,0.8000000000
3.5010000000,-0.0021065136,-0.6909600301,falla_engranaje,0.8000000000
3.5015000000,-0.0022532740,-0.6778914711,falla_engranaje,0.8000000000
3.5020000000,-0.0020054741,-0.7003973435,falla_engranaje,0.8000000000
3.5025000000,-0.0020548592,-0.6819586312,falla_engranaje,0.8000000000
3.5030000000,-0.0020430125,-0.6938492689,falla_engranaje,0.8000000000
3.5035000000,-0.0020457249,-0.6993560717,falla_engranaje,0.8000000000
3.5040000000,-0.0021415694,-0.6816655555,falla_engranaje,0.8000000000
3.5045000000,-0.0019274389,-0.6938593728,falla_engranaje,0.8000000000
3.5050000000,-0.0019825948,-0.7026556643,falla_engranaje,0.8000000000
3.5055000000,-0.0019993979,-0.6919366328,falla_engranaje,0.8000000000
3.5060000000,-0.0021216945,-0.6961516515,falla_engranaje,0.8000000000
3.5065000000,-0.0021224139,-0.6983719059,falla_engranaje,0.8000000000
3.5070000000,-0.0018815826,-0.6973818641,falla_engranaje,0.8000000000
3.5075000000,-0.0019995656,-0.6988478520,falla_engranaje,0.8000000000
3.5080000000,-0.0021126797,-0.6924458736,falla_engranaje,0.8000000000
3.5085000000,-0.0020356394,-0.7075625232,falla_engranaje,0.8000000000
3.5090000000,-0.0020203028,-0.6977317612,falla_engranaje,0.8000000000
3.5095000000,-0.0019373636,-0.7100267555,falla_engranaje,0.8000000000
3.5100000000,-0.0018890023,-0.6956231533,falla_engranaje,0.8000000000
3.5105000000,-0.0018933764,-0.7091707057,falla_engranaje,0.8000000000
3.5110000000,-0.0019655125,-0.7244506855,falla_engranaje,0.8000000000
3.5115000000,-0.0020099839,-0.7132305322,falla_engranaje,0.8000000000
3.5120000000,-0.0020493512,-0.6973662349,falla_engranaje,0.8000000000
3.5125000000,-0.0020092326,-0.7106040165,falla_engranaje,0.8000000000
3.5130000000,-0.0019430116,-0.7230390364,falla_engranaje,0.8000000000
3.5135000000,-0.0019585104,-0.7103681328,falla_engranaje,0.8000000000
3.5140000000,-0.0019295860,-0.7284257432,falla_engranaje,0.8000000000
3.5145000000,-0.0020691951,-0.7301535847,falla_engranaje,0.8000000000
3.5150000000,-0.0020880517,-0.7073804246,falla_engranaje,0.8000000000
3.5155000000,-0.0018752286,-0.7263014065,falla_engranaje,0.8000000000
3.5160000000,-0.0020553518,-0.7326633099,falla_engranaje,0.8000000000
3.5165000000,-0.0020694465,-0.7303455369,falla_engranaje,0.8000000000
3.5170000000,-0.0019447638,-0.7189790675,falla_engranaje,0.8000000000
3.5175000000,-0.0018879359,-0.7282955313,falla_engranaje,0.8000000000
3.5180000000,-0.0018915527,-0.7196087427,falla_engranaje,0.8000000000
3.5185000000,-0.0019700070,-0.7229272164,falla_engranaje,0.8000000000
3.5190000000,-0.0018745037,-0.7282161486,falla_engranaje,0.8000000000
3.5195000000,-0.0019340267,-0.7432286975,falla_engranaje,0.8000000000
3.5200000000,-0.0019081206,-0.7197952795,falla_engranaje,0.8000000000
3.5205000000,-0.0018094661,-0.7290914089,falla_engranaje,0.8000000000
3.5210000000,-0.0019685379,-0.7276819571,falla_engranaje,0.8000000000
3.5215000000,-0.0018460448,-0.6996266221,falla_engranaje,0.8000000000
3.5220000000,-0.0019443769,-0.7343633362,falla_engranaje,0.8000000000
3.5225000000,-0.0020725358,-0.7232158191,falla_engranaje,0.8000000000
3.5230000000,-0.0019423806,-0.7403377067,falla_engranaje,0.8000000000
3.5235000000,-0.0018947811,-0.7328168350,falla_engranaje,0.8000000000
3.5240000000,-0.0018604766,-0.7267327568,falla_engranaje,0.8000000000
3.5245000000,-0.0019403125,-0.7427176179,falla_engranaje,0.8000000000
3.5250000000,-0.0020793890,-0.7388706591,falla_engranaje,0.8000000000
3.5255000000,-0.0019559901,-0.7556689084,falla_engranaje,0.8000000000
3.5260000000,-0.0020628673,-0.7500152710,falla_engranaje,0.8000000000
3.5265000000,-0.0019400374,-0.7421763708,falla_engranaje,0.8000000000
3.5270000000,-0.0019944035,-0.7620200879,falla_engranaje,0.8000000000
3.5275000000,-0.0019047348,-0.7342511317,falla_engranaje,0.8000000000
3.5280000000,-0.0017636772,-0.7355358160,falla_engranaje,0.8000000000
3.5285000000,-0.0019383419,-0.7613554267,falla_engranaje,0.8000000000
3.5290000000,-0.0020364522,-0.7365111134,falla_engranaje,0.8000000000
3.5295000000,-0.0018905069,-0.7431963718,falla_engranaje,0.8000000000
3.5300000000,-0.0019951314,-0.7658935187,falla_engranaje,0.8000000000
3.5305000000,-0.0020212814,-0.7532421820,falla_engranaje,0.8000000000
3.5310000000,-0.0020101546,-0.7540110952,falla_engranaje,0.8000000000
3.5315000000,-0.0019717113,-0.7565994160,falla_engranaje,0.8000000000
3.5320000000,-0.0020455570,-0.7403459020,falla_engranaje,0.8000000000
3.5325000000,-0.0020220990,-0.7399447644,falla_engranaje,0.8000000000
3.5330000000,-0.0019602311,-0.7505481801,falla_engranaje,0.8000000000
3.5335000000,-0.0018822097,-0.7703619521,falla_engranaje,0.8000000000
3.5340000000,-0.0021243042,-0.7756367860,falla_engranaje,0.8000000000
3.5345000000,-0.0018505866,-0.7628804277,falla_engranaje,0.8000000000
3.5350000000,-0.0019601617,-0.7558453175,falla_engranaje,0.8000000000
3.5355000000,-0.0019577807,-0.7634053615,falla_engranaje,0.8000000000
3.5360000000,-0.0020912016,-0.7748367677,falla_engranaje,0.8000000000
3.5365000000,-0.0019160882,-0.7419049055,falla_engranaje,0.8000000000
3.5370000000,-0.0020215841,-0.7698575340,falla_engranaje,0.8000000000
3.5375000000,-0.0019992066,-0.7675661763,falla_engranaje,0.8000000000
3.5380000000,-0.0020203241,-0.7606976007,falla_engranaje,0.8000000000
3.5385000000,-0.0019855625,-0.7729111928,falla_engranaje,0.8000000000
3.5390000000,-0.0020496881,-0.7607206346,falla_engranaje,0.8000000000
3.5395000000,-0.0019365842,-0.7738045784,falla_engranaje,0.8000000000
3.5400000000,-0.0019884659,-0.7699472085,falla_engranaje,0.8000000000
3.5405000000,-0.0019448613,-0.7673595839,falla_engranaje,0.8000000000
3.5410000000,-0.0020209968,-0.7892500754,falla_engranaje,0.8000000000
3.5415000000,-0.0020080582,-0.7611630277,falla_engranaje,0.8000000000
3.5420000000,-0.0019386801,-0.7773228720,falla_engranaje,0.8000000000
3.5425000000,-0.0020121832,-0.7710035181,falla_engranaje,0.8000000000
3.5430000000,-0.0019055760,-0.7779428088,falla_engranaje,0.8000000000
3.5435000000,-0.0020560819,-0.7851055704,falla_engranaje,0.8000000000
3.5440000000,-0.0020492946,-0.7745218802,falla_engranaje,0.8000000000
3.5445000000,-0.0019221196,-0.7837231607,falla_engranaje,0.8000000000
3.5450000000,-0.0020268522,-0.7845605695,falla_engranaje,0.8000000000
3.5455000000,-0.0020147084,-0.7900893289,falla_engranaje,0.8000000000
3.5460000000,-0.0020440299,-0.7954611028,falla_engranaje,0.8000000000
3.5465000000,-0.0020382510,-0.7734446562,falla_engranaje,0.8000000000
3.5470000000,-0.0020187030,-0.7816034481,falla_engranaje,0.8000000000
3.5475000000,-0.0019242064,-0.7913422155,falla_engranaje,0.8000000000
3.5480000000,-0.0020133957,-0.7819522690,falla_engranaje,0.8000000000
3.5485000000,-0.0019858432,-0.8016519037,falla_engranaje,0.8000000000
3.5490000000,-0.0020016162,-0.8084277047,falla_engranaje,0.8000000000
3.5495000000,-0.0020497120,-0.8012026714,falla_engranaje,0.8000000000
3.5500000000,-0.0020264676,-0.7835208093,falla_engranaje,0.8000000000
3.5505000000,-0.0019449933,-0.7764061436,falla_engranaje,0.8000000000
3.5510000000,-0.0019064910,-0.8074616783,falla_engranaje,0.8000000000
3.5515000000,-0.0019626017,-0.7962679851,falla_engranaje,0.8000000000
3.5520000000,-0.0020263926,-0.7941957919,falla_engranaje,0.8000000000
3.5525000000,-0.0020448084,-0.8152868407,falla_engranaje,0.8000000000
3.5530000000,-0.0020092113,-0.8166331849,falla_engranaje,0.8000000000
3.5535000000,-0.0019496931,-0.7956552310,falla_engranaje,0.8000000000
3.5540000000,-0.0021122315,-0.8195652300,falla_engranaje,0.8000000000
3.5545000000,-0.0020472852,-0.8026762425,falla_engranaje,0.8000000000
3.5550000000,-0.0021107211,-0.8265004900,falla_engranaje,0.8000000000
3.5555000000,-0.0020844808,-0.8156801178,falla_engranaje,0.8000000000
3.5560000000,-0.0021329592,-0.8180939880,falla_engranaje,0.8000000000
3.5565000000,-0.0020660438,-0.8120420435,falla_engranaje,0.8000000000
3.5570000000,-0.0019905168,-0.8054995315,falla_engranaje,0.8000000000
3.5575000000,-0.0020437021,-0.8412881336,falla_engranaje,0.8000000000
3.5580000000,-0.0021748620,-0.8091652053,falla_engranaje,0.8000000000
3.5585000000,-0.0019809104,-0.8196539185,falla_engranaje,0.8000000000
3.5590000000,-0.0020267292,-0.8288454870,falla_engranaje,0.8000000000
3.5595000000,-0.0020936544,-0.8241816165,falla_engranaje,0.8000000000
3.5600000000,-0.0021235514,-0.8324430760,falla_engranaje,0.8000000000
3.5605000000,-0.0021477355,-0.8342509126,falla_engranaje,0.8000000000
3.5610000000,-0.0021902521,-0.8291423191,falla_engranaje,0.8000000000
3.5615000000,-0.0021359439,-0.8552332986,falla_engranaje,0.8000000000
3.5620000000,-0.0020934223,-0.8318146768,falla_engranaje,0.8000000000
3.5625000000,-0.0022145992,-0.8285378248,falla_engranaje,0.8000000000
3.5630000000,-0.0021215136,-0.8470356994,falla_engranaje,0.8000000000
3.5635000000,-0.0020950018,-0.8363272813,falla_engranaje,0.8000000000
3.5640000000,-0.0021012389,-0.8362268875,falla_engranaje,0.8000000000
3.5645000000,-0.0022239196,-0.8359833900,falla_engranaje,0.8000000000
3.5650000000,-0.0021538564,-0.8427822409,falla_engranaje,0.8000000000
3.5655000000,-0.0021771599,-0.8509570715,falla_engranaje,0.8000000000
3.5660000000,-0.0019700788,-0.8286397186,falla_engranaje,0.8000000000
3.5665000000,-0.0020863741,-0.8392751065,falla_engranaje,0.8000000000
3.5670000000,-0.0020632268,-0.8616899170,falla_engranaje,0.8000000000
3.5675000000,-0.0021261829,-0.8572893460,falla_engranaje,0.8000000000
3.5680000000,-0.0022016894,-0.8465011065,falla_engranaje,0.8000000000
3.5685000000,-0.0021553855,-0.8730842095,falla_engranaje,0.8000000000
3.5690000000,-0.0021997435,-0.8512344320,falla_engranaje,0.8000000000
3.5695000000,-0.0021444732,-0.8589110472,falla_engranaje,0.8000000000
3.5700000000,-0.0022645155,-0.8633831418,falla_engranaje,0.8000000000
3.5705000000,-0.0020564212,-0.8673534131,falla_engranaje,0.8000000000
3.5710000000,-0.0022138165,-0.8555821449,falla_engranaje,0.8000000000
3.5715000000,-0.0022096775,-0.8440134340,falla_engranaje,0.8000000000
3.5720000000,-0.0022157183,-0.8624159952,falla_engranaje,0.8000000000
3.5725000000,-0.0022412190,-0.8505993732,falla_engranaje,0.8000000000
3.5730000000,-0.0021869970,-0.8591278530,falla_engranaje,0.8000000000
3.5735000000,-0.0021265077,-0.8639395052,falla_engranaje,0.8000000000
3.5740000000,-0.0021966517,-0.8715255360,falla_engranaje,0.8000000000
3.5745000000,-0.0021905787,-0.8825925986,falla_engranaje,0.8000000000
3.5750000000,-0.0020736598,-0.8602724484,falla_engranaje,0.8000000000
3.5755000000,-0.0023591947,-0.8838732042,falla_engranaje,0.8000000000
3.5760000000,-0.0022445587,-0.8874321695,falla_engranaje,0.8000000000
3.5765000000,-0.0024937099,-0.8881723422,falla_engranaje,0.8000000000
3.5770000000,-0.0022402160,-0.8813186066,falla_engranaje,0.8000000000
3.5775000000,-0.0023289570,-0.8902301664,falla_engranaje,0.8000000000
3.5780000000,-0.0024329437,-0.8884228196,falla_engranaje,0.8000000000
3.5785000000,-0.0022089180,-0.8906678237,falla_engranaje,0.8000000000
3.5790000000,-0.0022897931,-0.8833427954,falla_engranaje,0.8000000000
3.5795000000,-0.0022657320,-0.8953709636,falla_engranaje,0.8000000000
3.5800000000,-0.0023862179,-0.8920704210,falla_engranaje,0.8000000000
3.5805000000,-0.0023056428,-0.8954538498,falla_engranaje,0.8000000000
3.5810000000,-0.0022602531,-0.8829972079,falla_engranaje,0.8000000000
3.5815000000,-0.0023113335,-0.9111322260,falla_engranaje,0.8000000000
3.5820000000,-0.0023244664,-0.8916375437,falla_engranaje,0.8000000000
3.5825000000,-0.0022946750,-0.9158114535,falla_engranaje,0.8000000000
3.5830000000,-0.0024353640,-0.8886634281,falla_engranaje,0.8000000000
3.5835000000,-0.0023510028,-0.9056407315,falla_engranaje,0.8000000000
3.5840000000,-0.0022691031,-0.9047700407,falla_engranaje,0.8000000000
3.5845000000,-0.0023966093,-0.8988357924,falla_engranaje,0.8000000000
3.5850000000,-0.0023161585,-0.9023653564,falla_engranaje,0.8000000000
3.5855000000,-0.0023191882,-0.9162734866,falla_engranaje,0.8000000000
3.5860000000,-0.0025065802,-0.9076876815,falla_engranaje,0.8000000000
3.5865000000,-0.0024235492,-0.9117544358,falla_engranaje,0.8000000000
3.5870000000,-0.0024509770,-0.9273293799,falla_engranaje,0.8000000000
3.5875000000,-0.0025288756,-0.9306788065,falla_engranaje,0.8000000000
3.5880000000,-0.0025401847,-0.9340708385,falla_engranaje,0.8000000000
3.5885000000,-0.0024308196,-0.9302181841,falla_engranaje,0.8000000000
3.5890000000,-0.0023982471,-0.9285851076,falla_engranaje,0.8000000000
3.5895000000,-0.0024470740,-0.9397332194,falla_engranaje,0.8000000000
3.5900000000,-0.0025233739,-0.9229952620,falla_engranaje,0.8000000000
3.5905000000,-0.0025525931,-0.9101378609,falla_engranaje,0.8000000000
3.5910000000,-0.0024919896,-0.9496244969,falla_engranaje,0.8000000000
3.5915000000,-0.0024952800,-0.9295856094,falla_engranaje,0.8000000000
3.5920000000,-0.0025975691,-0.9432386450,falla_engranaje,0.8000000000
3.5925000000,-0.0024896228,-0.9298853112,falla_engranaje,0.8000000000
3.5930000000,-0.0025510386,-0.9420798774,falla_engranaje,0.8000000000
3.5935000000,-0.0025748338,-0.9224261481,falla_engranaje,0.8000000000
3.5940000000,-0.0025921721,-0.9567354012,falla_engranaje,0.8000000000
3.5945000000,-0.0025919241,-0.9442183775,falla_engranaje,0.8000000000
3.5950000000,-0.0025380489,-0.9514754831,falla_engranaje,0.8000000000
3.5955000000,-0.0025841520,-0.9551738041,falla_engranaje,0.8000000000
3.5960000000,-0.0026260132,-0.9474879393,falla_engranaje,0.8000000000
3.5965000000,-0.0025947854,-0.9610567779,falla_engranaje,0.8000000000
3.5970000000,-0.0026692185,-0.9708448158,falla_engranaje,0.8000000000
3.5975000000,-0.0026594982,-0.9505680800,falla_engranaje,0.8000000000
3.5980000000,-0.0025939147,-0.9443670770,falla_engranaje,0.8000000000
3.5985000000,-0.0025941152,-0.9644069085,falla_engranaje,0.8000000000
3.5990000000,-0.0026672139,-0.9713351662,falla_engranaje,0.8000000000
3.5995000000,-0.0026892484,-0.9623349766,falla_engranaje,0.8000000000
3.6000000000,-0.0027555615,-0.9728484883,falla_engranaje,0.8000000000
3.6005000000,-0.0027413730,-0.9759965480,falla_engranaje,0.8000000000
3.6010000000,-0.0026184763,-0.9587266176,falla_engranaje,0.8000000000
3.6015000000,-0.0026892231,-0.9820372214,falla_engranaje,0.8000000000
3.6020000000,-0.0027364141,-0.9730026572,falla_engranaje,0.8000000000
3.6025000000,-0.0027464906,-0.9737023852,falla_engranaje,0.8000000000
3.6030000000,-0.0027574462,-0.9772562904,falla_engranaje,0.8000000000
3.6035000000,-0.0027220883,-0.9692726648,falla_engranaje,0.8000000000
3.6040000000,-0.0027026935,-0.9719725831,falla_engranaje,0.8000000000
3.6045000000,-0.0027607042,-0.9879777027,falla_engranaje,0.8000000000
3.6050000000,-0.0027456765,-0.9957683315,falla_engranaje,0.8000000000
3.6055000000,-0.0026424224,-0.9794452844,falla_engranaje,0.8000000000
3.6060000000,-0.0028952139,-1.0017735322,falla_engranaje,0.8000000000
3.6065000000,-0.0029385310,-0.9864055617,falla_engranaje,0.8000000000
3.6070000000,-0.0028429229,-1.0085752854,falla_engranaje,0.8000000000
3.6075000000,-0.0027201942,-1.0109345678,falla_engranaje,0.8000000000
3.6080000000,-0.0029684215,-0.9953919059,falla_engranaje,0.8000000000
3.6085000000,-0.0028603384,-1.0161750831,falla_engranaje,0.8000000000
3.6090000000,-0.0028925983,-0.9973334886,falla_engranaje,0.8000000000
3.6095000000,-0.0028609423,-1.0053676453,falla_engranaje,0.8000000000
3.6100000000,-0.0028636423,-1.0180532213,falla_engranaje,0.8000000000
3.6105000000,-0.0029532224,-1.0253100832,falla_engranaje,0.8000000000
3.6110000000,-0.0028802558,-1.0322880560,falla_engranaje,0.8000000000
3.6115000000,-0.0029568035,-1.0130165003,falla_engranaje,0.8000000000
3.6120000000,-0.0029856016,-1.0044163647,falla_engranaje,0.8000000000
3.6125000000,-0.0028924340,-1.0087282817,falla_engranaje,0.8000000000
3.6130000000,-0.0028601603,-1.0274302643,falla_engranaje,0.8000000000
3.6135000000,-0.0030072220,-1.0189489156,falla_engranaje,0.8000000000
3.6140000000,-0.0030639758,-1.0211785668,falla_engranaje,0.8000000000
3.6145000000,-0.0030372686,-1.0333119629,falla_engranaje,0.8000000000
3.6150000000,-0.0031899452,-1.0367075598,falla_engranaje,0.8000000000
3.6155000000,-0.0030764487,-1.0315332285,falla_engranaje,0.8000000000
3.6160000000,-0.0029877399,-1.0248242787,falla_engranaje,0.8000000000
3.6165000000,-0.0029552866,-1.0436553335,falla_engranaje,0.8000000000
3.6170000000,-0.0030322809,-1.0365922417,falla_engranaje,0.8000000000
3.6175000000,-0.0030793335,-1.0512401769,falla_engranaje,0.8000000000
3.6180000000,-0.0030785558,-1.0470859154,falla_engranaje,0.8000000000
3.6185000000,-0.0030694759,-1.0568252955,falla_engranaje,0.8000000000
3.6190000000,-0.0030946237,-1.0582277496,falla_engranaje,0.8000000000
3.6195000000,-0.0030536087,-1.0448369772,falla_engranaje,0.8000000000
3.6200000000,-0.0031496777,-1.0600280127,falla_engranaje,0.8000000000
3.6205000000,-0.0032001839,-1.0676416702,falla_engranaje,0.8000000000
3.6210000000,-0.0032168488,-1.0523169992,falla_engranaje,0.8000000000
3.6215000000,-0.0031542339,-1.0552743197,falla_engranaje,0.8000000000
3.6220000000,-0.0031962775,-1.0649059649,falla_engranaje,0.8000000000
3.6225000000,-0.0031763899,-1.0539234515,falla_engranaje,0.8000000000
3.6230000000,-0.0031878460,-1.0701940571,falla_engranaje,0.8000000000
3.6235000000,-0.0031687631,-1.0651094113,falla_engranaje,0.8000000000
3.6240000000,-0.0032573961,-1.0779075340,falla_engranaje,0.8000000000
3.6245000000,-0.0032723593,-1.0636370732,falla_engranaje,0.8000000000
3.6250000000,-0.0032939578,-1.0767299853,falla_engranaje,0.8000000000
3.6255000000,-0.0033416600,-1.0668509553,falla_engranaje,0.8000000000
3.6260000000,-0.0033563169,-1.0910347817,falla_engranaje,0.8000000000
3.6265000000,-0.0033330818,-1.0844047281,falla_engranaje,0.8000000000
3.6270000000,-0.0032466883,-1.0775696586,falla_engranaje,0.8000000000
3.6275000000,-0.0033575278,-1.0818127472,falla_engranaje,0.8000000000
3.6280000000,-0.0033023722,-1.0760024141,falla_engranaje,0.8000000000
3.6285000000,-0.0033991960,-1.0731755157,falla_engranaje,0.8000000000
3.6290000000,-0.0034568406,-1.0918164217,falla_engranaje,0.8000000000
3.6295000000,-0.0033100085,-1.1106869591,falla_engranaje,0.8000000000
3.6300000000,-0.0033852285,-1.0896247710,falla_engranaje,0.8000000000
3.6305000000,-0.0033835971,-1.0747253627,falla_engranaje,0.8000000000
3.6310000000,-0.0033700917,-1.0930991739,falla_engranaje,0.8000000000
3.6315000000,-0.0033827880,-1.0890054788,falla_engranaje,0.8000000000
3.6320000000,-0.0034290894,-1.1225924085,falla_engranaje,0.8000000000
3.6325000000,-0.0034401696,-1.1068414111,falla_engranaje,0.8000000000
3.6330000000,-0.0033685856,-1.1036982409,falla_engranaje,0.8000000000
3.6335000000,-0.0035199454,-1.1080107100,falla_engranaje,0.8000000000
3.6340000000,-0.0036514399,-1.1173650326,falla_engranaje,0.8000000000
3.6345000000,-0.0036554058,-1.1082473771,falla_engranaje,0.8000000000
3.6350000000,-0.0035683832,-1.1143739833,falla_engranaje,0.8000000000
3.6355000000,-0.0035002034,-1.1077717098,falla_engranaje,0.8000000000
3.6360000000,-0.0036610441,-1.1373570480,falla_engranaje,0.8000000000
3.6365000000,-0.0036827044,-1.1245301247,falla_engranaje,0.8000000000
3.6370000000,-0.0036574315,-1.1263187250,falla_engranaje,0.8000000000
3.6375000000,-0.0035509304,-1.1167976758,falla_engranaje,0.8000000000
3.6380000000,-0.0036607838,-1.1411849938,falla_engranaje,0.8000000000
3.6385000000,-0.0036128056,-1.1206776940,falla_engranaje,0.8000000000
3.6390000000,-0.0036610364,-1.1458120755,falla_engranaje,0.8000000000
3.6395000000,-0.0037864462,-1.1236887341,falla_engranaje,0.8000000000
3.6400000000,-0.0037442449,-1.1288136788,falla_engranaje,0.8000000000
3.6405000000,-0.0037932436,-1.1225243193,falla_engranaje,0.8000000000
3.6410000000,-0.0037243035,-1.1287567487,falla_engranaje,0.8000000000
3.6415000000,-0.0037355233,-1.1486677609,falla_engranaje,0.8000000000
3.6420000000,-0.0037885862,-1.1532661026,falla_engranaje,0.8000000000
3.6425000000,-0.0039934799,-1.1572490649,falla_engranaje,0.8000000000
3.6430000000,-0.0038139987,-1.1330804810,falla_engranaje,0.8000000000
3.6435000000,-0.0039596010,-1.1611942126,falla_engranaje,0.8000000000
3.6440000000,-0.0037339422,-1.1512372135,falla_engranaje,0.8000000000
3.6445000000,-0.0038098576,-1.1738505468,falla_engranaje,0.8000000000
3.6450000000,-0.0038699228,-1.1765178433,falla_engranaje,0.8000000000
3.6455000000,-0.0038517013,-1.1738050903,falla_engranaje,0.8000000000
3.6460000000,-0.0038302556,-1.1764541914,falla_engranaje,0.8000000000
3.6465000000,-0.0038711874,-1.1692720441,falla_engranaje,0.8000000000
3.6470000000,-0.0039634884,-1.1515210762,falla_engranaje,0.8000000000
3.6475000000,-0.0038979101,-1.1873682478,falla_engranaje,0.8000000000
3.6480000000,-0.0039609322,-1.1786707798,falla_engranaje,0.8000000000
3.6485000000,-0.0039111700,-1.1761082608,falla_engranaje,0.8000000000
3.6490000000,-0.0039706196,-1.1783759923,falla_engranaje,0.8000000000
3.6495000000,-0.0039276240,-1.1784410660,falla_engranaje,0.8000000000
3.6500000000,-0.0041198548,-1.1804266330,falla_engranaje,0.8000000000
3.6505000000,-0.0040063242,-1.1866034452,falla_engranaje,0.8000000000
3.6510000000,-0.0039256118,-1.1892238807,falla_engranaje,0.8000000000
3.6515000000,-0.0039629598,-1.1748600916,falla_engranaje,0.8000000000
3.6520000000,-0.0040747921,-1.2026752815,falla_engranaje,0.8000000000
3.6525000000,-0.0041229649,-1.1790182072,falla_engranaje,0.8000000000
3.6530000000,-0.0041806819,-1.1803151700,falla_engranaje,0.8000000000
3.6535000000,-0.0041379623,-1.1970349743,falla_engranaje,0.8000000000
3.6540000000,-0.0041342524,-1.2091163233,falla_engranaje,0.8000000000
3.6545000000,-0.0041595228,-1.1974407436,falla_engranaje,0.8000000000
3.6550000000,-0.0042403663,-1.2094144692,falla_engranaje,0.8000000000
3.6555000000,-0.0042047356,-1.2071199087,falla_engranaje,0.8000000000
3.6560000000,-0.0042445483,-1.2099390204,falla_engranaje,0.8000000000
3.6565000000,-0.0042307749,-1.2225607117,falla_engranaje,0.8000000000
3.6570000000,-0.0041182967,-1.2058667275,falla_engranaje,0.8000000000
3.6575000000,-0.0042304218,-1.2218542309,falla_engranaje,0.8000000000
3.6580000000,-0.0043436487,-1.2015091526,falla_engranaje,0.8000000000
3.6585000000,-0.0042663286,-1.2338786629,falla_engranaje,0.8000000000
3.6590000000,-0.0042637111,-1.2338290142,falla_engranaje,0.8000000000
3.6595000000,-0.0042551101,-1.2298478878,falla_engranaje,0.8000000000
3.6600000000,-0.0043144988,-1.2263491721,falla_engranaje,0.8000000000
3.6605000000,-0.0043749864,-1.2447278678,falla_engranaje,0.8000000000
3.6610000000,-0.0044771118,-1.2283699616,falla_engranaje,0.8000000000
3.6615000000,-0.0044502741,-1.2494871168,falla_engranaje,0.8000000000
3.6620000000,-0.0043753520,-1.2258706737,falla_engranaje,0.8000000000
3.6625000000,-0.0043938031,-1.2218646342,falla_engranaje,0.8000000000
3.6630000000,-0.0044639999,-1.2418939024,falla_engranaje,0.8000000000
3.6635000000,-0.0044619820,-1.2406590976,falla_engranaje,0.8000000000
3.6640000000,-0.0044607299,-1.2412330002,falla_engranaje,0.8000000000
3.6645000000,-0.0044043241,-1.2345716321,falla_engranaje,0.8000000000
3.6650000000,-0.0046215568,-1.2618002698,falla_engranaje,0.8000000000
3.6655000000,-0.0045050354,-1.2364702985,falla_engranaje,0.8000000000
3.6660000000,-0.0046064747,-1.2457197199,falla_engranaje,0.8000000000
3.6665000000,-0.0045187405,-1.2709030574,falla_engranaje,0.8000000000
3.6670000000,-0.0045988492,-1.2622943289,falla_engranaje,0.8000000000
3.6675000000,-0.0045955533,-1.2562382247,falla_engranaje,0.8000000000
3.6680000000,-0.0045269810,-1.2576754261,falla_engranaje,0.8000000000
3.6685000000,-0.0046633781,-1.2603417309,falla_engranaje,0.8000000000
3.6690000000,-0.0044696661,-1.2610415017,falla_engranaje,0.8000000000
3.6695000000,-0.0047724804,-1.2785614082,falla_engranaje,0.8000000000
3.6700000000,-0.0046257847,-1.2793624434,falla_engranaje,0.8000000000
3.6705000000,-0.0046262057,-1.2663848460,falla_engranaje,0.8000000000
3.6710000000,-0.0047015949,-1.2822387885,falla_engranaje,0.8000000000
3.6715000000,-0.0046332416,-1.2810324129,falla_engranaje,0.8000000000
3.6720000000,-0.0047954215,-1.2837717226,falla_engranaje,0.8000000000
3.6725000000,-0.0046138530,-1.2874476143,falla_engranaje,0.8000000000
3.6730000000,-0.0048285694,-1.2912693976,falla_engranaje,0.8000000000
3.6735000000,-0.0047723898,-1.3002220968,falla_engranaje,0.8000000000
3.6740000000,-0.0047617445,-1.3060006539,falla_engranaje,0.8000000000
3.6745000000,-0.0048352593,-1.2885165920,falla_engranaje,0.8000000000
3.6750000000,-0.0048163235,-1.3018447332,falla_engranaje,0.8000000000
3.6755000000,-0.0046945149,-1.2953169470,falla_engranaje,0.8000000000
3.6760000000,-0.0048147383,-1.2892954384,falla_engranaje,0.8000000000
3.6765000000,-0.0049273187,-1.3172505602,falla_engranaje,0.8000000000
3.6770000000,-0.0047896721,-1.2969751440,falla_engranaje,0.8000000000
3.6775000000,-0.0050063289,-1.3041830415,falla_engranaje,0.8000000000
3.6780000000,-0.0048424343,-1.3206950634,falla_engranaje,0.8000000000
3.6785000000,-0.0049006632,-1.3187315337,falla_engranaje,0.8000000000
3.6790000000,-0.0050225013,-1.3127490850,falla_engranaje,0.8000000000
3.6795000000,-0.0049185068,-1.3144701016,falla_engranaje,0.8000000000
3.6800000000,-0.0049220969,-1.3351079832,falla_engranaje,0.8000000000
3.6805000000,-0.0048895885,-1.3174692630,falla_engranaje,0.8000000000
3.6810000000,-0.0050239562,-1.3145100081,falla_engranaje,0.8000000000
3.6815000000,-0.0050833242,-1.3294075085,falla_engranaje,0.8000000000
3.6820000000,-0.0052104349,-1.3241879056,falla_engranaje,0.8000000000
3.6825000000,-0.0050371712,-1.3224783721,falla_engranaje,0.8000000000
3.6830000000,-0.0049904941,-1.3337486221,falla_engranaje,0.8000000000
3.6835000000,-0.0050850834,-1.3139050606,falla_engranaje,0.8000000000
3.6840000000,-0.0051272320,-1.3402127119,falla_engranaje,0.8000000000
3.6845000000,-0.0051084461,-1.3333044486,falla_engranaje,0.8000000000
3.6850000000,-0.0051338323,-1.3358348800,falla_engranaje,0.8000000000
3.6855000000,-0.0050840473,-1.3379706632,falla_engranaje,0.8000000000
3.6860000000,-0.0052189331,-1.3421119655,falla_engranaje,0.8000000000
3.6865000000,-0.0051741857,-1.3314259104,falla_engranaje,0.8000000000
3.6870000000,-0.0051841615,-1.3577185314,falla_engranaje,0.8000000000
3.6875000000,-0.0052650390,-1.3567016940,falla_engranaje,0.8000000000
3.6880000000,-0.0051915952,-1.3408383111,falla_engranaje,0.8000000000
3.6885000000,-0.0053022618,-1.3456366135,falla_engranaje,0.8000000000
3.6890000000,-0.0053349008,-1.3490827886,falla_engranaje,0.8000000000
3.6895000000,-0.0053360653,-1.3507986667,falla_engranaje,0.8000000000
3.6900000000,-0.0053978316,-1.3601985872,falla_engranaje,0.8000000000
3.6905000000,-0.0053303492,-1.3531119677,falla_engranaje,0.8000000000
3.6910000000,-0.0052605448,-1.3821040208,falla_engranaje,0.8000000000
3.6915000000,-0.0053209593,-1.3695832185,falla_engranaje,0.8000000000
3.6920000000,-0.0053091831,-1.3480056963,falla_engranaje,0.8000000000
3.6925000000,-0.0054009063,-1.3590000281,falla_engranaje,0.8000000000
3.6930000000,-0.0055319428,-1.3889459838,falla_engranaje,0.8000000000
3.6935000000,-0.0053457713,-1.3688212474,falla_engranaje,0.8000000000
3.6940000000,-0.0054268859,-1.3744384225,falla_engranaje,0.8000000000
3.6945000000,-0.0055486426,-1.3789256727,falla_engranaje,0.8000000000
3.6950000000,-0.0056308349,-1.3773791998,falla_engranaje,0.8000000000
3.6955000000,-0.0055910773,-1.3935992396,falla_engranaje,0.8000000000
3.6960000000,-0.0055265617,-1.3899991480,falla_engranaje,0.8000000000
3.6965000000,-0.0054682504,-1.3782998131,falla_engranaje,0.8000000000
3.6970000000,-0.0056161074,-1.3892989725,falla_engranaje,0.8000000000
3.6975000000,-0.0055806674,-1.4131647077,falla_engranaje,0.8000000000
3.6980000000,-0.0056510402,-1.3977367995,falla_engranaje,0.8000000000
3.6985000000,-0.0055094640,-1.3848251470,falla_engranaje,0.8000000000
3.6990000000,-0.0057176498,-1.4007899586,falla_engranaje,0.8000000000
3.6995000000,-0.0057283665,-1.3817491966,falla_engranaje,0.8000000000
3.7000000000,-0.0056255527,-1.4020659459,falla_engranaje,0.8000000000
3.7005000000,-0.0057509816,-1.4150025643,falla_engranaje,0.8000000000
3.7010000000,-0.0057757942,-1.4016930436,falla_engranaje,0.8000000000
3.7015000000,-0.0058280090,-1.3945501206,falla_engranaje,0.8000000000
3.7020000000,-0.0058452324,-1.4045357019,falla_engranaje,0.8000000000
3.7025000000,-0.0056353043,-1.4268848395,falla_engranaje,0.8000000000
3.7030000000,-0.0058206150,-1.4042196117,falla_engranaje,0.8000000000
3.7035000000,-0.0057314822,-1.4218634490,falla_engranaje,0.8000000000
3.7040000000,-0.0057584420,-1.4274765097,falla_engranaje,0.8000000000
3.7045000000,-0.0058548800,-1.4262226809,falla_engranaje,0.8000000000
3.7050000000,-0.0058299765,-1.4092979009,falla_engranaje,0.8000000000
3.7055000000,-0.0058292127,-1.4251523230,falla_engranaje,0.8000000000
3.7060000000,-0.0058024525,-1.4368841444,falla_engranaje,0.8000000000
3.7065000000,-0.0059129351,-1.4190972758,falla_engranaje,0.8000000000
3.7070000000,-0.0058813438,-1.4163198301,falla_engranaje,0.8000000000
3.7075000000,-0.0059449084,-1.4206092451,falla_engranaje,0.8000000000
3.7080000000,-0.0059281831,-1.4450574251,falla_engranaje,0.8000000000
3.7085000000,-0.0060449968,-1.4379046286,falla_engranaje,0.8000000000
3.7090000000,-0.0059794650,-1.4392155779,falla_engranaje,0.8000000000
3.7095000000,-0.0059957222,-1.4309894231,falla_engranaje,0.8000000000
3.7100000000,-0.0060980858,-1.4336202375,falla_engranaje,0.8000000000
3.7105000000,-0.0060271050,-1.4281605188,falla_engranaje,0.8000000000
3.7110000000,-0.0060583146,-1.4492437077,falla_engranaje,0.8000000000
3.7115000000,-0.0061578565,-1.4361387781,falla_engranaje,0.8000000000
3.7120000000,-0.0061645757,-1.4313900546,falla_engranaje,0.8000000000
3.7125000000,-0.0061547562,-1.4464764767,falla_engranaje,0.8000000000
3.7130000000,-0.0061282092,-1.4588877913,falla_engranaje,0.8000000000
3.7135000000,-0.0061694566,-1.4389379886,falla_engranaje,0.8000000000
3.7140000000,-0.0060334380,-1.4492794971,falla_engranaje,0.8000000000
3.7145000000,-0.0061642962,-1.4508737411,falla_engranaje,0.8000000000
3.7150000000,-0.0061832552,-1.4652528353,falla_engranaje,0.8000000000
3.7155000000,-0.0060918071,-1.4661233936,falla_engranaje,0.8000000000
3.7160000000,-0.0061623233,-1.4617464310,falla_engranaje,0.8000000000
3.7165000000,-0.0061792837,-1.4568463628,falla_engranaje,0.8000000000
3.7170000000,-0.0061701226,-1.4473426798,falla_engranaje,0.8000000000
3.7175000000,-0.0062045213,-1.4822084310,falla_engranaje,0.8000000000
3.7180000000,-0.0062834711,-1.4645147234,falla_engranaje,0.8000000000
3.7185000000,-0.0061398214,-1.4511963133,falla_engranaje,0.8000000000
3.7190000000,-0.0063580260,-1.4869992193,falla_engranaje,0.8000000000
3.7195000000,-0.0062473481,-1.4629514527,falla_engranaje,0.8000000000
3.7200000000,-0.0063811175,-1.4676195172,falla_engranaje,0.8000000000
3.7205000000,-0.0062856834,-1.4731694083,falla_engranaje,0.8000000000
3.7210000000,-0.0063932190,-1.4844393366,falla_engranaje,0.8000000000
3.7215000000,-0.0062810087,-1.4897350691,falla_engranaje,0.8000000000
3.7220000000,-0.0063300217,-1.4607398284,falla_engranaje,0.8000000000
3.7225000000,-0.0064580771,-1.4806971645,falla_engranaje,0.8000000000
3.7230000000,-0.0064715845,-1.4795223364,falla_engranaje,0.8000000000
3.7235000000,-0.0063397289,-1.4947306050,falla_engranaje,0.8000000000
3.7240000000,-0.0065348511,-1.4900896456,falla_engranaje,0.8000000000
3.7245000000,-0.0064100805,-1.4773117069,falla_engranaje,0.8000000000
3.7250000000,-0.0064111993,-1.4918926074,falla_engranaje,0.8000000000
3.7255000000,-0.0065729861,-1.4837535562,falla_engranaje,0.8000000000
3.7260000000,-0.0065355318,-1.5015108181,falla_engranaje,0.8000000000
3.7265000000,-0.0066119835,-1.4749635198,falla_engranaje,0.8000000000
3.7270000000,-0.0064555301,-1.4843699428,falla_engranaje,0.8000000000
3.7275000000,-0.0065255896,-1.4889470084,falla_engranaje,0.8000000000
3.7280000000,-0.0065575706,-1.4795396841,falla_engranaje,0.8000000000
3.7285000000,-0.0065543197,-1.5055733861,falla_engranaje,0.8000000000
3.7290000000,-0.0065977993,-1.5087019259,falla_engranaje,0.8000000000
3.7295000000,-0.0066520205,-1.4894015378,falla_engranaje,0.8000000000
3.7300000000,-0.0065650020,-1.4962515300,falla_engranaje,0.8000000000
3.7305000000,-0.0066892375,-1.5098690687,falla_engranaje,0.8000000000
3.7310000000,-0.0067107752,-1.5162947464,falla_engranaje,0.8000000000
3.7315000000,-0.0066794681,-1.5019301043,falla_engranaje,0.8000000000
3.7320000000,-0.0066946788,-1.4989284366,falla_engranaje,0.8000000000
3.7325000000,-0.0067767338,-1.4975364995,falla_engranaje,0.8000000000
3.7330000000,-0.0067413476,-1.5031060325,falla_engranaje,0.8000000000
3.7335000000,-0.0066912637,-1.5126732285,falla_engranaje,0.8000000000
3.7340000000,-0.0067561107,-1.5142407172,falla_engranaje,0.8000000000
3.7345000000,-0.0067208373,-1.5053277255,falla_engranaje,0.8000000000
3.7350000000,-0.0068991566,-1.5182936547,falla_engranaje,0.8000000000
3.7355000000,-0.0068376922,-1.5080561997,falla_engranaje,0.8000000000
3.7360000000,-0.0067479488,-1.5126666048,falla_engranaje,0.8000000000
3.7365000000,-0.0067933238,-1.5151609590,falla_engranaje,0.8000000000
3.7370000000,-0.0069025847,-1.5225273600,falla_engranaje,0.8000000000
3.7375000000,-0.0069011984,-1.5236362253,falla_engranaje,0.8000000000
3.7380000000,-0.0068570206,-1.5284565679,falla_engranaje,0.8000000000
3.7385000000,-0.0069702221,-1.5197099995,falla_engranaje,0.8000000000
3.7390000000,-0.0069956317,-1.5278453660,falla_engranaje,0.8000000000
3.7395000000,-0.0068875153,-1.5278336232,falla_engranaje,0.8000000000
3.7400000000,-0.0069707093,-1.5141774913,falla_engranaje,0.8000000000
3.7405000000,-0.0068563611,-1.5182425020,falla_engranaje,0.8000000000
3.7410000000,-0.0069139556,-1.5199831639,falla_engranaje,0.8000000000
3.7415000000,-0.0068801747,-1.5374155527,falla_engranaje,0.8000000000
3.7420000000,-0.0070253306,-1.5414670299,falla_engranaje,0.8000000000
3.7425000000,-0.0070215879,-1.5406984701,falla_engranaje,0.8000000000
3.7430000000,-0.0071318711,-1.5203919266,falla_engranaje,0.8000000000
3.7435000000,-0.0070430294,-1.5341389532,falla_engranaje,0.8000000000
3.7440000000,-0.0071080896,-1.5458013034,falla_engranaje,0.8000000000
3.7445000000,-0.0071299593,-1.5231629801,falla_engranaje,0.8000000000
3.7450000000,-0.0070629172,-1.5294767453,falla_engranaje,0.8000000000
3.7455000000,-0.0071203789,-1.5613596957,falla_engranaje,0.8000000000
3.7460000000,-0.0069454382,-1.5393387609,falla_engranaje,0.8000000000
3.7465000000,-0.0071211105,-1.5543334578,falla_engranaje,0.8000000000
3.7470000000,-0.0071400411,-1.5426818814,falla_engranaje,0.8000000000
3.7475000000,-0.0070079835,-1.5523193290,falla_engranaje,0.8000000000
3.7480000000,-0.0072419890,-1.5433074160,falla_engranaje,0.8000000000
3.7485000000,-0.0071709883,-1.5487682802,falla_engranaje,0.8000000000
3.7490000000,-0.0072190733,-1.5494076661,falla_engranaje,0.8000000000
3.7495000000,-0.0070190727,-1.5628353315,falla_engranaje,0.8000000000
3.7500000000,-0.0073186087,-1.5439652691,falla_engranaje,0.8000000000
3.7505000000,-0.0072575174,-1.5646639401,falla_engranaje,0.8000000000
3.7510000000,-0.0072022754,-1.5506344000,falla_engranaje,0.8000000000
3.7515000000,-0.0072912045,-1.5734806670,falla_engranaje,0.8000000000
3.7520000000,-0.0072596877,-1.5547118641,falla_engranaje,0.8000000000
3.7525000000,-0.0072817088,-1.5532733722,falla_engranaje,0.8000000000
3.7530000000,-0.0074368057,-1.5535052752,falla_engranaje,0.8000000000
3.7535000000,-0.0073241959,-1.5535214956,falla_engranaje,0.8000000000
3.7540000000,-0.0073022264,-1.5759519813,falla_engranaje,0.8000000000
3.7545000000,-0.0073009995,-1.5302793017,falla_engranaje,0.8000000000
3.7550000000,-0.0072899143,-1.5454685349,falla_engranaje,0.8000000000
3.7555000000,-0.0073943711,-1.5630384580,falla_engranaje,0.8000000000
3.7560000000,-0.0073809688,-1.5521659961,falla_engranaje,0.8000000000
3.7565000000,-0.0074075895,-1.5488440797,falla_engranaje,0.8000000000
3.7570000000,-0.0074319736,-1.5592650718,falla_engranaje,0.8000000000
3.7575000000,-0.0073708292,-1.5736918347,falla_engranaje,0.8000000000
3.7580000000,-0.0073522140,-1.5719664779,falla_engranaje,0.8000000000
3.7585000000,-0.0074120953,-1.5701316468,falla_engranaje,0.8000000000
3.7590000000,-0.0073621440,-1.5581428562,falla_engranaje,0.8000000000
3.7595000000,-0.0073632364,-1.5720503982,falla_engranaje,0.8000000000
3.7600000000,-0.0074002070,-1.5508170521,falla_engranaje,0.8000000000
3.7605000000,-0.0075154034,-1.5722059619,falla_engranaje,0.8000000000
3.7610000000,-0.0075407324,-1.5778193940,falla_engranaje,0.8000000000
3.7615000000,-0.0074511244,-1.5665136759,falla_engranaje,0.8000000000
3.7620000000,-0.0074917472,-1.5766021081,falla_engranaje,0.8000000000
3.7625000000,-0.0074097038,-1.5511124513,falla_engranaje,0.8000000000
3.7630000000,-0.0073948301,-1.5731541218,falla_engranaje,0.8000000000
3.7635000000,-0.0075476522,-1.5825589362,falla_engranaje,0.8000000000
3.7640000000,-0.0074535410,-1.5713241603,falla_engranaje,0.8000000000
3.7645000000,-0.0075811699,-1.5656797947,falla_engranaje,0.8000000000
3.7650000000,-0.0076060506,-1.5719343049,falla_engranaje,0.8000000000
3.7655000000,-0.0076097918,-1.5743128956,falla_engranaje,0.8000000000
3.7660000000,-0.0075710105,-1.5689611131,falla_engranaje,0.8000000000
3.7665000000,-0.0076055849,-1.5753976175,falla_engranaje,0.8000000000
3.7670000000,-0.0075942447,-1.5643471806,falla_engranaje,0.8000000000
3.7675000000,-0.0075939215,-1.5856848113,falla_engranaje,0.8000000000
3.7680000000,-0.0075408486,-1.5719415533,falla_engranaje,0.8000000000
3.7685000000,-0.0076866849,-1.6078822395,falla_engranaje,0.8000000000
3.7690000000,-0.0076495572,-1.5869800600,falla_engranaje,0.8000000000
3.7695000000,-0.0077047158,-1.5740086816,falla_engranaje,0.8000000000
3.7700000000,-0.0076489921,-1.5684817009,falla_engranaje,0.8000000000
3.7705000000,-0.0077329939,-1.5658591816,falla_engranaje,0.8000000000
3.7710000000,-0.0077771437,-1.5680961097,falla_engranaje,0.8000000000
3.7715000000,-0.0077019446,-1.5672237859,falla_engranaje,0.8000000000
3.7720000000,-0.0076723480,-1.5761194745,falla_engranaje,0.8000000000
3.7725000000,-0.0076945252,-1.5922356088,falla_engranaje,0.8000000000
3.7730000000,-0.0077297300,-1.5894047417,falla_engranaje,0.8000000000
3.7735000000,-0.0078021688,-1.5863632708,falla_engranaje,0.8000000000
3.7740000000,-0.0077641318,-1.5961974218,falla_engranaje,0.8000000000
3.7745000000,-0.0076677232,-1.5896999216,falla_engranaje,0.8000000000
3.7750000000,-0.0078796665,-1.5610165987,falla_engranaje,0.8000000000
3.7755000000,-0.0078122751,-1.5932593700,falla_engranaje,0.8000000000
3.7760000000,-0.0076945977,-1.5913745870,falla_engranaje,0.8000000000
3.7765000000,-0.0077155532,-1.5940019809,falla_engranaje,0.8000000000
3.7770000000,-0.0078241422,-1.5804891309,falla_engranaje,0.8000000000
3.7775000000,-0.0076734635,-1.5676507116,falla_engranaje,0.8000000000
3.7780000000,-0.0077531946,-1.5824225446,falla_engranaje,0.8000000000
3.7785000000,-0.0077947002,-1.5742441622,falla_engranaje,0.8000000000
3.7790000000,-0.0078614799,-1.5703797181,falla_engranaje,0.8000000000
3.7795000000,-0.0079446967,-1.5828302699,falla_engranaje,0.8000000000
3.7800000000,-0.0078370550,-1.5775708800,falla_engranaje,0.8000000000
3.7805000000,-0.0079027011,-1.5840293550,falla_engranaje,0.8000000000
3.7810000000,-0.0079035966,-1.5835695389,falla_engranaje,0.8000000000
3.7815000000,-0.0079763468,-1.5872601794,falla_engranaje,0.8000000000
3.7820000000,-0.0077940305,-1.5922252382,falla_engranaje,0.8000000000
3.7825000000,-0.0079717385,-1.5719216186,falla_engranaje,0.8000000000
3.7830000000,-0.0078502686,-1.5886227644,falla_engranaje,0.8000000000
3.7835000000,-0.0078501372,-1.5798614876,falla_engranaje,0.8000000000
3.7840000000,-0.0079126430,-1.5920594438,falla_engranaje,0.8000000000
3.7845000000,-0.0077726217,-1.5812026855,falla_engranaje,0.8000000000
3.7850000000,-0.0079583997,-1.6059470611,falla_engranaje,0.8000000000
3.7855000000,-0.0079112797,-1.5944568728,falla_engranaje,0.8000000000
3.7860000000,-0.0079272640,-1.5836929640,falla_engranaje,0.8000000000
3.7865000000,-0.0078422720,-1.5889320545,falla_engranaje,0.8000000000
3.7870000000,-0.0079774528,-1.5846516968,falla_engranaje,0.8000000000
3.7875000000,-0.0079017126,-1.5881141968,falla_engranaje,0.8000000000
3.7880000000,-0.0079246717,-1.6007065330,falla_engranaje,0.8000000000
3.7885000000,-0.0080487473,-1.5939118454,falla_engranaje,0.8000000000
3.7890000000,-0.0078450286,-1.5787007566,falla_engranaje,0.8000000000
3.7895000000,-0.0079631060,-1.5913423236,falla_engranaje,0.8000000000
3.7900000000,-0.0079798356,-1.5961161636,falla_engranaje,0.8000000000
3.7905000000,-0.0080817047,-1.5888937516,falla_engranaje,0.8000000000
3.7910000000,-0.0080765054,-1.5947861439,falla_engranaje,0.8000000000
3.7915000000,-0.0080748034,-1.5911519840,falla_engranaje,0.8000000000
3.7920000000,-0.0081483675,-1.5822923225,falla_engranaje,0.8000000000
3.7925000000,-0.0079862157,-1.5909407696,falla_engranaje,0.8000000000
3.7930000000,-0.0079984438,-1.5945327506,falla_engranaje,0.8000000000
3.7935000000,-0.0081387431,-1.5706473626,falla_engranaje,0.8000000000
3.7940000000,-0.0080367794,-1.5843531960,falla_engranaje,0.8000000000
3.7945000000,-0.0081328489,-1.5830172934,falla_engranaje,0.8000000000
3.7950000000,-0.0081177208,-1.5765521573,falla_engranaje,0.8000000000
3.7955000000,-0.0079943831,-1.5722372285,falla_engranaje,0.8000000000
3.7960000000,-0.0080735918,-1.5871938174,falla_engranaje,0.8000000000
3.7965000000,-0.0079792212,-1.5752319437,falla_engranaje,0.8000000000
3.7970000000,-0.0080747684,-1.5836669978,falla_engranaje,0.8000000000
3.7975000000,-0.0080734698,-1.5715109284,falla_engranaje,0.8000000000
3.7980000000,-0.0079460624,-1.5568014930,falla_engranaje,0.8000000000
3.7985000000,-0.0080094914,-1.5875723099,falla_engranaje,0.8000000000
3.7990000000,-0.0080156372,-1.5759965352,falla_engranaje,0.8000000000
3.7995000000,-0.0080599055,-1.5677449746,falla_engranaje,0.8000000000
3.8000000000,-0.0079811498,-1.5664108316,falla_engranaje,0.8000000000
3.8005000000,-0.0080557657,-1.5793683250,falla_engranaje,0.8000000000
3.8010000000,-0.0081954467,-1.5669009923,falla_engranaje,0.8000000000
3.8015000000,-0.0081144146,-1.5833939197,falla_engranaje,0.8000000000
3.8020000000,-0.0081170754,-1.5679061189,falla_engranaje,0.8000000000
3.8025000000,-0.0080781137,-1.5722459266,falla_engranaje,0.8000000000
3.8030000000,-0.0080811125,-1.5763835070,falla_engranaje,0.8000000000
3.8035000000,-0.0080806738,-1.5635901169,falla_engranaje,0.8000000000
3.8040000000,-0.0079964588,-1.5610866990,falla_engranaje,0.8000000000
3.8045000000,-0.0081162375,-1.5694138612,falla_engranaje,0.8000000000
3.8050000000,-0.0080004807,-1.5558565105,falla_engranaje,0.8000000000
3.8055000000,-0.0080981360,-1.5559529133,falla_engranaje,0.8000000000
3.8060000000,-0.0082155833,-1.5452345951,falla_engranaje,0.8000000000
3.8065000000,-0.0081027933,-1.5684377451,falla_engranaje,0.8000000000
3.8070000000,-0.0081389894,-1.5656382568,falla_engranaje,0.8000000000
3.8075000000,-0.0079981008,-1.5544862316,falla_engranaje,0.8000000000
3.8080000000,-0.0081631741,-1.5687064038,falla_engranaje,0.8000000000
3.8085000000,-0.0081552544,-1.5715464550,falla_engranaje,0.8000000000
3.8090000000,-0.0081055274,-1.5716536012,falla_engranaje,0.8000000000
3.8095000000,-0.0081458013,-1.5723076311,falla_engranaje,0.8000000000
3.8100000000,-0.0081246368,-1.5532215144,falla_engranaje,0.8000000000
3.8105000000,-0.0081348026,-1.5870171646,falla_engranaje,0.8000000000
3.8110000000,-0.0081008525,-1.5469335311,falla_engranaje,0.8000000000
3.8115000000,-0.0082041165,-1.5550448834,falla_engranaje,0.8000000000
3.8120000000,-0.0082293489,-1.5499666274,falla_engranaje,0.8000000000
3.8125000000,-0.0080670510,-1.5569406433,falla_engranaje,0.8000000000
3.8130000000,-0.0081758691,-1.5534945197,falla_engranaje,0.8000000000
3.8135000000,-0.0081332278,-1.5576261558,falla_engranaje,0.8000000000
3.8140000000,-0.0081363737,-1.5338778182,falla_engranaje,0.8000000000
3.8145000000,-0.0081774145,-1.5746578292,falla_engranaje,0.8000000000
3.8150000000,-0.0082487259,-1.5616264880,falla_engranaje,0.8000000000
3.8155000000,-0.0081684154,-1.5544809331,falla_engranaje,0.8000000000
3.8160000000,-0.0081533396,-1.5502029441,falla_engranaje,0.8000000000
3.8165000000,-0.0080078158,-1.5463855149,falla_engranaje,0.8000000000
3.8170000000,-0.0081825284,-1.5530831912,falla_engranaje,0.8000000000
3.8175000000,-0.0081613974,-1.5490619279,falla_engranaje,0.8000000000
3.8180000000,-0.0082506812,-1.5412674183,falla_engranaje,0.8000000000
3.8185000000,-0.0081853870,-1.5279181345,falla_engranaje,0.8000000000
3.8190000000,-0.0081729531,-1.5493904119,falla_engranaje,0.8000000000
3.8195000000,-0.0081686922,-1.5242375915,falla_engranaje,0.8000000000
3.8200000000,-0.0081105212,-1.5410553977,falla_engranaje,0.8000000000
3.8205000000,-0.0081374570,-1.5192036061,falla_engranaje,0.8000000000
3.8210000000,-0.0081686326,-1.5364051826,falla_engranaje,0.8000000000
3.8215000000,-0.0083063485,-1.5244572717,falla_engranaje,0.8000000000
3.8220000000,-0.0082406514,-1.5199493252,falla_engranaje,0.8000000000
3.8225000000,-0.0083054478,-1.5299014350,falla_engranaje,0.8000000000
3.8230000000,-0.0081671789,-1.5518311386,falla_engranaje,0.8000000000
3.8235000000,-0.0081305721,-1.5337802368,falla_engranaje,0.8000000000
3.8240000000,-0.0081393112,-1.5252444364,falla_engranaje,0.8000000000
3.8245000000,-0.0080919490,-1.5362971076,falla_engranaje,0.8000000000
3.8250000000,-0.0081538513,-1.5327436122,falla_engranaje,0.8000000000
3.8255000000,-0.0079665422,-1.5197980567,falla_engranaje,0.8000000000
3.8260000000,-0.0082666313,-1.5130592430,falla_engranaje,0.8000000000
3.8265000000,-0.0081435496,-1.5344714756,falla_engranaje,0.8000000000
3.8270000000,-0.0082240563,-1.5143562358,falla_engranaje,0.8000000000
3.8275000000,-0.0081660976,-1.5096705930,falla_engranaje,0.8000000000
3.8280000000,-0.0081684669,-1.5106942068,falla_engranaje,0.8000000000
3.8285000000,-0.0080764109,-1.5144874635,falla_engranaje,0.8000000000
3.8290000000,-0.0080923569,-1.5079230350,falla_engranaje,0.8000000000
3.8295000000,-0.0080896529,-1.5189989741,falla_engranaje,0.8000000000
3.8300000000,-0.0080705942,-1.5158554105,falla_engranaje,0.8000000000
3.8305000000,-0.0080259433,-1.4855637986,falla_engranaje,0.8000000000
3.8310000000,-0.0081002413,-1.5092161347,falla_engranaje,0.8000000000
3.8315000000,-0.0081614788,-1.4871418300,falla_engranaje,0.8000000000
3.8320000000,-0.0080552733,-1.4888018570,falla_engranaje,0.8000000000
3.8325000000,-0.0081205612,-1.4892635964,falla_engranaje,0.8000000000
3.8330000000,-0.0081290657,-1.5032737066,falla_engranaje,0.8000000000
3.8335000000,-0.0079619893,-1.5048095026,falla_engranaje,0.8000000000
3.8340000000,-0.0080406151,-1.4832382851,falla_engranaje,0.8000000000
3.8345000000,-0.0081295301,-1.4841603581,falla_engranaje,0.8000000000
3.8350000000,-0.0080836582,-1.4817588967,falla_engranaje,0.8000000000
3.8355000000,-0.0080112083,-1.4668884241,falla_engranaje,0.8000000000
3.8360000000,-0.0080976399,-1.4880279340,falla_engranaje,0.8000000000
3.8365000000,-0.0081230182,-1.4842677599,falla_engranaje,0.8000000000
3.8370000000,-0.0080136212,-1.4549157146,falla_engranaje,0.8000000000
3.8375000000,-0.0080648410,-1.4642380094,falla_engranaje,0.8000000000
3.8380000000,-0.0080775648,-1.4817709481,falla_engranaje,0.8000000000
3.8385000000,-0.0081522187,-1.4671936338,falla_engranaje,0.8000000000
3.8390000000,-0.0080137512,-1.4667847878,falla_engranaje,0.8000000000
3.8395000000,-0.0079988633,-1.4570635485,falla_engranaje,0.8000000000
3.8400000000,-0.0080987857,-1.4621910266,falla_engranaje,0.8000000000
3.8405000000,-0.0079061878,-1.4555836831,falla_engranaje,0.8000000000
3.8410000000,-0.0079659318,-1.4812965790,falla_engranaje,0.8000000000
3.8415000000,-0.0080826810,-1.4663252954,falla_engranaje,0.8000000000
3.8420000000,-0.0080273764,-1.4802342968,falla_engranaje,0.8000000000
3.8425000000,-0.0080682913,-1.4607501043,falla_engranaje,0.8000000000
3.8430000000,-0.0079521829,-1.4461832787,falla_engranaje,0.8000000000
3.8435000000,-0.0080253397,-1.4487745691,falla_engranaje,0.8000000000
3.8440000000,-0.0079474182,-1.4637224211,falla_engranaje,0.8000000000
3.8445000000,-0.0080657723,-1.4363067144,falla_engranaje,0.8000000000
3.8450000000,-0.0079247798,-1.4339204724,falla_engranaje,0.8000000000
3.8455000000,-0.0079959166,-1.4453128972,falla_engranaje,0.8000000000
3.8460000000,-0.0079886779,-1.4287448393,falla_engranaje,0.8000000000
3.8465000000,-0.0078659925,-1.4479496117,falla_engranaje,0.8000000000
3.8470000000,-0.0080202855,-1.4246819549,falla_engranaje,0.8000000000
3.8475000000,-0.0077720844,-1.4419933390,falla_engranaje,0.8000000000
3.8480000000,-0.0079162769,-1.4354898325,falla_engranaje,0.8000000000
3.8485000000,-0.0079484611,-1.4450039260,falla_engranaje,0.8000000000
3.8490000000,-0.0078437162,-1.4230752253,falla_engranaje,0.8000000000
3.8495000000,-0.0078733988,-1.4318054946,falla_engranaje,0.8000000000
3.8500000000,-0.0078980854,-1.4227951390,falla_engranaje,0.8000000000
3.8505000000,-0.0077981623,-1.4086588425,falla_engranaje,0.8000000000
3.8510000000,-0.0079733408,-1.4373557598,falla_engranaje,0.8000000000
3.8515000000,-0.0077579428,-1.4083430637,falla_engranaje,0.8000000000
3.8520000000,-0.0077020318,-1.4045374779,falla_engranaje,0.8000000000
3.8525000000,-0.0079183669,-1.4194925638,falla_engranaje,0.8000000000
3.8530000000,-0.0077885105,-1.4079206434,falla_engranaje,0.8000000000
3.8535000000,-0.0078031296,-1.4037188155,falla_engranaje,0.8000000000
3.8540000000,-0.0078378683,-1.3959044258,falla_engranaje,0.8000000000
3.8545000000,-0.0079134788,-1.3903881492,falla_engranaje,0.8000000000
3.8550000000,-0.0079652321,-1.3836744532,falla_engranaje,0.8000000000
3.8555000000,-0.0078471504,-1.3851948409,falla_engranaje,0.8000000000
3.8560000000,-0.0077579333,-1.3802421881,falla_engranaje,0.8000000000
3.8565000000,-0.0077776358,-1.3803589546,falla_engranaje,0.8000000000
3.8570000000,-0.0077488357,-1.3936261446,falla_engranaje,0.8000000000
3.8575000000,-0.0076051736,-1.3854895706,falla_engranaje,0.8000000000
3.8580000000,-0.0076527291,-1.3891097467,falla_engranaje,0.8000000000
3.8585000000,-0.0077106119,-1.3924384618,falla_engranaje,0.8000000000
3.8590000000,-0.0077510660,-1.3756060435,falla_engranaje,0.8000000000
3.8595000000,-0.0075311152,-1.3806623759,falla_engranaje,0.8000000000
3.8600000000,-0.0076681518,-1.3736680069,falla_engranaje,0.8000000000
3.8605000000,-0.0077420867,-1.3585387195,falla_engranaje,0.8000000000
3.8610000000,-0.0075662156,-1.3450827730,falla_engranaje,0.8000000000
3.8615000000,-0.0078169123,-1.3689421552,falla_engranaje,0.8000000000
3.8620000000,-0.0076209106,-1.3647064030,falla_engranaje,0.8000000000
3.8625000000,-0.0077663012,-1.3731206777,falla_engranaje,0.8000000000
3.8630000000,-0.0077101114,-1.3495276748,falla_engranaje,0.8000000000
3.8635000000,-0.0075435164,-1.3587195449,falla_engranaje,0.8000000000
3.8640000000,-0.0075289884,-1.3353881978,falla_engranaje,0.8000000000
3.8645000000,-0.0076769134,-1.3205872046,falla_engranaje,0.8000000000
3.8650000000,-0.0076134055,-1.3497522275,falla_engranaje,0.8000000000
3.8655000000,-0.0077059523,-1.3199658224,falla_engranaje,0.8000000000
3.8660000000,-0.0075899959,-1.3504885713,falla_engranaje,0.8000000000
3.8665000000,-0.0076571043,-1.3200112266,falla_engranaje,0.8000000000
3.8670000000,-0.0077115091,-1.3274951624,falla_engranaje,0.8000000000
3.8675000000,-0.0075209444,-1.3251710293,falla_engranaje,0.8000000000
3.8680000000,-0.0075642654,-1.3203672060,falla_engranaje,0.8000000000
3.8685000000,-0.0075496812,-1.3239431183,falla_engranaje,0.8000000000
3.8690000000,-0.0074157755,-1.3157812244,falla_engranaje,0.8000000000
3.8695000000,-0.0075538233,-1.2972358526,falla_engranaje,0.8000000000
3.8700000000,-0.0073533191,-1.3030973045,falla_engranaje,0.8000000000
3.8705000000,-0.0074114529,-1.2968878611,falla_engranaje,0.8000000000
3.8710000000,-0.0074001082,-1.2885651980,falla_engranaje,0.8000000000
3.8715000000,-0.0074440699,-1.3120776801,falla_engranaje,0.8000000000
3.8720000000,-0.0074581756,-1.3042101494,falla_engranaje,0.8000000000
3.8725000000,-0.0074189794,-1.2898969976,falla_engranaje,0.8000000000
3.8730000000,-0.0075267353,-1.2917904182,falla_engranaje,0.8000000000
3.8735000000,-0.0073506750,-1.2693171988,falla_engranaje,0.8000000000
3.8740000000,-0.0072522664,-1.2996875727,falla_engranaje,0.8000000000
3.8745000000,-0.0073360132,-1.2931336860,falla_engranaje,0.8000000000
3.8750000000,-0.0072999810,-1.2805311713,falla_engranaje,0.8000000000
3.8755000000,-0.0074808080,-1.2879999333,falla_engranaje,0.8000000000
3.8760000000,-0.0072951198,-1.2594640102,falla_engranaje,0.8000000000
3.8765000000,-0.0073256124,-1.2690049364,falla_engranaje,0.8000000000
3.8770000000,-0.0073219010,-1.2724802532,falla_engranaje,0.8000000000
3.8775000000,-0.0073461216,-1.2690877474,falla_engranaje,0.8000000000
3.8780000000,-0.0071911745,-1.2424574386,falla_engranaje,0.8000000000
3.8785000000,-0.0072732311,-1.2434925919,falla_engranaje,0.8000000000
3.8790000000,-0.0071873045,-1.2529131663,falla_engranaje,0.8000000000
3.8795000000,-0.0072573619,-1.2376988145,falla_engranaje,0.8000000000
3.8800000000,-0.0070627958,-1.2390410398,falla_engranaje,0.8000000000
3.8805000000,-0.0072809891,-1.2526589020,falla_engranaje,0.8000000000
3.8810000000,-0.0071791526,-1.2292521040,falla_engranaje,0.8000000000
3.8815000000,-0.0070957124,-1.2227915349,falla_engranaje,0.8000000000
3.8820000000,-0.0071073881,-1.2319268067,falla_engranaje,0.8000000000
3.8825000000,-0.0071613595,-1.2129439784,falla_engranaje,0.8000000000
3.8830000000,-0.0070533783,-1.2045653792,falla_engranaje,0.8000000000
3.8835000000,-0.0070869433,-1.2300459395,falla_engranaje,0.8000000000
3.8840000000,-0.0071127556,-1.2177788142,falla_engranaje,0.8000000000
3.8845000000,-0.0070494619,-1.2164121535,falla_engranaje,0.8000000000
3.8850000000,-0.0070331305,-1.2248469832,falla_engranaje,0.8000000000
3.8855000000,-0.0070163506,-1.1947917259,falla_engranaje,0.8000000000
3.8860000000,-0.0070414509,-1.1854697630,falla_engranaje,0.8000000000
3.8865000000,-0.0070940558,-1.1950218463,falla_engranaje,0.8000000000
3.8870000000,-0.0069098458,-1.1783674214,falla_engranaje,0.8000000000
3.8875000000,-0.0069385193,-1.1815329871,falla_engranaje,0.8000000000
3.8880000000,-0.0069405239,-1.1750808197,falla_engranaje,0.8000000000
3.8885000000,-0.0069219521,-1.1698590232,falla_engranaje,0.8000000000
3.8890000000,-0.0068578739,-1.1733600062,falla_engranaje,0.8000000000
3.8895000000,-0.0068770930,-1.1731421782,falla_engranaje,0.8000000000
3.8900000000,-0.0069937443,-1.1658435902,falla_engranaje,0.8000000000
3.8905000000,-0.0068324880,-1.1552034803,falla_engranaje,0.8000000000
3.8910000000,-0.0069833247,-1.1703043972,falla_engranaje,0.8000000000
3.8915000000,-0.0068187593,-1.1623814173,falla_engranaje,0.8000000000
3.8920000000,-0.0067426798,-1.1413327678,falla_engranaje,0.8000000000
3.8925000000,-0.0067657434,-1.1499511773,falla_engranaje,0.8000000000
3.8930000000,-0.0067412512,-1.1327072139,falla_engranaje,0.8000000000
3.8935000000,-0.0067034008,-1.1558245321,falla_engranaje,0.8000000000
3.8940000000,-0.0066378101,-1.1378487943,falla_engranaje,0.8000000000
3.8945000000,-0.0067433495,-1.1177442626,falla_engranaje,0.8000000000
3.8950000000,-0.0066012065,-1.1214847613,falla_engranaje,0.8000000000
3.8955000000,-0.0067700629,-1.1232920472,falla_engranaje,0.8000000000
3.8960000000,-0.0065271302,-1.1144577866,falla_engranaje,0.8000000000
3.8965000000,-0.0065493922,-1.1068722652,falla_engranaje,0.8000000000
3.8970000000,-0.0065029603,-1.1155268094,falla_engranaje,0.8000000000
3.8975000000,-0.0066933212,-1.1047045597,falla_engranaje,0.8000000000
3.8980000000,-0.0065376737,-1.1075704433,falla_engranaje,0.8000000000
3.8985000000,-0.0065476398,-1.0976744150,falla_engranaje,0.8000000000
3.8990000000,-0.0064404389,-1.1144251884,falla_engranaje,0.8000000000
3.8995000000,-0.0064658155,-1.0854802919,falla_engranaje,0.8000000000
3.9000000000,-0.0065492576,-1.0671315879,falla_engranaje,0.8000000000
3.9005000000,-0.0064754514,-1.1024340609,falla_engranaje,0.8000000000
3.9010000000,-0.0064741152,-1.0868831379,falla_engranaje,0.8000000000
3.9015000000,-0.0065309497,-1.0765729304,falla_engranaje,0.8000000000
3.9020000000,-0.0065176492,-1.0529374790,falla_engranaje,0.8000000000
3.9025000000,-0.0064732755,-1.0657726655,falla_engranaje,0.8000000000
3.9030000000,-0.0063248622,-1.0724941063,falla_engranaje,0.8000000000
3.9035000000,-0.0064299017,-1.0491939096,falla_engranaje,0.8000000000
3.9040000000,-0.0063953866,-1.0574212026,falla_engranaje,0.8000000000
3.9045000000,-0.0062373513,-1.0372952720,falla_engranaje,0.8000000000
3.9050000000,-0.0062246439,-1.0268623393,falla_engranaje,0.8000000000
3.9055000000,-0.0063112776,-1.0284563069,falla_engranaje,0.8000000000
3.9060000000,-0.0061922879,-1.0361428289,falla_engranaje,0.8000000000
3.9065000000,-0.0062009134,-1.0361398344,falla_engranaje,0.8000000000
3.9070000000,-0.0062704027,-1.0353563335,falla_engranaje,0.8000000000
3.9075000000,-0.0063295488,-1.0168032361,falla_engranaje,0.8000000000
3.9080000000,-0.0062029118,-0.9973406545,falla_engranaje,0.8000000000
3.9085000000,-0.0060861361,-0.9861972924,falla_engranaje,0.8000000000
3.9090000000,-0.0062000042,-0.9981104581,falla_engranaje,0.8000000000
3.9095000000,-0.0061168670,-0.9836748420,falla_engranaje,0.8000000000
3.9100000000,-0.0060540476,-0.9965125543,falla_engranaje,0.8000000000
3.9105000000,-0.0061059058,-0.9879583689,falla_engranaje,0.8000000000
3.9110000000,-0.0059952123,-0.9849061076,falla_engranaje,0.8000000000
3.9115000000,-0.0060579558,-0.9793656586,falla_engranaje,0.8000000000
3.9120000000,-0.0060410197,-0.9640088518,falla_engranaje,0.8000000000
3.9125000000,-0.0059940813,-0.9654327184,falla_engranaje,0.8000000000
3.9130000000,-0.0060283203,-0.9732487343,falla_engranaje,0.8000000000
3.9135000000,-0.0058134531,-0.9712233089,falla_engranaje,0.8000000000
3.9140000000,-0.0058846483,-0.9624755639,falla_engranaje,0.8000000000
3.9145000000,-0.0057894499,-0.9521955064,falla_engranaje,0.8000000000
3.9150000000,-0.0058305947,-0.9514548689,falla_engranaje,0.8000000000
3.9155000000,-0.0058016674,-0.9400501993,falla_engranaje,0.8000000000
3.9160000000,-0.0059026289,-0.9316334384,falla_engranaje,0.8000000000
3.9165000000,-0.0056614667,-0.9180378807,falla_engranaje,0.8000000000
3.9170000000,-0.0056832472,-0.9312735997,falla_engranaje,0.8000000000
3.9175000000,-0.0056954031,-0.9266069890,falla_engranaje,0.8000000000
3.9180000000,-0.0056478551,-0.9179702846,falla_engranaje,0.8000000000
3.9185000000,-0.0056876513,-0.9009208024,falla_engranaje,0.8000000000
3.9190000000,-0.0056068794,-0.9053910004,falla_engranaje,0.8000000000
3.9195000000,-0.0056497864,-0.9074049743,falla_engranaje,0.8000000000
3.9200000000,-0.0055998164,-0.9011447811,falla_engranaje,0.8000000000
3.9205000000,-0.0054838395,-0.9096685640,falla_engranaje,0.8000000000
3.9210000000,-0.0055892718,-0.8905666367,falla_engranaje,0.8000000000
3.9215000000,-0.0055452674,-0.8905068664,falla_engranaje,0.8000000000
3.9220000000,-0.0055178617,-0.8768249010,falla_engranaje,0.8000000000
3.9225000000,-0.0055508338,-0.8901052695,falla_engranaje,0.8000000000
3.9230000000,-0.0054070379,-0.8658404057,falla_engranaje,0.8000000000
3.9235000000,-0.0054901406,-0.8697863256,falla_engranaje,0.8000000000
3.9240000000,-0.0054122882,-0.8527859056,falla_engranaje,0.8000000000
3.9245000000,-0.0053803629,-0.8445796184,falla_engranaje,0.8000000000
3.9250000000,-0.0053684498,-0.8479937976,falla_engranaje,0.8000000000
3.9255000000,-0.0054901022,-0.8529694273,falla_engranaje,0.8000000000
3.9260000000,-0.0054087030,-0.8351309733,falla_engranaje,0.8000000000
3.9265000000,-0.0052292117,-0.8462104240,falla_engranaje,0.8000000000
3.9270000000,-0.0053218313,-0.8261868459,falla_engranaje,0.8000000000
3.9275000000,-0.0052193688,-0.8083137386,falla_engranaje,0.8000000000
3.9280000000,-0.0051639362,-0.8206610495,falla_engranaje,0.8000000000
3.9285000000,-0.0052516575,-0.8219230792,falla_engranaje,0.8000000000
3.9290000000,-0.0051488573,-0.7947759529,falla_engranaje,0.8000000000
3.9295000000,-0.0052117737,-0.8114925815,falla_engranaje,0.8000000000
3.9300000000,-0.0051908855,-0.7961380594,falla_engranaje,0.8000000000
3.9305000000,-0.0049598772,-0.7954854780,falla_engranaje,0.8000000000
3.9310000000,-0.0050977845,-0.7845324131,falla_engranaje,0.8000000000
3.9315000000,-0.0050707023,-0.7866096637,falla_engranaje,0.8000000000
3.9320000000,-0.0050157838,-0.7731135167,falla_engranaje,0.8000000000
3.9325000000,-0.0049811460,-0.7659134336,falla_engranaje,0.8000000000
3.9330000000,-0.0049126720,-0.7714755204,falla_engranaje,0.8000000000
3.9335000000,-0.0049030676,-0.7538424281,falla_engranaje,0.8000000000
3.9340000000,-0.0048799869,-0.7630477061,falla_engranaje,0.8000000000
3.9345000000,-0.0048729636,-0.7461469883,falla_engranaje,0.8000000000
3.9350000000,-0.0047919567,-0.7390845350,falla_engranaje,0.8000000000
3.9355000000,-0.0048231104,-0.7485977155,falla_engranaje,0.8000000000
3.9360000000,-0.0047661802,-0.7279258193,falla_engranaje,0.8000000000
3.9365000000,-0.0047229801,-0.7481176541,falla_engranaje,0.8000000000
3.9370000000,-0.0047845051,-0.7333897840,falla_engranaje,0.8000000000
3.9375000000,-0.0046551359,-0.7182527020,falla_engranaje,0.8000000000
3.9380000000,-0.0045995892,-0.7215797525,falla_engranaje,0.8000000000
3.9385000000,-0.0045779202,-0.7041683602,falla_engranaje,0.8000000000
3.9390000000,-0.0046845042,-0.6920510824,falla_engranaje,0.8000000000
3.9395000000,-0.0044507849,-0.6926791227,falla_engranaje,0.8000000000
3.9400000000,-0.0046448310,-0.6973806673,falla_engranaje,0.8000000000
3.9405000000,-0.0044346687,-0.6882389226,falla_engranaje,0.8000000000
3.9410000000,-0.0045870128,-0.6894317966,falla_engranaje,0.8000000000
3.9415000000,-0.0044639104,-0.6783162374,falla_engranaje,0.8000000000
3.9420000000,-0.0043997901,-0.6945784526,falla_engranaje,0.8000000000
3.9425000000,-0.0044222672,-0.6592750406,falla_engranaje,0.8000000000
3.9430000000,-0.0042543757,-0.6751000190,falla_engranaje,0.8000000000
3.9435000000,-0.0043644892,-0.6597505553,falla_engranaje,0.8000000000
3.9440000000,-0.0043379616,-0.6654850141,falla_engranaje,0.8000000000
3.9445000000,-0.0043093711,-0.6579964654,falla_engranaje,0.8000000000
3.9450000000,-0.0043337280,-0.6403830943,falla_engranaje,0.8000000000
3.9455000000,-0.0041145944,-0.6381889787,falla_engranaje,0.8000000000
3.9460000000,-0.0042932600,-0.6245610500,falla_engranaje,0.8000000000
3.9465000000,-0.0041023902,-0.6192315141,falla_engranaje,0.8000000000
3.9470000000,-0.0042197010,-0.6372298697,falla_engranaje,0.8000000000
3.9475000000,-0.0041009631,-0.6096409843,falla_engranaje,0.8000000000
3.9480000000,-0.0040891422,-0.6043932985,falla_engranaje,0.8000000000
3.9485000000,-0.0040475262,-0.6153327764,falla_engranaje,0.8000000000
3.9490000000,-0.0041085761,-0.5766143678,falla_engranaje,0.8000000000
3.9495000000,-0.0040278031,-0.5895499099,falla_engranaje,0.8000000000
3.9500000000,-0.0039966407,-0.5993940408,falla_engranaje,0.8000000000
3.9505000000,-0.0039957905,-0.5801013916,falla_engranaje,0.8000000000
3.9510000000,-0.0038895164,-0.5860006382,falla_engranaje,0.8000000000
3.9515000000,-0.0039154570,-0.5547541784,falla_engranaje,0.8000000000
3.9520000000,-0.0038495010,-0.5646449120,falla_engranaje,0.8000000000
3.9525000000,-0.0039333028,-0.5704374635,falla_engranaje,0.8000000000
3.9530000000,-0.0037640009,-0.5457278245,falla_engranaje,0.8000000000
3.9535000000,-0.0037556615,-0.5352992107,falla_engranaje,0.8000000000
3.9540000000,-0.0037741244,-0.5417125277,falla_engranaje,0.8000000000
3.9545000000,-0.0037821013,-0.5179448163,falla_engranaje,0.8000000000
3.9550000000,-0.0036994887,-0.5174082109,falla_engranaje,0.8000000000
3.9555000000,-0.0034786200,-0.5113007346,falla_engranaje,0.8000000000
3.9560000000,-0.0036221917,-0.5288132617,falla_engranaje,0.8000000000
3.9565000000,-0.0036025652,-0.5151956742,falla_engranaje,0.8000000000
3.9570000000,-0.0034760108,-0.4972781070,falla_engranaje,0.8000000000
3.9575000000,-0.0036161399,-0.5101514049,falla_engranaje,0.8000000000
3.9580000000,-0.0034185368,-0.5069636816,falla_engranaje,0.8000000000
3.9585000000,-0.0035237439,-0.4928309275,falla_engranaje,0.8000000000
3.9590000000,-0.0034689690,-0.4948902304,falla_engranaje,0.8000000000
3.9595000000,-0.0034527714,-0.4822951725,falla_engranaje,0.8000000000
3.9600000000,-0.0034363225,-0.4754321601,falla_engranaje,0.8000000000
3.9605000000,-0.0034199392,-0.4834510873,falla_engranaje,0.8000000000
3.9610000000,-0.0033601501,-0.4704013214,falla_engranaje,0.8000000000
3.9615000000,-0.0034248930,-0.4610347556,falla_engranaje,0.8000000000
3.9620000000,-0.0032952179,-0.4489848317,falla_engranaje,0.8000000000
3.9625000000,-0.0031770904,-0.4517360475,falla_engranaje,0.8000000000
3.9630000000,-0.0031510557,-0.4272685356,falla_engranaje,0.8000000000
3.9635000000,-0.0032783155,-0.4484136313,falla_engranaje,0.8000000000
3.9640000000,-0.0031068851,-0.4385560759,falla_engranaje,0.8000000000
3.9645000000,-0.0028724867,-0.4256505414,falla_engranaje,0.8000000000
3.9650000000,-0.0030856891,-0.3970176906,falla_engranaje,0.8000000000
3.9655000000,-0.0030699750,-0.4083004250,falla_engranaje,0.8000000000
3.9660000000,-0.0030418777,-0.4034066805,falla_engranaje,0.8000000000
3.9665000000,-0.0030090323,-0.4052614138,falla_engranaje,0.8000000000
3.9670000000,-0.0028733774,-0.3918268101,falla_engranaje,0.8000000000
3.9675000000,-0.0028532740,-0.3740106439,falla_engranaje,0.8000000000
3.9680000000,-0.0027974128,-0.3755156575,falla_engranaje,0.8000000000
3.9685000000,-0.0028492886,-0.3832753883,falla_engranaje,0.8000000000
3.9690000000,-0.0028749883,-0.3704018223,falla_engranaje,0.8000000000
3.9695000000,-0.0028306212,-0.3575703595,falla_engranaje,0.8000000000
3.9700000000,-0.0028115420,-0.3622742564,falla_engranaje,0.8000000000
3.9705000000,-0.0028598522,-0.3523672092,falla_engranaje,0.8000000000
3.9710000000,-0.0026851200,-0.3228642168,falla_engranaje,0.8000000000
3.9715000000,-0.0027465317,-0.3442291068,falla_engranaje,0.8000000000
3.9720000000,-0.0025665665,-0.3282371220,falla_engranaje,0.8000000000
3.9725000000,-0.0024894583,-0.3217444875,falla_engranaje,0.8000000000
3.9730000000,-0.0024948451,-0.3274454945,falla_engranaje,0.8000000000
3.9735000000,-0.0026611216,-0.3124624025,falla_engranaje,0.8000000000
3.9740000000,-0.0026099653,-0.3069988360,falla_engranaje,0.8000000000
3.9745000000,-0.0024512846,-0.3016454384,falla_engranaje,0.8000000000
3.9750000000,-0.0023691826,-0.2757219435,falla_engranaje,0.8000000000
3.9755000000,-0.0024528188,-0.2916726096,falla_engranaje,0.8000000000
3.9760000000,-0.0024859027,-0.3036396472,falla_engranaje,0.8000000000
3.9765000000,-0.0023143727,-0.3007167456,falla_engranaje,0.8000000000
3.9770000000,-0.0022761885,-0.2846335628,falla_engranaje,0.8000000000
3.9775000000,-0.0022370749,-0.2847519645,falla_engranaje,0.8000000000
3.9780000000,-0.0021401223,-0.2824862252,falla_engranaje,0.8000000000
3.9785000000,-0.0022495018,-0.2559627951,falla_engranaje,0.8000000000
3.9790000000,-0.0021002942,-0.2287191542,falla_engranaje,0.8000000000
3.9795000000,-0.0021684883,-0.2538863045,falla_engranaje,0.8000000000
3.9800000000,-0.0021139900,-0.2226488102,falla_engranaje,0.8000000000
3.9805000000,-0.0021719028,-0.2172650222,falla_engranaje,0.8000000000
3.9810000000,-0.0018389284,-0.2203891193,falla_engranaje,0.8000000000
3.9815000000,-0.0018804649,-0.2082706620,falla_engranaje,0.8000000000
3.9820000000,-0.0020014387,-0.2022845301,falla_engranaje,0.8000000000
3.9825000000,-0.0019833744,-0.2000177654,falla_engranaje,0.8000000000
3.9830000000,-0.0018538486,-0.1983620246,falla_engranaje,0.8000000000
3.9835000000,-0.0019122433,-0.1923137897,falla_engranaje,0.8000000000
3.9840000000,-0.0018346061,-0.2011504141,falla_engranaje,0.8000000000
3.9845000000,-0.0017557445,-0.1749310120,falla_engranaje,0.8000000000
3.9850000000,-0.0017682461,-0.1770875076,falla_engranaje,0.8000000000
3.9855000000,-0.0016186874,-0.1752425953,falla_engranaje,0.8000000000
3.9860000000,-0.0016999373,-0.1703861480,falla_engranaje,0.8000000000
3.9865000000,-0.0016920216,-0.1691381977,falla_engranaje,0.8000000000
3.9870000000,-0.0016731512,-0.1612909248,falla_engranaje,0.8000000000
3.9875000000,-0.0015716620,-0.1475327825,falla_engranaje,0.8000000000
3.9880000000,-0.0014332897,-0.1347254969,falla_engranaje,0.8000000000
3.9885000000,-0.0014489811,-0.1351949221,falla_engranaje,0.8000000000
3.9890000000,-0.0015854886,-0.1390805869,falla_engranaje,0.8000000000
3.9895000000,-0.0015705105,-0.1164519176,falla_engranaje,0.8000000000
3.9900000000,-0.0013708811,-0.1212752433,falla_engranaje,0.8000000000
3.9905000000,-0.0014287871,-0.1354912042,falla_engranaje,0.8000000000
3.9910000000,-0.0014259948,-0.1113719300,falla_engranaje,0.8000000000
3.9915000000,-0.0012476469,-0.0951756361,falla_engranaje,0.8000000000
3.9920000000,-0.0012641862,-0.0850153085,falla_engranaje,0.8000000000
3.9925000000,-0.0013510428,-0.0833483723,falla_engranaje,0.8000000000
3.9930000000,-0.0012462727,-0.0752603417,falla_engranaje,0.8000000000
3.9935000000,-0.0011475688,-0.0734380617,falla_engranaje,0.8000000000
3.9940000000,-0.0011187467,-0.0615083573,falla_engranaje,0.8000000000
3.9945000000,-0.0010551556,-0.0721394742,falla_engranaje,0.8000000000
3.9950000000,-0.0010316001,-0.0821144755,falla_engranaje,0.8000000000
3.9955000000,-0.0009989682,-0.0673619361,falla_engranaje,0.8000000000
3.9960000000,-0.0010186476,-0.0456407852,falla_engranaje,0.8000000000
3.9965000000,-0.0009548301,-0.0561178722,falla_engranaje,0.8000000000
3.9970000000,-0.0008789486,-0.0433556220,falla_engranaje,0.8000000000
3.9975000000,-0.0008223194,-0.0301126213,falla_engranaje,0.8000000000
3.9980000000,-0.0008834606,-0.0396252243,falla_engranaje,0.8000000000
3.9985000000,-0.0007326918,-0.0227656434,falla_engranaje,0.8000000000
3.9990000000,-0.0007564595,-0.0134969626,falla_engranaje,0.8000000000
3.9995000000,-0.0007749461,0.0069985097,falla_engranaje,0.8000000000
4.0000000000,-0.0006381796,0.0111763529,falla_engranaje,0.8000000000
4.0005000000,-0.0007255930,-0.0026127089,falla_engranaje,0.8000000000
4.0010000000,-0.0007900027,0.0205022532,falla_engranaje,0.8000000000
4.0015000000,-0.0006145581,0.0378536196,falla_engranaje,0.8000000000
4.0020000000,-0.0005867840,0.0360379770,falla_engranaje,0.8000000000
4.0025000000,-0.0005874763,0.0341511167,falla_engranaje,0.8000000000
4.0030000000,-0.0004703905,0.0267278175,falla_engranaje,0.8000000000
4.0035000000,-0.0005370134,0.0373210549,falla_engranaje,0.8000000000
4.0040000000,-0.0005084200,0.0414976936,falla_engranaje,0.8000000000
4.0045000000,-0.0003465996,0.0673608408,falla_engranaje,0.8000000000
4.0050000000,-0.0003932553,0.0679392267,falla_engranaje,0.8000000000
4.0055000000,-0.0003448752,0.0551635391,falla_engranaje,0.8000000000
4.0060000000,-0.0003015130,0.0707646991,falla_engranaje,0.8000000000
4.0065000000,-0.0002036866,0.0821640515,falla_engranaje,0.8000000000
4.0070000000,-0.0003429641,0.0926983942,falla_engranaje,0.8000000000
4.0075000000,-0.0000574315,0.1078288404,falla_engranaje,0.8000000000
4.0080000000,-0.0000918297,0.0851588611,falla_engranaje,0.8000000000
4.0085000000,-0.0001464366,0.1174977917,falla_engranaje,0.8000000000
4.0090000000,-0.0001291452,0.1322682806,falla_engranaje,0.8000000000
4.0095000000,-0.0000278134,0.1135738388,falla_engranaje,0.8000000000
4.0100000000,-0.0000276781,0.1202623695,falla_engranaje,0.8000000000
4.0105000000,-0.0000604991,0.1281768163,falla_engranaje,0.8000000000
4.0110000000,0.0000066295,0.1186963090,falla_engranaje,0.8000000000
4.0115000000,0.0000152596,0.1289625302,falla_engranaje,0.8000000000
4.0120000000,0.0000737786,0.1404442725,falla_engranaje,0.8000000000
4.0125000000,0.0000107490,0.1534211970,falla_engranaje,0.8000000000
4.0130000000,0.0001914888,0.1484084248,falla_engranaje,0.8000000000
4.0135000000,0.0002560462,0.1590538522,falla_engranaje,0.8000000000
4.0140000000,0.0001011918,0.1627472746,falla_engranaje,0.8000000000
4.0145000000,0.0002296767,0.1690275865,falla_engranaje,0.8000000000
4.0150000000,0.0003598934,0.1852088715,falla_engranaje,0.8000000000
4.0155000000,0.0003111461,0.1903771892,falla_engranaje,0.8000000000
4.0160000000,0.0004568784,0.1718534088,falla_engranaje,0.8000000000
4.0165000000,0.0004930681,0.1974766253,falla_engranaje,0.8000000000
4.0170000000,0.0004381877,0.2130325977,falla_engranaje,0.8000000000
4.0175000000,0.0004456754,0.2126838064,falla_engranaje,0.8000000000
4.0180000000,0.0005656274,0.2202813207,falla_engranaje,0.8000000000
4.0185000000,0.0005573281,0.2378375093,falla_engranaje,0.8000000000
4.0190000000,0.0004732344,0.2318493768,falla_engranaje,0.8000000000
4.0195000000,0.0006529178,0.2359213353,falla_engranaje,0.8000000000
4.0200000000,0.0005183976,0.2278876871,falla_engranaje,0.8000000000
4.0205000000,0.0006328270,0.2374997644,falla_engranaje,0.8000000000
4.0210000000,0.0005805745,0.2574935942,falla_engranaje,0.8000000000
4.0215000000,0.0007284224,0.2677601392,falla_engranaje,0.8000000000
4.0220000000,0.0007499539,0.2724501604,falla_engranaje,0.8000000000
4.0225000000,0.0007579838,0.2547739357,falla_engranaje,0.8000000000
4.0230000000,0.0008488541,0.2826222173,falla_engranaje,0.8000000000
4.0235000000,0.0008313897,0.2886630083,falla_engranaje,0.8000000000
4.0240000000,0.0008333254,0.2896314024,falla_engranaje,0.8000000000
4.0245000000,0.0010393870,0.2984525789,falla_engranaje,0.8000000000
4.0250000000,0.0009766247,0.2981826079,falla_engranaje,0.8000000000
4.0255000000,0.0010199789,0.3174343277,falla_engranaje,0.8000000000
4.0260000000,0.0010910562,0.3178717943,falla_engranaje,0.8000000000
4.0265000000,0.0010170932,0.3295585369,falla_engranaje,0.8000000000
4.0270000000,0.0010604312,0.3194795950,falla_engranaje,0.8000000000
4.0275000000,0.0011489257,0.3160183386,falla_engranaje,0.8000000000
4.0280000000,0.0011464004,0.3129305405,falla_engranaje,0.8000000000
4.0285000000,0.0012048772,0.3257003027,falla_engranaje,0.8000000000
4.0290000000,0.0013826799,0.3469785244,falla_engranaje,0.8000000000
4.0295000000,0.0013819982,0.3417257276,falla_engranaje,0.8000000000
4.0300000000,0.0012470822,0.3630069835,falla_engranaje,0.8000000000
4.0305000000,0.0014130760,0.3651294222,falla_engranaje,0.8000000000
4.0310000000,0.0013213974,0.3626880322,falla_engranaje,0.8000000000
4.0315000000,0.0015132330,0.3774978897,falla_engranaje,0.8000000000
4.0320000000,0.0013312988,0.3950027720,falla_engranaje,0.8000000000
4.0325000000,0.0015263117,0.3926511972,falla_engranaje,0.8000000000
4.0330000000,0.0014976542,0.3804427261,falla_engranaje,0.8000000000
4.0335000000,0.0014945368,0.3908782309,falla_engranaje,0.8000000000
4.0340000000,0.0016275112,0.4013056971,falla_engranaje,0.8000000000
4.0345000000,0.0016661049,0.4179449885,falla_engranaje,0.8000000000
4.0350000000,0.0016757733,0.4123642792,falla_engranaje,0.8000000000
4.0355000000,0.0017768853,0.4209684272,falla_engranaje,0.8000000000
4.0360000000,0.0017863715,0.4257285443,falla_engranaje,0.8000000000
4.0365000000,0.0017955919,0.4480627452,falla_engranaje,0.8000000000
4.0370000000,0.0017768518,0.4358110417,falla_engranaje,0.8000000000
4.0375000000,0.0018292537,0.4339724194,falla_engranaje,0.8000000000
4.0380000000,0.0018943591,0.4581839068,falla_engranaje,0.8000000000
4.0385000000,0.0018481018,0.4629514865,falla_engranaje,0.8000000000
4.0390000000,0.0019439696,0.4602956284,falla_engranaje,0.8000000000
4.0395000000,0.0020373745,0.4731351217,falla_engranaje,0.8000000000
4.0400000000,0.0020192854,0.4693869297,falla_engranaje,0.8000000000
4.0405000000,0.0019848213,0.4616431484,falla_engranaje,0.8000000000
4.0410000000,0.0020382787,0.4952034214,falla_engranaje,0.8000000000
4.0415000000,0.0022221296,0.4864547369,falla_engranaje,0.8000000000
4.0420000000,0.0022489122,0.4911709121,falla_engranaje,0.8000000000
4.0425000000,0.0021344277,0.5020619534,falla_engranaje,0.8000000000
4.0430000000,0.0022489788,0.5051159597,falla_engranaje,0.8000000000
4.0435000000,0.0023032676,0.4927929077,falla_engranaje,0.8000000000
4.0440000000,0.0022944127,0.5139760473,falla_engranaje,0.8000000000
4.0445000000,0.0022980988,0.5295667817,falla_engranaje,0.8000000000
4.0450000000,0.0023694742,0.5266354478,falla_engranaje,0.8000000000
4.0455000000,0.0023243871,0.5329865502,falla_engranaje,0.8000000000
4.0460000000,0.0023564081,0.5300867233,falla_engranaje,0.8000000000
4.0465000000,0.0023630898,0.5537172753,falla_engranaje,0.8000000000
4.0470000000,0.0024494846,0.5587225537,falla_engranaje,0.8000000000
4.0475000000,0.0025417995,0.5525795104,falla_engranaje,0.8000000000
4.0480000000,0.0026385935,0.5567899778,falla_engranaje,0.8000000000
4.0485000000,0.0025093348,0.5646168761,falla_engranaje,0.8000000000
4.0490000000,0.0025540988,0.5632669030,falla_engranaje,0.8000000000
4.0495000000,0.0026550775,0.5748846397,falla_engranaje,0.8000000000
4.0500000000,0.0027030835,0.5873645428,falla_engranaje,0.8000000000
4.0505000000,0.0027530183,0.5879387632,falla_engranaje,0.8000000000
4.0510000000,0.0029082535,0.5996519930,falla_engranaje,0.8000000000
4.0515000000,0.0028638541,0.6065150368,falla_engranaje,0.8000000000
4.0520000000,0.0027601914,0.6095481283,falla_engranaje,0.8000000000
4.0525000000,0.0029909782,0.6190030694,falla_engranaje,0.8000000000
4.0530000000,0.0028353904,0.6211478155,falla_engranaje,0.8000000000
4.0535000000,0.0029164894,0.6073928690,falla_engranaje,0.8000000000
4.0540000000,0.0028487938,0.6259622395,falla_engranaje,0.8000000000
4.0545000000,0.0030145192,0.6504087509,falla_engranaje,0.8000000000
4.0550000000,0.0030594539,0.6422735464,falla_engranaje,0.8000000000
4.0555000000,0.0029815144,0.6368703812,falla_engranaje,0.8000000000
4.0560000000,0.0031145005,0.6545740225,falla_engranaje,0.8000000000
4.0565000000,0.0030616605,0.6469473129,falla_engranaje,0.8000000000
4.0570000000,0.0031463043,0.6640372227,falla_engranaje,0.8000000000
4.0575000000,0.0031659868,0.6509405484,falla_engranaje,0.8000000000
4.0580000000,0.0030541086,0.6563942337,falla_engranaje,0.8000000000
4.0585000000,0.0033121189,0.6713247992,falla_engranaje,0.8000000000
4.0590000000,0.0033149600,0.6976807092,falla_engranaje,0.8000000000
4.0595000000,0.0034062412,0.6707235232,falla_engranaje,0.8000000000
4.0600000000,0.0032838456,0.6863105221,falla_engranaje,0.8000000000
4.0605000000,0.0033685388,0.7113022216,falla_engranaje,0.8000000000
4.0610000000,0.0035294036,0.7068106134,falla_engranaje,0.8000000000
4.0615000000,0.0034652379,0.7105074284,falla_engranaje,0.8000000000
4.0620000000,0.0034662391,0.7174218514,falla_engranaje,0.8000000000
4.0625000000,0.0034618883,0.7324281082,falla_engranaje,0.8000000000
4.0630000000,0.0035679457,0.7078610795,falla_engranaje,0.8000000000
4.0635000000,0.0035794319,0.7427255842,falla_engranaje,0.8000000000
4.0640000000,0.0036479345,0.7512901012,falla_engranaje,0.8000000000
4.0645000000,0.0037297690,0.7311595194,falla_engranaje,0.8000000000
4.0650000000,0.0036620201,0.7556666641,falla_engranaje,0.8000000000
4.0655000000,0.0037262413,0.7562018704,falla_engranaje,0.8000000000
4.0660000000,0.0037859058,0.7492507417,falla_engranaje,0.8000000000
4.0665000000,0.0037889752,0.7628404331,falla_engranaje,0.8000000000
4.0670000000,0.0037722931,0.7773987361,falla_engranaje,0.8000000000
4.0675000000,0.0037372057,0.7702462216,falla_engranaje,0.8000000000
4.0680000000,0.0037713938,0.7781228888,falla_engranaje,0.8000000000
4.0685000000,0.0038289910,0.7839614018,falla_engranaje,0.8000000000
4.0690000000,0.0037904566,0.7920670553,falla_engranaje,0.8000000000
4.0695000000,0.0038810462,0.7919247180,falla_engranaje,0.8000000000
4.0700000000,0.0038476975,0.7984820257,falla_engranaje,0.8000000000
4.0705000000,0.0039907433,0.8226368613,falla_engranaje,0.8000000000
4.0710000000,0.0040453305,0.8188417141,falla_engranaje,0.8000000000
4.0715000000,0.0040999326,0.7872373529,falla_engranaje,0.8000000000
4.0720000000,0.0041190384,0.8181430681,falla_engranaje,0.8000000000
4.0725000000,0.0040931822,0.8204049249,falla_engranaje,0.8000000000
4.0730000000,0.0041376632,0.8241056094,falla_engranaje,0.8000000000
4.0735000000,0.0041961296,0.8505471467,falla_engranaje,0.8000000000
4.0740000000,0.0041813172,0.8419364479,falla_engranaje,0.8000000000
4.0745000000,0.0042396808,0.8539501051,falla_engranaje,0.8000000000
4.0750000000,0.0041759510,0.8535117353,falla_engranaje,0.8000000000
4.0755000000,0.0043903368,0.8492376848,falla_engranaje,0.8000000000
4.0760000000,0.0042916897,0.8698903936,falla_engranaje,0.8000000000
4.0765000000,0.0043438714,0.8682988439,falla_engranaje,0.8000000000
4.0770000000,0.0044545178,0.8626913569,falla_engranaje,0.8000000000
4.0775000000,0.0043502806,0.8959803214,falla_engranaje,0.8000000000
4.0780000000,0.0044313171,0.8861857301,falla_engranaje,0.8000000000
4.0785000000,0.0043066722,0.8856605713,falla_engranaje,0.8000000000
4.0790000000,0.0044691275,0.8931521548,falla_engranaje,0.8000000000
4.0795000000,0.0045399681,0.8957499481,falla_engranaje,0.8000000000
4.0800000000,0.0044825703,0.9079181490,falla_engranaje,0.8000000000
4.0805000000,0.0046059611,0.8867773699,falla_engranaje,0.8000000000
4.0810000000,0.0047162398,0.9070943183,falla_engranaje,0.8000000000
4.0815000000,0.0046624804,0.9223265394,falla_engranaje,0.8000000000
4.0820000000,0.0046291667,0.9163244808,falla_engranaje,0.8000000000
4.0825000000,0.0046900265,0.9244091979,falla_engranaje,0.8000000000
4.0830000000,0.0046975295,0.9307847258,falla_engranaje,0.8000000000
4.0835000000,0.0047129396,0.9250866430,falla_engranaje,0.8000000000
4.0840000000,0.0048225431,0.9473021528,falla_engranaje,0.8000000000
4.0845000000,0.0048528602,0.9308388841,falla_engranaje,0.8000000000
4.0850000000,0.0048128695,0.9363945793,falla_engranaje,0.8000000000
4.0855000000,0.0048681315,0.9769928514,falla_engranaje,0.8000000000
4.0860000000,0.0049657734,0.9487716590,falla_engranaje,0.8000000000
4.0865000000,0.0049878442,0.9616364189,falla_engranaje,0.8000000000
4.0870000000,0.0050143528,0.9600570789,falla_engranaje,0.8000000000
4.0875000000,0.0049076302,0.9860160240,falla_engranaje,0.8000000000
4.0880000000,0.0048880276,0.9797862968,falla_engranaje,0.8000000000
4.0885000000,0.0050102291,0.9915529891,falla_engranaje,0.8000000000
4.0890000000,0.0050075553,1.0013994531,falla_engranaje,0.8000000000
4.0895000000,0.0050166056,1.0032692394,falla_engranaje,0.8000000000
4.0900000000,0.0051834938,0.9945661327,falla_engranaje,0.8000000000
4.0905000000,0.0051885830,1.0063549607,falla_engranaje,0.8000000000
4.0910000000,0.0053333913,0.9918498217,falla_engranaje,0.8000000000
4.0915000000,0.0052201475,0.9943405746,falla_engranaje,0.8000000000
4.0920000000,0.0050911698,1.0425164940,falla_engranaje,0.8000000000
4.0925000000,0.0052412133,1.0039542823,falla_engranaje,0.8000000000
4.0930000000,0.0053359937,1.0154080003,falla_engranaje,0.8000000000
4.0935000000,0.0052476691,1.0150306500,falla_engranaje,0.8000000000
4.0940000000,0.0053694422,1.0300814405,falla_engranaje,0.8000000000
4.0945000000,0.0053102071,1.0358000662,falla_engranaje,0.8000000000
4.0950000000,0.0054610854,1.0579394362,falla_engranaje,0.8000000000
4.0955000000,0.0052800006,1.0420742015,falla_engranaje,0.8000000000
4.0960000000,0.0055401055,1.0519672013,falla_engranaje,0.8000000000
4.0965000000,0.0053727685,1.0423135999,falla_engranaje,0.8000000000
4.0970000000,0.0055718649,1.0591976485,falla_engranaje,0.8000000000
4.0975000000,0.0054653346,1.0771460052,falla_engranaje,0.8000000000
4.0980000000,0.0054893816,1.0577675316,falla_engranaje,0.8000000000
4.0985000000,0.0056214298,1.0661714360,falla_engranaje,0.8000000000
4.0990000000,0.0055260546,1.0699078905,falla_engranaje,0.8000000000
4.0995000000,0.0056150370,1.0705017604,falla_engranaje,0.8000000000
4.1000000000,0.0056034563,1.0813880041,falla_engranaje,0.8000000000
4.1005000000,0.0056634633,1.0901279499,falla_engranaje,0.8000000000
4.1010000000,0.0056781951,1.0800082962,falla_engranaje,0.8000000000
4.1015000000,0.0056332140,1.0880839043,falla_engranaje,0.8000000000
4.1020000000,0.0057329656,1.0948781592,falla_engranaje,0.8000000000
4.1025000000,0.0057812850,1.1109883840,falla_engranaje,0.8000000000
4.1030000000,0.0058113795,1.1188898441,falla_engranaje,0.8000000000
4.1035000000,0.0057888240,1.1191693542,falla_engranaje,0.8000000000
4.1040000000,0.0058495385,1.1128221538,falla_engranaje,0.8000000000
4.1045000000,0.0058374011,1.1230187516,falla_engranaje,0.8000000000
4.1050000000,0.0059225816,1.1227790982,falla_engranaje,0.8000000000
4.1055000000,0.0058059468,1.1626073476,falla_engranaje,0.8000000000
4.1060000000,0.0059432141,1.1398003107,falla_engranaje,0.8000000000
4.1065000000,0.0059404977,1.1323410352,falla_engranaje,0.8000000000
4.1070000000,0.0059665029,1.1586887856,falla_engranaje,0.8000000000
4.1075000000,0.0059944558,1.1418935454,falla_engranaje,0.8000000000
4.1080000000,0.0060769466,1.1543946418,falla_engranaje,0.8000000000
4.1085000000,0.0061025851,1.1502538854,falla_engranaje,0.8000000000
4.1090000000,0.0059421431,1.1659100648,falla_engranaje,0.8000000000
4.1095000000,0.0060942590,1.1723459502,falla_engranaje,0.8000000000
4.1100000000,0.0060614827,1.1497334321,falla_engranaje,0.8000000000
4.1105000000,0.0062228579,1.1675054833,falla_engranaje,0.8000000000
4.1110000000,0.0061516831,1.1733576796,falla_engranaje,0.8000000000
4.1115000000,0.0063430280,1.1823069968,falla_engranaje,0.8000000000
4.1120000000,0.0063098587,1.1868390853,falla_engranaje,0.8000000000
4.1125000000,0.0062284198,1.1930702233,falla_engranaje,0.8000000000
4.1130000000,0.0062951942,1.1988303155,falla_engranaje,0.8000000000
4.1135000000,0.0062380652,1.1998837736,falla_engranaje,0.8000000000
4.1140000000,0.0063849778,1.2117359608,falla_engranaje,0.8000000000
4.1145000000,0.0064616013,1.1934025137,falla_engranaje,0.8000000000
4.1150000000,0.0063434143,1.2005583865,falla_engranaje,0.8000000000
4.1155000000,0.0064729296,1.2166331322,falla_engranaje,0.8000000000
4.1160000000,0.0064138596,1.2151192995,falla_engranaje,0.8000000000
4.1165000000,0.0063526671,1.2025443763,falla_engranaje,0.8000000000
4.1170000000,0.0063419362,1.2212335500,falla_engranaje,0.8000000000
4.1175000000,0.0064998484,1.2357576508,falla_engranaje,0.8000000000
4.1180000000,0.0064943416,1.2440900831,falla_engranaje,0.8000000000
4.1185000000,0.0065000702,1.2282575155,falla_engranaje,0.8000000000
4.1190000000,0.0065738330,1.2255197769,falla_engranaje,0.8000000000
4.1195000000,0.0065623972,1.2404446104,falla_engranaje,0.8000000000
4.1200000000,0.0066721332,1.2392881246,falla_engranaje,0.8000000000
4.1205000000,0.0067806475,1.2552300661,falla_engranaje,0.8000000000
4.1210000000,0.0065681868,1.2511053496,falla_engranaje,0.8000000000
4.1215000000,0.0067662310,1.2584455999,falla_engranaje,0.8000000000
4.1220000000,0.0066659695,1.2457357682,falla_engranaje,0.8000000000
4.1225000000,0.0065970357,1.2567958069,falla_engranaje,0.8000000000
4.1230000000,0.0065324384,1.2666716784,falla_engranaje,0.8000000000
4.1235000000,0.0067956598,1.2593020027,falla_engranaje,0.8000000000
4.1240000000,0.0067589790,1.2859454097,falla_engranaje,0.8000000000
4.1245000000,0.0066960137,1.2805269312,falla_engranaje,0.8000000000
4.1250000000,0.0067546089,1.2807967996,falla_engranaje,0.8000000000
4.1255000000,0.0068648996,1.2785593931,falla_engranaje,0.8000000000
4.1260000000,0.0068309607,1.2958853856,falla_engranaje,0.8000000000
4.1265000000,0.0068352552,1.3006109691,falla_engranaje,0.8000000000
4.1270000000,0.0069582982,1.2914440148,falla_engranaje,0.8000000000
4.1275000000,0.0069407401,1.2878039439,falla_engranaje,0.8000000000
4.1280000000,0.0069038817,1.2876596135,falla_engranaje,0.8000000000
4.1285000000,0.0069038580,1.3196330241,falla_engranaje,0.8000000000
4.1290000000,0.0069435139,1.2885744628,falla_engranaje,0.8000000000
4.1295000000,0.0069407054,1.3175551406,falla_engranaje,0.8000000000
4.1300000000,0.0070503861,1.3123101155,falla_engranaje,0.8000000000
4.1305000000,0.0070650482,1.3206711379,falla_engranaje,0.8000000000
4.1310000000,0.0070004884,1.3063255253,falla_engranaje,0.8000000000
4.1315000000,0.0072864093,1.3313089756,falla_engranaje,0.8000000000
4.1320000000,0.0070377648,1.3077169506,falla_engranaje,0.8000000000
4.1325000000,0.0070907533,1.3391285266,falla_engranaje,0.8000000000
4.1330000000,0.0071749111,1.3196685640,falla_engranaje,0.8000000000
4.1335000000,0.0071300426,1.3324635688,falla_engranaje,0.8000000000
4.1340000000,0.0071818603,1.3441005909,falla_engranaje,0.8000000000
4.1345000000,0.0071379033,1.3337169762,falla_engranaje,0.8000000000
4.1350000000,0.0072592685,1.3408675738,falla_engranaje,0.8000000000
4.1355000000,0.0072990340,1.3449037523,falla_engranaje,0.8000000000
4.1360000000,0.0072252094,1.3648005000,falla_engranaje,0.8000000000
4.1365000000,0.0072171731,1.3533501025,falla_engranaje,0.8000000000
4.1370000000,0.0072734403,1.3489876023,falla_engranaje,0.8000000000
4.1375000000,0.0073280027,1.3504807407,falla_engranaje,0.8000000000
4.1380000000,0.0071268815,1.3540116730,falla_engranaje,0.8000000000
4.1385000000,0.0073421422,1.3620487307,falla_engranaje,0.8000000000
4.1390000000,0.0074205621,1.3581399366,falla_engranaje,0.8000000000
4.1395000000,0.0072995772,1.3671923234,falla_engranaje,0.8000000000
4.1400000000,0.0072798323,1.3774845996,falla_engranaje,0.8000000000
4.1405000000,0.0073047019,1.3837486781,falla_engranaje,0.8000000000
4.1410000000,0.0074570676,1.3609963849,falla_engranaje,0.8000000000
4.1415000000,0.0073764612,1.3940357165,falla_engranaje,0.8000000000
4.1420000000,0.0074645175,1.3662967124,falla_engranaje,0.8000000000
4.1425000000,0.0073392554,1.3716436020,falla_engranaje,0.8000000000
4.1430000000,0.0074325604,1.3865029962,falla_engranaje,0.8000000000
4.1435000000,0.0074843568,1.3935226169,falla_engranaje,0.8000000000
4.1440000000,0.0074488714,1.3984028985,falla_engranaje,0.8000000000
4.1445000000,0.0075150475,1.3885577726,falla_engranaje,0.8000000000
4.1450000000,0.0075839637,1.3938902231,falla_engranaje,0.8000000000
4.1455000000,0.0075055999,1.4005991974,falla_engranaje,0.8000000000
4.1460000000,0.0075617187,1.4092450022,falla_engranaje,0.8000000000
4.1465000000,0.0076218052,1.3991113439,falla_engranaje,0.8000000000
4.1470000000,0.0076516153,1.3930933149,falla_engranaje,0.8000000000
4.1475000000,0.0075887242,1.4130676400,falla_engranaje,0.8000000000
4.1480000000,0.0077074879,1.3926401215,falla_engranaje,0.8000000000
4.1485000000,0.0076439862,1.4309028934,falla_engranaje,0.8000000000
4.1490000000,0.0076237314,1.4265182816,falla_engranaje,0.8000000000
4.1495000000,0.0076218069,1.4111497277,falla_engranaje,0.8000000000
4.1500000000,0.0076748068,1.4183406602,falla_engranaje,0.8000000000
4.1505000000,0.0076529094,1.4262871706,falla_engranaje,0.8000000000
4.1510000000,0.0076696338,1.4143117947,falla_engranaje,0.8000000000
4.1515000000,0.0076638717,1.4319765295,falla_engranaje,0.8000000000
4.1520000000,0.0077990598,1.4413058310,falla_engranaje,0.8000000000
4.1525000000,0.0077523895,1.4289210664,falla_engranaje,0.8000000000
4.1530000000,0.0076860029,1.4484424533,falla_engranaje,0.8000000000
4.1535000000,0.0076474779,1.4415843731,falla_engranaje,0.8000000000
4.1540000000,0.0077473146,1.4566911597,falla_engranaje,0.8000000000
4.1545000000,0.0078486931,1.4368517882,falla_engranaje,0.8000000000
4.1550000000,0.0077799996,1.4464877989,falla_engranaje,0.8000000000
4.1555000000,0.0078347761,1.4513556064,falla_engranaje,0.8000000000
4.1560000000,0.0078549941,1.4638017934,falla_engranaje,0.8000000000
4.1565000000,0.0077615624,1.4531559602,falla_engranaje,0.8000000000
4.1570000000,0.0078715176,1.4593576349,falla_engranaje,0.8000000000
4.1575000000,0.0078223730,1.4519602770,falla_engranaje,0.8000000000
4.1580000000,0.0078144452,1.4601010307,falla_engranaje,0.8000000000
4.1585000000,0.0078510512,1.4437168516,falla_engranaje,0.8000000000
4.1590000000,0.0079580144,1.4626247690,falla_engranaje,0.8000000000
4.1595000000,0.0078758152,1.4635334364,falla_engranaje,0.8000000000
4.1600000000,0.0079548620,1.4662553219,falla_engranaje,0.8000000000
4.1605000000,0.0078683174,1.4694351612,falla_engranaje,0.8000000000
4.1610000000,0.0079320088,1.4817895462,falla_engranaje,0.8000000000
4.1615000000,0.0079148469,1.4803952524,falla_engranaje,0.8000000000
4.1620000000,0.0080068192,1.4930195772,falla_engranaje,0.8000000000
4.1625000000,0.0079555987,1.4828066027,falla_engranaje,0.8000000000
4.1630000000,0.0080060516,1.4807232993,falla_engranaje,0.8000000000
4.1635000000,0.0079555480,1.4921545324,falla_engranaje,0.8000000000
4.1640000000,0.0079945747,1.4771462148,falla_engranaje,0.8000000000
4.1645000000,0.0079497769,1.4819261426,falla_engranaje,0.8000000000
4.1650000000,0.0079172980,1.4828996119,falla_engranaje,0.8000000000
4.1655000000,0.0080403510,1.4907790610,falla_engranaje,0.8000000000
4.1660000000,0.0080381080,1.5109254629,falla_engranaje,0.8000000000
4.1665000000,0.0078792837,1.4854754911,falla_engranaje,0.8000000000
4.1670000000,0.0079800619,1.4904420191,falla_engranaje,0.8000000000
4.1675000000,0.0080795613,1.5067961864,falla_engranaje,0.8000000000
4.1680000000,0.0080225223,1.5029414914,falla_engranaje,0.8000000000
4.1685000000,0.0081365929,1.5059568162,falla_engranaje,0.8000000000
4.1690000000,0.0080957886,1.4943684268,falla_engranaje,0.8000000000
4.1695000000,0.0080746338,1.5287993285,falla_engranaje,0.8000000000
4.1700000000,0.0082212289,1.4972822760,falla_engranaje,0.8000000000
4.1705000000,0.0081580867,1.5041817031,falla_engranaje,0.8000000000
4.1710000000,0.0081882195,1.5116445920,falla_engranaje,0.8000000000
4.1715000000,0.0081772689,1.5072232454,falla_engranaje,0.8000000000
4.1720000000,0.0081743376,1.5105134320,falla_engranaje,0.8000000000
4.1725000000,0.0081819391,1.5183906621,falla_engranaje,0.8000000000
4.1730000000,0.0080285166,1.5131707813,falla_engranaje,0.8000000000
4.1735000000,0.0081602892,1.5208666337,falla_engranaje,0.8000000000
4.1740000000,0.0082148209,1.5096920770,falla_engranaje,0.8000000000
4.1745000000,0.0082095864,1.5265582262,falla_engranaje,0.8000000000
4.1750000000,0.0082748031,1.5220636421,falla_engranaje,0.8000000000
4.1755000000,0.0082191954,1.5294983996,falla_engranaje,0.8000000000
4.1760000000,0.0082291357,1.5164863527,falla_engranaje,0.8000000000
4.1765000000,0.0082967374,1.5205913279,falla_engranaje,0.8000000000
4.1770000000,0.0083651898,1.5547610912,falla_engranaje,0.8000000000
4.1775000000,0.0081572007,1.5234005882,falla_engranaje,0.8000000000
4.1780000000,0.0082383410,1.5519968159,falla_engranaje,0.8000000000
4.1785000000,0.0082825017,1.5225155513,falla_engranaje,0.8000000000
4.1790000000,0.0082515462,1.5320475076,falla_engranaje,0.8000000000
4.1795000000,0.0082889808,1.5617829378,falla_engranaje,0.8000000000
4.1800000000,0.0081737909,1.5384034438,falla_engranaje,0.8000000000
4.1805000000,0.0083208902,1.5476570540,falla_engranaje,0.8000000000
4.1810000000,0.0082631228,1.5384681090,falla_engranaje,0.8000000000
4.1815000000,0.0081877122,1.5316460057,falla_engranaje,0.8000000000
4.1820000000,0.0083450698,1.5553751071,falla_engranaje,0.8000000000
4.1825000000,0.0082326807,1.5478650562,falla_engranaje,0.8000000000
4.1830000000,0.0083115052,1.5393056664,falla_engranaje,0.8000000000
4.1835000000,0.0083874752,1.5484924740,falla_engranaje,0.8000000000
4.1840000000,0.0082296729,1.5508523594,falla_engranaje,0.8000000000
4.1845000000,0.0083674990,1.5459026339,falla_engranaje,0.8000000000
4.1850000000,0.0082565492,1.5389514417,falla_engranaje,0.8000000000
4.1855000000,0.0083198537,1.5661702241,falla_engranaje,0.8000000000
4.1860000000,0.0082592758,1.5552377184,falla_engranaje,0.8000000000
4.1865000000,0.0083841619,1.5510830047,falla_engranaje,0.8000000000
4.1870000000,0.0083589796,1.5682520147,falla_engranaje,0.8000000000
4.1875000000,0.0083650580,1.5487277690,falla_engranaje,0.8000000000
4.1880000000,0.0083830218,1.5740916284,falla_engranaje,0.8000000000
4.1885000000,0.0082055474,1.5493185174,falla_engranaje,0.8000000000
4.1890000000,0.0082575140,1.5632481443,falla_engranaje,0.8000000000
4.1895000000,0.0083819016,1.5483433361,falla_engranaje,0.8000000000
4.1900000000,0.0083521036,1.5629975418,falla_engranaje,0.8000000000
4.1905000000,0.0083157997,1.5488402042,falla_engranaje,0.8000000000
4.1910000000,0.0083857236,1.5627694279,falla_engranaje,0.8000000000
4.1915000000,0.0084316137,1.5586923716,falla_engranaje,0.8000000000
4.1920000000,0.0082326572,1.5747701821,falla_engranaje,0.8000000000
4.1925000000,0.0083294658,1.5474777914,falla_engranaje,0.8000000000
4.1930000000,0.0083982117,1.5593701515,falla_engranaje,0.8000000000
4.1935000000,0.0083976245,1.5633913379,falla_engranaje,0.8000000000
4.1940000000,0.0083555247,1.5552922388,falla_engranaje,0.8000000000
4.1945000000,0.0083052080,1.5750790203,falla_engranaje,0.8000000000
4.1950000000,0.0083618421,1.5815923219,falla_engranaje,0.8000000000
4.1955000000,0.0083475169,1.5766579386,falla_engranaje,0.8000000000
4.1960000000,0.0085266543,1.5831475485,falla_engranaje,0.8000000000
4.1965000000,0.0083658092,1.5535863153,falla_engranaje,0.8000000000
4.1970000000,0.0083903060,1.5665235494,falla_engranaje,0.8000000000
4.1975000000,0.0085309343,1.5781894926,falla_engranaje,0.8000000000
4.1980000000,0.0083807301,1.5825669204,falla_engranaje,0.8000000000
4.1985000000,0.0085744573,1.5659119387,falla_engranaje,0.8000000000
4.1990000000,0.0083767924,1.5731842560,falla_engranaje,0.8000000000
4.1995000000,0.0083957376,1.5820665346,falla_engranaje,0.8000000000
4.2000000000,0.0084964944,1.5732001803,falla_engranaje,0.8000000000
4.2005000000,0.0084791132,1.5785782225,falla_engranaje,0.8000000000
4.2010000000,0.0084487000,1.5859894973,falla_engranaje,0.8000000000
4.2015000000,0.0084617606,1.5774177428,falla_engranaje,0.8000000000
4.2020000000,0.0084498053,1.5620556692,falla_engranaje,0.8000000000
4.2025000000,0.0084784252,1.5718534153,falla_engranaje,0.8000000000
4.2030000000,0.0083549630,1.5669060382,falla_engranaje,0.8000000000
4.2035000000,0.0083357156,1.5902931879,falla_engranaje,0.8000000000
4.2040000000,0.0083891470,1.5849860892,falla_engranaje,0.8000000000
4.2045000000,0.0084757541,1.5768977400,falla_engranaje,0.8000000000
4.2050000000,0.0083605210,1.5797999866,falla_engranaje,0.8000000000
4.2055000000,0.0084348283,1.5823476909,falla_engranaje,0.8000000000
4.2060000000,0.0083295021,1.5597880849,falla_engranaje,0.8000000000
4.2065000000,0.0084462143,1.5849825018,falla_engranaje,0.8000000000
4.2070000000,0.0084744373,1.5733648441,falla_engranaje,0.8000000000
4.2075000000,0.0084005171,1.5921515749,falla_engranaje,0.8000000000
4.2080000000,0.0084290865,1.5697997148,falla_engranaje,0.8000000000
4.2085000000,0.0083536929,1.5798974764,falla_engranaje,0.8000000000
4.2090000000,0.0085055582,1.5817602823,falla_engranaje,0.8000000000
4.2095000000,0.0085273975,1.5788448025,falla_engranaje,0.8000000000
4.2100000000,0.0084743253,1.5656811365,falla_engranaje,0.8000000000
4.2105000000,0.0084743385,1.5676814948,falla_engranaje,0.8000000000
4.2110000000,0.0083486583,1.5915906930,falla_engranaje,0.8000000000
4.2115000000,0.0083453780,1.5751037267,falla_engranaje,0.8000000000
4.2120000000,0.0084044198,1.5856448215,falla_engranaje,0.8000000000
4.2125000000,0.0083923341,1.5776449143,falla_engranaje,0.8000000000
4.2130000000,0.0083644913,1.5990508563,falla_engranaje,0.8000000000
4.2135000000,0.0083519128,1.5807137686,falla_engranaje,0.8000000000
4.2140000000,0.0084914772,1.6006539981,falla_engranaje,0.8000000000
4.2145000000,0.0084169329,1.5867075245,falla_engranaje,0.8000000000
4.2150000000,0.0084399577,1.5683009092,falla_engranaje,0.8000000000
4.2155000000,0.0084238933,1.5675934253,falla_engranaje,0.8000000000
4.2160000000,0.0084392133,1.5808090725,falla_engranaje,0.8000000000
4.2165000000,0.0084871831,1.5890083794,falla_engranaje,0.8000000000
4.2170000000,0.0084472110,1.5778830152,falla_engranaje,0.8000000000
4.2175000000,0.0082529495,1.5788800508,falla_engranaje,0.8000000000
4.2180000000,0.0083475637,1.5768203882,falla_engranaje,0.8000000000
4.2185000000,0.0083798015,1.5895320376,falla_engranaje,0.8000000000
4.2190000000,0.0084789625,1.5824051382,falla_engranaje,0.8000000000
4.2195000000,0.0083403552,1.5815559414,falla_engranaje,0.8000000000
4.2200000000,0.0083402412,1.5783272547,falla_engranaje,0.8000000000
4.2205000000,0.0083515799,1.5790423725,falla_engranaje,0.8000000000
4.2210000000,0.0083061104,1.5760064227,falla_engranaje,0.8000000000
4.2215000000,0.0083523172,1.5715333749,falla_engranaje,0.8000000000
4.2220000000,0.0083022408,1.5725080474,falla_engranaje,0.8000000000
4.2225000000,0.0083456326,1.5803289159,falla_engranaje,0.8000000000
4.2230000000,0.0084489058,1.5931705267,falla_engranaje,0.8000000000
4.2235000000,0.0082993247,1.5796474450,falla_engranaje,0.8000000000
4.2240000000,0.0081956039,1.5709001946,falla_engranaje,0.8000000000
4.2245000000,0.0082304339,1.5802175672,falla_engranaje,0.8000000000
4.2250000000,0.0083341969,1.5897462901,falla_engranaje,0.8000000000
4.2255000000,0.0083668350,1.5863740017,falla_engranaje,0.8000000000
4.2260000000,0.0083691922,1.5862499264,falla_engranaje,0.8000000000
4.2265000000,0.0083726706,1.5898593807,falla_engranaje,0.8000000000
4.2270000000,0.0082984501,1.5801621662,falla_engranaje,0.8000000000
4.2275000000,0.0081747727,1.5717148262,falla_engranaje,0.8000000000
4.2280000000,0.0082427559,1.5751991884,falla_engranaje,0.8000000000
4.2285000000,0.0083258632,1.5773362419,falla_engranaje,0.8000000000
4.2290000000,0.0083115438,1.5822925974,falla_engranaje,0.8000000000
4.2295000000,0.0083445277,1.5721011338,falla_engranaje,0.8000000000
4.2300000000,0.0082330400,1.5885936881,falla_engranaje,0.8000000000
4.2305000000,0.0081944188,1.5749923139,falla_engranaje,0.8000000000
4.2310000000,0.0082251974,1.5793488247,falla_engranaje,0.8000000000
4.2315000000,0.0081807110,1.5792214788,falla_engranaje,0.8000000000
4.2320000000,0.0082235199,1.5751439857,falla_engranaje,0.8000000000
4.2325000000,0.0082635633,1.5792975512,falla_engranaje,0.8000000000
4.2330000000,0.0081834501,1.5674740123,falla_engranaje,0.8000000000
4.2335000000,0.0081543905,1.5839063815,falla_engranaje,0.8000000000
4.2340000000,0.0082243617,1.5916767329,falla_engranaje,0.8000000000
4.2345000000,0.0081488512,1.5727551719,falla_engranaje,0.8000000000
4.2350000000,0.0081644599,1.5741401503,falla_engranaje,0.8000000000
4.2355000000,0.0082170797,1.5647114756,falla_engranaje,0.8000000000
4.2360000000,0.0082439157,1.5843856837,falla_engranaje,0.8000000000
4.2365000000,0.0081206540,1.5608468204,falla_engranaje,0.8000000000
4.2370000000,0.0082356633,1.5823293189,falla_engranaje,0.8000000000
4.2375000000,0.0082254412,1.5663043702,falla_engranaje,0.8000000000
4.2380000000,0.0082179470,1.5631506320,falla_engranaje,0.8000000000
4.2385000000,0.0082134434,1.5619964424,falla_engranaje,0.8000000000
4.2390000000,0.0080736275,1.5754025757,falla_engranaje,0.8000000000
4.2395000000,0.0081209478,1.5732158489,falla_engranaje,0.8000000000
4.2400000000,0.0081763138,1.5696865702,falla_engranaje,0.8000000000
4.2405000000,0.0081641010,1.5573649995,falla_engranaje,0.8000000000
4.2410000000,0.0081013967,1.5602007694,falla_engranaje,0.8000000000
4.2415000000,0.0080298868,1.5661394806,falla_engranaje,0.8000000000
4.2420000000,0.0080009085,1.5500404969,falla_engranaje,0.8000000000
4.2425000000,0.0080805281,1.5622342356,falla_engranaje,0.8000000000
4.2430000000,0.0080359102,1.5667758168,falla_engranaje,0.8000000000
4.2435000000,0.0081006698,1.5602607360,falla_engranaje,0.8000000000
4.2440000000,0.0080706387,1.5767444791,falla_engranaje,0.8000000000
4.2445000000,0.0078654068,1.5515842024,falla_engranaje,0.8000000000
4.2450000000,0.0080404208,1.5460164619,falla_engranaje,0.8000000000
4.2455000000,0.0079140924,1.5533971997,falla_engranaje,0.8000000000
4.2460000000,0.0079790992,1.5593572645,falla_engranaje,0.8000000000
4.2465000000,0.0079903294,1.5618508291,falla_engranaje,0.8000000000
4.2470000000,0.0079053015,1.5555388041,falla_engranaje,0.8000000000
4.2475000000,0.0078376457,1.5551531935,falla_engranaje,0.8000000000
4.2480000000,0.0080642877,1.5470541649,falla_engranaje,0.8000000000
4.2485000000,0.0079394830,1.5519691671,falla_engranaje,0.8000000000
4.2490000000,0.0080215320,1.5438936911,falla_engranaje,0.8000000000
4.2495000000,0.0079744298,1.5421696153,falla_engranaje,0.8000000000
4.2500000000,0.0080036975,1.5531113047,falla_engranaje,0.8000000000
4.2505000000,0.0077860001,1.5756280394,falla_engranaje,0.8000000000
4.2510000000,0.0078771890,1.5518705189,falla_engranaje,0.8000000000
4.2515000000,0.0079330343,1.5257489361,falla_engranaje,0.8000000000
4.2520000000,0.0079280824,1.5357765966,falla_engranaje,0.8000000000
4.2525000000,0.0076830220,1.5397289515,falla_engranaje,0.8000000000
4.2530000000,0.0076968719,1.5456033505,falla_engranaje,0.8000000000
4.2535000000,0.0079068353,1.5420504723,falla_engranaje,0.8000000000
4.2540000000,0.0077764901,1.5487911951,falla_engranaje,0.8000000000
4.2545000000,0.0077930651,1.5445864628,falla_engranaje,0.8000000000
4.2550000000,0.0079673106,1.5297914908,falla_engranaje,0.8000000000
4.2555000000,0.0078817552,1.5367403620,falla_engranaje,0.8000000000
4.2560000000,0.0077393731,1.5385122504,falla_engranaje,0.8000000000
4.2565000000,0.0078350559,1.5389404110,falla_engranaje,0.8000000000
4.2570000000,0.0078709117,1.5287618387,falla_engranaje,0.8000000000
4.2575000000,0.0078358746,1.5384830761,falla_engranaje,0.8000000000
4.2580000000,0.0076854294,1.5496119032,falla_engranaje,0.8000000000
4.2585000000,0.0076456336,1.5519422684,falla_engranaje,0.8000000000
4.2590000000,0.0075224019,1.5130402653,falla_engranaje,0.8000000000
4.2595000000,0.0077424718,1.5314665918,falla_engranaje,0.8000000000
4.2600000000,0.0077768060,1.5367855917,falla_engranaje,0.8000000000
4.2605000000,0.0076710972,1.5337004136,falla_engranaje,0.8000000000
4.2610000000,0.0077303683,1.5140749590,falla_engranaje,0.8000000000
4.2615000000,0.0075529521,1.5330193996,falla_engranaje,0.8000000000
4.2620000000,0.0075804004,1.5395050482,falla_engranaje,0.8000000000
4.2625000000,0.0077545417,1.5144480836,falla_engranaje,0.8000000000
4.2630000000,0.0076700626,1.5196460609,falla_engranaje,0.8000000000
4.2635000000,0.0076512936,1.5199407463,falla_engranaje,0.8000000000
4.2640000000,0.0076177942,1.5206955136,falla_engranaje,0.8000000000
4.2645000000,0.0076806451,1.5472666090,falla_engranaje,0.8000000000
4.2650000000,0.0076713489,1.5242257463,falla_engranaje,0.8000000000
4.2655000000,0.0075372337,1.5122284417,falla_engranaje,0.8000000000
4.2660000000,0.0075912292,1.5100782340,falla_engranaje,0.8000000000
4.2665000000,0.0075870920,1.5073551246,falla_engranaje,0.8000000000
4.2670000000,0.0074663232,1.5022830771,falla_engranaje,0.8000000000
4.2675000000,0.0075788181,1.5157840925,falla_engranaje,0.8000000000
4.2680000000,0.0075931259,1.5034377668,falla_engranaje,0.8000000000
4.2685000000,0.0074755020,1.4929044979,falla_engranaje,0.8000000000
4.2690000000,0.0074266148,1.5017816007,falla_engranaje,0.8000000000
4.2695000000,0.0074863488,1.4873880321,falla_engranaje,0.8000000000
4.2700000000,0.0074266612,1.5080559320,falla_engranaje,0.8000000000
4.2705000000,0.0073897044,1.5115616720,falla_engranaje,0.8000000000
4.2710000000,0.0074598068,1.4939636131,falla_engranaje,0.8000000000
4.2715000000,0.0074893446,1.4872975213,falla_engranaje,0.8000000000
4.2720000000,0.0074566449,1.4887142972,falla_engranaje,0.8000000000
4.2725000000,0.0074165367,1.5159262972,falla_engranaje,0.8000000000
4.2730000000,0.0074189747,1.5023906295,falla_engranaje,0.8000000000
4.2735000000,0.0073327157,1.4903350723,falla_engranaje,0.8000000000
4.2740000000,0.0075170471,1.4740421329,falla_engranaje,0.8000000000
4.2745000000,0.0073094273,1.5037766012,falla_engranaje,0.8000000000
4.2750000000,0.0073044507,1.4835681321,falla_engranaje,0.8000000000
4.2755000000,0.0072685106,1.4577540342,falla_engranaje,0.8000000000
4.2760000000,0.0073560664,1.4861158617,falla_engranaje,0.8000000000
4.2765000000,0.0072845473,1.4780530717,falla_engranaje,0.8000000000
4.2770000000,0.0073145807,1.4901797173,falla_engranaje,0.8000000000
4.2775000000,0.0071551767,1.4693597491,falla_engranaje,0.8000000000
4.2780000000,0.0072133474,1.4712340554,falla_engranaje,0.8000000000
4.2785000000,0.0073274695,1.4730428475,falla_engranaje,0.8000000000
4.2790000000,0.0071958738,1.4676973490,falla_engranaje,0.8000000000
4.2795000000,0.0071175229,1.4640782510,falla_engranaje,0.8000000000
4.2800000000,0.0072308780,1.4677229349,falla_engranaje,0.8000000000
4.2805000000,0.0072182258,1.4707943798,falla_engranaje,0.8000000000
4.2810000000,0.0070875864,1.4673425746,falla_engranaje,0.8000000000
4.2815000000,0.0070786738,1.4608771628,falla_engranaje,0.8000000000
4.2820000000,0.0070336435,1.4668066555,falla_engranaje,0.8000000000
4.2825000000,0.0071301488,1.4645983792,falla_engranaje,0.8000000000
4.2830000000,0.0070670297,1.4488037358,falla_engranaje,0.8000000000
4.2835000000,0.0071570238,1.4677424661,falla_engranaje,0.8000000000
4.2840000000,0.0070202508,1.4590872098,falla_engranaje,0.8000000000
4.2845000000,0.0069207885,1.4559140382,falla_engranaje,0.8000000000
4.2850000000,0.0070238006,1.4601898821,falla_engranaje,0.8000000000
4.2855000000,0.0070019349,1.4511154971,falla_engranaje,0.8000000000
4.2860000000,0.0069080818,1.4444109236,falla_engranaje,0.8000000000
4.2865000000,0.0068859575,1.4436749477,falla_engranaje,0.8000000000
4.2870000000,0.0069052736,1.4432571643,falla_engranaje,0.8000000000
4.2875000000,0.0070241730,1.4485821501,falla_engranaje,0.8000000000
4.2880000000,0.0069402988,1.4443709155,falla_engranaje,0.8000000000
4.2885000000,0.0068133441,1.4472542434,falla_engranaje,0.8000000000
4.2890000000,0.0068293682,1.4448843065,falla_engranaje,0.8000000000
4.2895000000,0.0068851132,1.4373335171,falla_engranaje,0.8000000000
4.2900000000,0.0067892310,1.4489300171,falla_engranaje,0.8000000000
4.2905000000,0.0068238983,1.4284696130,falla_engranaje,0.8000000000
4.2910000000,0.0068892344,1.4261900038,falla_engranaje,0.8000000000
4.2915000000,0.0067267805,1.4360191296,falla_engranaje,0.8000000000
4.2920000000,0.0067882150,1.4258903757,falla_engranaje,0.8000000000
4.2925000000,0.0067719446,1.4017155646,falla_engranaje,0.8000000000
4.2930000000,0.0067921489,1.4326679534,falla_engranaje,0.8000000000
4.2935000000,0.0067484966,1.4185623191,falla_engranaje,0.8000000000
4.2940000000,0.0066996575,1.4207686059,falla_engranaje,0.8000000000
4.2945000000,0.0067454371,1.4145571373,falla_engranaje,0.8000000000
4.2950000000,0.0065955403,1.4126492904,falla_engranaje,0.8000000000
4.2955000000,0.0066953560,1.4301338977,falla_engranaje,0.8000000000
4.2960000000,0.0065464015,1.4109283948,falla_engranaje,0.8000000000
4.2965000000,0.0067154808,1.4127730254,falla_engranaje,0.8000000000
4.2970000000,0.0066870989,1.4069551297,falla_engranaje,0.8000000000
4.2975000000,0.0067418750,1.4083506553,falla_engranaje,0.8000000000
4.2980000000,0.0065736353,1.4039276445,falla_engranaje,0.8000000000
4.2985000000,0.0065681378,1.4091045464,falla_engranaje,0.8000000000
4.2990000000,0.0066535179,1.4009742633,falla_engranaje,0.8000000000
4.2995000000,0.0065488190,1.3871398883,falla_engranaje,0.8000000000
4.3000000000,0.0065641912,1.3999329005,falla_engranaje,0.8000000000
4.3005000000,0.0065087788,1.3936776535,falla_engranaje,0.8000000000
4.3010000000,0.0065811054,1.3777923645,falla_engranaje,0.8000000000
4.3015000000,0.0064746022,1.3827885680,falla_engranaje,0.8000000000
4.3020000000,0.0064686735,1.3998259740,falla_engranaje,0.8000000000
4.3025000000,0.0065147895,1.3960264479,falla_engranaje,0.8000000000
4.3030000000,0.0063936413,1.3959531315,falla_engranaje,0.8000000000
4.3035000000,0.0065029186,1.3955107910,falla_engranaje,0.8000000000
4.3040000000,0.0064264443,1.3835315988,falla_engranaje,0.8000000000
4.3045000000,0.0064398610,1.3954416918,falla_engranaje,0.8000000000
4.3050000000,0.0063155035,1.3861745913,falla_engranaje,0.8000000000
4.3055000000,0.0063572267,1.3814854703,falla_engranaje,0.8000000000
4.3060000000,0.0062233486,1.3867006959,falla_engranaje,0.8000000000
4.3065000000,0.0062268969,1.3762601419,falla_engranaje,0.8000000000
4.3070000000,0.0061154920,1.3850756667,falla_engranaje,0.8000000000
4.3075000000,0.0061923961,1.3517755101,falla_engranaje,0.8000000000
4.3080000000,0.0062207639,1.3685916577,falla_engranaje,0.8000000000
4.3085000000,0.0063899400,1.3522559341,falla_engranaje,0.8000000000
4.3090000000,0.0062811321,1.3589343636,falla_engranaje,0.8000000000
4.3095000000,0.0061191565,1.3716177722,falla_engranaje,0.8000000000
4.3100000000,0.0061374805,1.3414966868,falla_engranaje,0.8000000000
4.3105000000,0.0061188929,1.3478524918,falla_engranaje,0.8000000000
4.3110000000,0.0060549374,1.3820348566,falla_engranaje,0.8000000000
4.3115000000,0.0062028669,1.3554846004,falla_engranaje,0.8000000000
4.3120000000,0.0061617249,1.3565824828,falla_engranaje,0.8000000000
4.3125000000,0.0061230535,1.3399478715,falla_engranaje,0.8000000000
4.3130000000,0.0060659231,1.3618878087,falla_engranaje,0.8000000000
4.3135000000,0.0060878155,1.3317838068,falla_engranaje,0.8000000000
4.3140000000,0.0061619844,1.3492361945,falla_engranaje,0.8000000000
4.3145000000,0.0060093044,1.3290084798,falla_engranaje,0.8000000000
4.3150000000,0.0059682617,1.3421209526,falla_engranaje,0.8000000000
4.3155000000,0.0059944387,1.3207900022,falla_engranaje,0.8000000000
4.3160000000,0.0059580478,1.3128299797,falla_engranaje,0.8000000000
4.3165000000,0.0059120300,1.3107860172,falla_engranaje,0.8000000000
4.3170000000,0.0059732260,1.3200339331,falla_engranaje,0.8000000000
4.3175000000,0.0059741081,1.3304695520,falla_engranaje,0.8000000000
4.3180000000,0.0058249280,1.3325934629,falla_engranaje,0.8000000000
4.3185000000,0.0058142680,1.3283572339,falla_engranaje,0.8000000000
4.3190000000,0.0058674044,1.3234185460,falla_engranaje,0.8000000000
4.3195000000,0.0059260221,1.3245235412,falla_engranaje,0.8000000000
4.3200000000,0.0058984205,1.3122275475,falla_engranaje,0.8000000000
4.3205000000,0.0057712323,1.3095687169,falla_engranaje,0.8000000000
4.3210000000,0.0057192899,1.3269509055,falla_engranaje,0.8000000000
4.3215000000,0.0057731581,1.2997112657,falla_engranaje,0.8000000000
4.3220000000,0.0056124675,1.3341110717,falla_engranaje,0.8000000000
4.3225000000,0.0058447569,1.3210964936,falla_engranaje,0.8000000000
4.3230000000,0.0055916200,1.3195723696,falla_engranaje,0.8000000000
4.3235000000,0.0056807470,1.3052564718,falla_engranaje,0.8000000000
4.3240000000,0.0057567771,1.3011170849,falla_engranaje,0.8000000000
4.3245000000,0.0056131622,1.2879308028,falla_engranaje,0.8000000000
4.3250000000,0.0056549152,1.2928748059,falla_engranaje,0.8000000000
4.3255000000,0.0056041694,1.3045995934,falla_engranaje,0.8000000000
4.3260000000,0.0057173747,1.2819657856,falla_engranaje,0.8000000000
4.3265000000,0.0056377986,1.3038341667,falla_engranaje,0.8000000000
4.3270000000,0.0056910436,1.2890183151,falla_engranaje,0.8000000000
4.3275000000,0.0055477205,1.2785618639,falla_engranaje,0.8000000000
4.3280000000,0.0055231872,1.2907723837,falla_engranaje,0.8000000000
4.3285000000,0.0054482571,1.2969890327,falla_engranaje,0.8000000000
4.3290000000,0.0054482548,1.2822197527,falla_engranaje,0.8000000000
4.3295000000,0.0055830301,1.2768255893,falla_engranaje,0.8000000000
4.3300000000,0.0054167368,1.2753085275,falla_engranaje,0.8000000000
4.3305000000,0.0054338634,1.2639576108,falla_engranaje,0.8000000000
4.3310000000,0.0054045404,1.2867976100,falla_engranaje,0.8000000000
4.3315000000,0.0053880119,1.2649067789,falla_engranaje,0.8000000000
4.3320000000,0.0053685159,1.2693073210,falla_engranaje,0.8000000000
4.3325000000,0.0053584168,1.2836955344,falla_engranaje,0.8000000000
4.3330000000,0.0053930602,1.2558309331,falla_engranaje,0.8000000000
4.3335000000,0.0052998739,1.2694060506,falla_engranaje,0.8000000000
4.3340000000,0.0052534309,1.2585860110,falla_engranaje,0.8000000000
4.3345000000,0.0053476362,1.2414490807,falla_engranaje,0.8000000000
4.3350000000,0.0052867841,1.2448525955,falla_engranaje,0.8000000000
4.3355000000,0.0052264147,1.2473809047,falla_engranaje,0.8000000000
4.3360000000,0.0051707747,1.2360777683,falla_engranaje,0.8000000000
4.3365000000,0.0051656897,1.2531730965,falla_engranaje,0.8000000000
4.3370000000,0.0052203514,1.2284702197,falla_engranaje,0.8000000000
4.3375000000,0.0052013131,1.2356856417,falla_engranaje,0.8000000000
4.3380000000,0.0052651611,1.2491385458,falla_engranaje,0.8000000000
4.3385000000,0.0052396114,1.2168986697,falla_engranaje,0.8000000000
4.3390000000,0.0050996552,1.2177290573,falla_engranaje,0.8000000000
4.3395000000,0.0050891548,1.2398935812,falla_engranaje,0.8000000000
4.3400000000,0.0051669440,1.2212995854,falla_engranaje,0.8000000000
4.3405000000,0.0050596850,1.2332407225,falla_engranaje,0.8000000000
4.3410000000,0.0050474938,1.2134542585,falla_engranaje,0.8000000000
4.3415000000,0.0049752275,1.2332936781,falla_engranaje,0.8000000000
4.3420000000,0.0051526484,1.2159870046,falla_engranaje,0.8000000000
4.3425000000,0.0050654815,1.2085711816,falla_engranaje,0.8000000000
4.3430000000,0.0049703890,1.2043772594,falla_engranaje,0.8000000000
4.3435000000,0.0050959329,1.2219545794,falla_engranaje,0.8000000000
4.3440000000,0.0048684175,1.2087855653,falla_engranaje,0.8000000000
4.3445000000,0.0048655153,1.1947578855,falla_engranaje,0.8000000000
4.3450000000,0.0049306286,1.2140392924,falla_engranaje,0.8000000000
4.3455000000,0.0049838981,1.1938150588,falla_engranaje,0.8000000000
4.3460000000,0.0048308605,1.1909982130,falla_engranaje,0.8000000000
4.3465000000,0.0049767362,1.1888558514,falla_engranaje,0.8000000000
4.3470000000,0.0048236268,1.2011992218,falla_engranaje,0.8000000000
4.3475000000,0.0048050934,1.1794363150,falla_engranaje,0.8000000000
4.3480000000,0.0048053633,1.2102400363,falla_engranaje,0.8000000000
4.3485000000,0.0047608763,1.1962431905,falla_engranaje,0.8000000000
4.3490000000,0.0046683078,1.2020612089,falla_engranaje,0.8000000000
4.3495000000,0.0047928736,1.1815273269,falla_engranaje,0.8000000000
4.3500000000,0.0047594130,1.1873180751,falla_engranaje,0.8000000000
4.3505000000,0.0046497228,1.1767333708,falla_engranaje,0.8000000000
4.3510000000,0.0047510377,1.1832038232,falla_engranaje,0.8000000000
4.3515000000,0.0046555437,1.1584691128,falla_engranaje,0.8000000000
4.3520000000,0.0047170784,1.1720977382,falla_engranaje,0.8000000000
4.3525000000,0.0045295506,1.1743524805,falla_engranaje,0.8000000000
4.3530000000,0.0046448154,1.1563145082,falla_engranaje,0.8000000000
4.3535000000,0.0046657488,1.1668449606,falla_engranaje,0.8000000000
4.3540000000,0.0046380338,1.1644243863,falla_engranaje,0.8000000000
4.3545000000,0.0046685398,1.1729760682,falla_engranaje,0.8000000000
4.3550000000,0.0044758907,1.1503903752,falla_engranaje,0.8000000000
4.3555000000,0.0045215383,1.1577580008,falla_engranaje,0.8000000000
4.3560000000,0.0046292797,1.1640731683,falla_engranaje,0.8000000000
4.3565000000,0.0044882545,1.1668336331,falla_engranaje,0.8000000000
4.3570000000,0.0044625394,1.1516236392,falla_engranaje,0.8000000000
4.3575000000,0.0043457753,1.1461612293,falla_engranaje,0.8000000000
4.3580000000,0.0043787176,1.1212635551,falla_engranaje,0.8000000000
4.3585000000,0.0044236527,1.1380451056,falla_engranaje,0.8000000000
4.3590000000,0.0044953174,1.1490419530,falla_engranaje,0.8000000000
4.3595000000,0.0044378243,1.1301402909,falla_engranaje,0.8000000000
4.3600000000,0.0043680044,1.1438998117,falla_engranaje,0.8000000000
4.3605000000,0.0043828411,1.1437922636,falla_engranaje,0.8000000000
4.3610000000,0.0042482300,1.1398666373,falla_engranaje,0.8000000000
4.3615000000,0.0042837204,1.1193170138,falla_engranaje,0.8000000000
4.3620000000,0.0042042711,1.1112431557,falla_engranaje,0.8000000000
4.3625000000,0.0042461337,1.1424996991,falla_engranaje,0.8000000000
4.3630000000,0.0042294580,1.1436954178,falla_engranaje,0.8000000000
4.3635000000,0.0043622483,1.1202147991,falla_engranaje,0.8000000000
4.3640000000,0.0041644844,1.1060799204,falla_engranaje,0.8000000000
4.3645000000,0.0041227112,1.1259985815,falla_engranaje,0.8000000000
4.3650000000,0.0042350440,1.1167855484,falla_engranaje,0.8000000000
4.3655000000,0.0040747871,1.1116850056,falla_engranaje,0.8000000000
4.3660000000,0.0041062860,1.1203235165,falla_engranaje,0.8000000000
4.3665000000,0.0040948828,1.1190111809,falla_engranaje,0.8000000000
4.3670000000,0.0041223452,1.0930603059,falla_engranaje,0.8000000000
4.3675000000,0.0041215427,1.0974652614,falla_engranaje,0.8000000000
4.3680000000,0.0041207627,1.1087847541,falla_engranaje,0.8000000000
4.3685000000,0.0041214323,1.1019697907,falla_engranaje,0.8000000000
4.3690000000,0.0040071024,1.1057340720,falla_engranaje,0.8000000000
4.3695000000,0.0040203381,1.1029027799,falla_engranaje,0.8000000000
4.3700000000,0.0041086811,1.0910380501,falla_engranaje,0.8000000000
4.3705000000,0.0040432057,1.0784362643,falla_engranaje,0.8000000000
4.3710000000,0.0039309691,1.1027690388,falla_engranaje,0.8000000000
4.3715000000,0.0040491933,1.0772350050,falla_engranaje,0.8000000000
4.3720000000,0.0039499028,1.0885160425,falla_engranaje,0.8000000000
4.3725000000,0.0039228773,1.0920299549,falla_engranaje,0.8000000000
4.3730000000,0.0039448181,1.0705822983,falla_engranaje,0.8000000000
4.3735000000,0.0038702328,1.0835368343,falla_engranaje,0.8000000000
4.3740000000,0.0039792450,1.0829737863,falla_engranaje,0.8000000000
4.3745000000,0.0037952738,1.0770864580,falla_engranaje,0.8000000000
4.3750000000,0.0038949741,1.0679210128,falla_engranaje,0.8000000000
4.3755000000,0.0038759103,1.0660214403,falla_engranaje,0.8000000000
4.3760000000,0.0038684034,1.0783898121,falla_engranaje,0.8000000000
4.3765000000,0.0037034658,1.0719628483,falla_engranaje,0.8000000000
4.3770000000,0.0038080591,1.0573914502,falla_engranaje,0.8000000000
4.3775000000,0.0037691548,1.0615174103,falla_engranaje,0.8000000000
4.3780000000,0.0037233834,1.0555976441,falla_engranaje,0.8000000000
4.3785000000,0.0035652090,1.0628062792,falla_engranaje,0.8000000000
4.3790000000,0.0037975433,1.0554759593,falla_engranaje,0.8000000000
4.3795000000,0.0036607486,1.0671373448,falla_engranaje,0.8000000000
4.3800000000,0.0038395041,1.0456911083,falla_engranaje,0.8000000000
4.3805000000,0.0036157484,1.0445733443,falla_engranaje,0.8000000000
4.3810000000,0.0036588117,1.0458748936,falla_engranaje,0.8000000000
4.3815000000,0.0036478760,1.0555070635,falla_engranaje,0.8000000000
4.3820000000,0.0037243889,1.0577455205,falla_engranaje,0.8000000000
4.3825000000,0.0035248126,1.0234831430,falla_engranaje,0.8000000000
4.3830000000,0.0035970257,1.0430723159,falla_engranaje,0.8000000000
4.3835000000,0.0035024825,1.0544694741,falla_engranaje,0.8000000000
4.3840000000,0.0035482701,1.0316437401,falla_engranaje,0.8000000000
4.3845000000,0.0035467791,1.0313391351,falla_engranaje,0.8000000000
4.3850000000,0.0036392796,1.0423450948,falla_engranaje,0.8000000000
4.3855000000,0.0034712952,1.0309517902,falla_engranaje,0.8000000000
4.3860000000,0.0034404176,1.0290318103,falla_engranaje,0.8000000000
4.3865000000,0.0034899403,1.0141770414,falla_engranaje,0.8000000000
4.3870000000,0.0034317030,1.0198177868,falla_engranaje,0.8000000000
4.3875000000,0.0035385218,1.0215108281,falla_engranaje,0.8000000000
4.3880000000,0.0034831155,1.0257454300,falla_engranaje,0.8000000000
4.3885000000,0.0036378009,1.0177622727,falla_engranaje,0.8000000000
4.3890000000,0.0033031228,1.0171508037,falla_engranaje,0.8000000000
4.3895000000,0.0034436218,1.0111361641,falla_engranaje,0.8000000000
4.3900000000,0.0034527779,0.9944486484,falla_engranaje,0.8000000000
4.3905000000,0.0034533787,1.0191921778,falla_engranaje,0.8000000000
4.3910000000,0.0034490180,1.0074171514,falla_engranaje,0.8000000000
4.3915000000,0.0033562896,1.0119325705,falla_engranaje,0.8000000000
4.3920000000,0.0033288414,1.0044490461,falla_engranaje,0.8000000000
4.3925000000,0.0033790918,1.0047505149,falla_engranaje,0.8000000000
4.3930000000,0.0033159101,1.0148385201,falla_engranaje,0.8000000000
4.3935000000,0.0032793676,1.0024374003,falla_engranaje,0.8000000000
4.3940000000,0.0033516964,0.9922260973,falla_engranaje,0.8000000000
4.3945000000,0.0032770043,0.9803627005,falla_engranaje,0.8000000000
4.3950000000,0.0033246791,0.9880651813,falla_engranaje,0.8000000000
4.3955000000,0.0031972729,1.0014812606,falla_engranaje,0.8000000000
4.3960000000,0.0032450600,0.9882143444,falla_engranaje,0.8000000000
4.3965000000,0.0033031455,0.9718244732,falla_engranaje,0.8000000000
4.3970000000,0.0031613646,0.9899085957,falla_engranaje,0.8000000000
4.3975000000,0.0031919253,0.9762163663,falla_engranaje,0.8000000000
4.3980000000,0.0031795957,0.9678409610,falla_engranaje,0.8000000000
4.3985000000,0.0031030537,0.9907846141,falla_engranaje,0.8000000000
4.3990000000,0.0030459931,0.9657972969,falla_engranaje,0.8000000000
4.3995000000,0.0031399716,0.9511616153,falla_engranaje,0.8000000000
4.4000000000,0.0030318861,0.9811202026,falla_engranaje,0.8000000000
4.4005000000,0.0030894866,0.9802929446,falla_engranaje,0.8000000000
4.4010000000,0.0030945603,0.9562210493,falla_engranaje,0.8000000000
4.4015000000,0.0029987474,0.9745148218,falla_engranaje,0.8000000000
4.4020000000,0.0030681832,0.9548096954,falla_engranaje,0.8000000000
4.4025000000,0.0030402638,0.9840934440,falla_engranaje,0.8000000000
4.4030000000,0.0030502853,0.9475586773,falla_engranaje,0.8000000000
4.4035000000,0.0029978513,0.9403083644,falla_engranaje,0.8000000000
4.4040000000,0.0029434784,0.9733944136,falla_engranaje,0.8000000000
4.4045000000,0.0030530147,0.9474652929,falla_engranaje,0.8000000000
4.4050000000,0.0031440325,0.9568117553,falla_engranaje,0.8000000000
4.4055000000,0.0029280347,0.9366028990,falla_engranaje,0.8000000000
4.4060000000,0.0029817262,0.9307073882,falla_engranaje,0.8000000000
4.4065000000,0.0029721489,0.9397719502,falla_engranaje,0.8000000000
4.4070000000,0.0029875761,0.9496479041,falla_engranaje,0.8000000000
4.4075000000,0.0028301612,0.9355025157,falla_engranaje,0.8000000000
4.4080000000,0.0028912505,0.9288559539,falla_engranaje,0.8000000000
4.4085000000,0.0029810327,0.9579236916,falla_engranaje,0.8000000000
4.4090000000,0.0028397753,0.9400580301,falla_engranaje,0.8000000000
4.4095000000,0.0028609350,0.9471581788,falla_engranaje,0.8000000000
4.4100000000,0.0028283272,0.9207947253,falla_engranaje,0.8000000000
4.4105000000,0.0029191794,0.9281748333,falla_engranaje,0.8000000000
4.4110000000,0.0028417244,0.9251488993,falla_engranaje,0.8000000000
4.4115000000,0.0028785879,0.9229533297,falla_engranaje,0.8000000000
4.4120000000,0.0028749717,0.9266096767,falla_engranaje,0.8000000000
4.4125000000,0.0027267091,0.9054302409,falla_engranaje,0.8000000000
4.4130000000,0.0028884435,0.9165426083,falla_engranaje,0.8000000000
4.4135000000,0.0027390036,0.9310734406,falla_engranaje,0.8000000000
4.4140000000,0.0027535368,0.9178705299,falla_engranaje,0.8000000000
4.4145000000,0.0027769478,0.9062659253,falla_engranaje,0.8000000000
4.4150000000,0.0027866861,0.9064358950,falla_engranaje,0.8000000000
4.4155000000,0.0027821262,0.9154045449,falla_engranaje,0.8000000000
4.4160000000,0.0027793987,0.9000245198,falla_engranaje,0.8000000000
4.4165000000,0.0026726136,0.9247332408,falla_engranaje,0.8000000000
4.4170000000,0.0026861225,0.8959776580,falla_engranaje,0.8000000000
4.4175000000,0.0026108219,0.9181993076,falla_engranaje,0.8000000000
4.4180000000,0.0026331277,0.8765300157,falla_engranaje,0.8000000000
4.4185000000,0.0025451412,0.8863971533,falla_engranaje,0.8000000000
4.4190000000,0.0026633700,0.8920472847,falla_engranaje,0.8000000000
4.4195000000,0.0027314193,0.9110381609,falla_engranaje,0.8000000000
4.4200000000,0.0026561473,0.8964584235,falla_engranaje,0.8000000000
4.4205000000,0.0026930553,0.9000534725,falla_engranaje,0.8000000000
4.4210000000,0.0026412912,0.8927354255,falla_engranaje,0.8000000000
4.4215000000,0.0025295857,0.8928842441,falla_engranaje,0.8000000000
4.4220000000,0.0025214354,0.8898389319,falla_engranaje,0.8000000000
4.4225000000,0.0025900166,0.8988872342,falla_engranaje,0.8000000000
4.4230000000,0.0025545363,0.8955962807,falla_engranaje,0.8000000000
4.4235000000,0.0025137985,0.8764452591,falla_engranaje,0.8000000000
4.4240000000,0.0024771626,0.8904954297,falla_engranaje,0.8000000000
4.4245000000,0.0025239053,0.8726164610,falla_engranaje,0.8000000000
4.4250000000,0.0025207453,0.8657268337,falla_engranaje,0.8000000000
4.4255000000,0.0024949961,0.8720080173,falla_engranaje,0.8000000000
4.4260000000,0.0025297289,0.8681020321,falla_engranaje,0.8000000000
4.4265000000,0.0025726356,0.8624961070,falla_engranaje,0.8000000000
4.4270000000,0.0024848310,0.8717243504,falla_engranaje,0.8000000000
4.4275000000,0.0024373961,0.8620885968,falla_engranaje,0.8000000000
4.4280000000,0.0024604291,0.8732763070,falla_engranaje,0.8000000000
4.4285000000,0.0023975005,0.8612378282,falla_engranaje,0.8000000000
4.4290000000,0.0025295479,0.8452190457,falla_engranaje,0.8000000000
4.4295000000,0.0025215954,0.8610862004,falla_engranaje,0.8000000000
4.4300000000,0.0024053393,0.8601919441,falla_engranaje,0.8000000000
4.4305000000,0.0023058877,0.8695575452,falla_engranaje,0.8000000000
4.4310000000,0.0023658406,0.8390467950,falla_engranaje,0.8000000000
4.4315000000,0.0023907211,0.8568735728,falla_engranaje,0.8000000000
4.4320000000,0.0023707945,0.8467703839,falla_engranaje,0.8000000000
4.4325000000,0.0023945042,0.8661205996,falla_engranaje,0.8000000000
4.4330000000,0.0023820606,0.8548305018,falla_engranaje,0.8000000000
4.4335000000,0.0022959877,0.8623860303,falla_engranaje,0.8000000000
4.4340000000,0.0023037357,0.8351087079,falla_engranaje,0.8000000000
4.4345000000,0.0023052053,0.8456210048,falla_engranaje,0.8000000000
4.4350000000,0.0022025204,0.8371379013,falla_engranaje,0.8000000000
4.4355000000,0.0024107502,0.8421820517,falla_engranaje,0.8000000000
4.4360000000,0.0023311662,0.8301107836,falla_engranaje,0.8000000000
4.4365000000,0.0022563296,0.8333007509,falla_engranaje,0.8000000000
4.4370000000,0.0023353624,0.8438422379,falla_engranaje,0.8000000000
4.4375000000,0.0022140845,0.8211661980,falla_engranaje,0.8000000000
4.4380000000,0.0021896982,0.8443344596,falla_engranaje,0.8000000000
4.4385000000,0.0023619019,0.8304769093,falla_engranaje,0.8000000000
4.4390000000,0.0022465297,0.8239701123,falla_engranaje,0.8000000000
4.4395000000,0.0022779595,0.8230375262,falla_engranaje,0.8000000000
4.4400000000,0.0022672585,0.8365918222,falla_engranaje,0.8000000000
4.4405000000,0.0021953683,0.8239765769,falla_engranaje,0.8000000000
4.4410000000,0.0022050704,0.8273403623,falla_engranaje,0.8000000000
4.4415000000,0.0022120151,0.8217872790,falla_engranaje,0.8000000000
4.4420000000,0.0022210546,0.8284894760,falla_engranaje,0.8000000000
4.4425000000,0.0022087204,0.8291727275,falla_engranaje,0.8000000000
4.4430000000,0.0020958985,0.8284406846,falla_engranaje,0.8000000000
4.4435000000,0.0021615802,0.8016583156,falla_engranaje,0.8000000000
4.4440000000,0.0021877637,0.8088603145,falla_engranaje,0.8000000000
4.4445000000,0.0022113726,0.7918245537,falla_engranaje,0.8000000000
4.4450000000,0.0022085518,0.7961003904,falla_engranaje,0.8000000000
4.4455000000,0.0021684591,0.8088402776,falla_engranaje,0.8000000000
4.4460000000,0.0021918650,0.8266932226,falla_engranaje,0.8000000000
4.4465000000,0.0021319592,0.8098279685,falla_engranaje,0.8000000000
4.4470000000,0.0021230159,0.8028627655,falla_engranaje,0.8000000000
4.4475000000,0.0021185863,0.8029752233,falla_engranaje,0.8000000000
4.4480000000,0.0020162216,0.7938245470,falla_engranaje,0.8000000000
4.4485000000,0.0020101359,0.7991263026,falla_engranaje,0.8000000000
4.4490000000,0.0020083298,0.7995774818,falla_engranaje,0.8000000000
4.4495000000,0.0021456321,0.7980240978,falla_engranaje,0.8000000000
4.4500000000,0.0020165149,0.7921109953,falla_engranaje,0.8000000000
4.4505000000,0.0020515022,0.8116409763,falla_engranaje,0.8000000000
4.4510000000,0.0020518681,0.8091481747,falla_engranaje,0.8000000000
4.4515000000,0.0020397459,0.7876248140,falla_engranaje,0.8000000000
4.4520000000,0.0019571118,0.7812816038,falla_engranaje,0.8000000000
4.4525000000,0.0019890476,0.8044388877,falla_engranaje,0.8000000000
4.4530000000,0.0021452200,0.7944940872,falla_engranaje,0.8000000000
4.4535000000,0.0020688563,0.7935559156,falla_engranaje,0.8000000000
4.4540000000,0.0020204745,0.7905303415,falla_engranaje,0.8000000000
4.4545000000,0.0020484466,0.7869599195,falla_engranaje,0.8000000000
4.4550000000,0.0020115044,0.7719451006,falla_engranaje,0.8000000000
4.4555000000,0.0020293081,0.7918277392,falla_engranaje,0.8000000000
4.4560000000,0.0020938688,0.7636804072,falla_engranaje,0.8000000000
4.4565000000,0.0020385484,0.8009820128,falla_engranaje,0.8000000000
4.4570000000,0.0020152248,0.7747942508,falla_engranaje,0.8000000000
4.4575000000,0.0019217479,0.7799458171,falla_engranaje,0.8000000000
4.4580000000,0.0020545182,0.7734074708,falla_engranaje,0.8000000000
4.4585000000,0.0020043346,0.7727037254,falla_engranaje,0.8000000000
4.4590000000,0.0020566614,0.7753707574,falla_engranaje,0.8000000000
4.4595000000,0.0019447862,0.7755729611,falla_engranaje,0.8000000000
4.4600000000,0.0019410557,0.7583491593,falla_engranaje,0.8000000000
4.4605000000,0.0019318356,0.7786703917,falla_engranaje,0.8000000000
4.4610000000,0.0017991372,0.7550236905,falla_engranaje,0.8000000000
4.4615000000,0.0019479133,0.7680843030,falla_engranaje,0.8000000000
4.4620000000,0.0020122812,0.7679041344,falla_engranaje,0.8000000000
4.4625000000,0.0019575162,0.7677461354,falla_engranaje,0.8000000000
4.4630000000,0.0018606503,0.7801349596,falla_engranaje,0.8000000000
4.4635000000,0.0018988364,0.7350941816,falla_engranaje,0.8000000000
4.4640000000,0.0018927022,0.7663700639,falla_engranaje,0.8000000000
4.4645000000,0.0019832312,0.7670175988,falla_engranaje,0.8000000000
4.4650000000,0.0019734600,0.7622908251,falla_engranaje,0.8000000000
4.4655000000,0.0018705793,0.7637496116,falla_engranaje,0.8000000000
4.4660000000,0.0018337139,0.7419781056,falla_engranaje,0.8000000000
4.4665000000,0.0019954539,0.7584352924,falla_engranaje,0.8000000000
4.4670000000,0.0018978848,0.7623418618,falla_engranaje,0.8000000000
4.4675000000,0.0019316160,0.7491650668,falla_engranaje,0.8000000000
4.4680000000,0.0020323032,0.7486070625,falla_engranaje,0.8000000000
4.4685000000,0.0018953878,0.7422003317,falla_engranaje,0.8000000000
4.4690000000,0.0018504627,0.7419316974,falla_engranaje,0.8000000000
4.4695000000,0.0019407597,0.7507101111,falla_engranaje,0.8000000000
4.4700000000,0.0018369043,0.7292081727,falla_engranaje,0.8000000000
4.4705000000,0.0018667053,0.7436653537,falla_engranaje,0.8000000000
4.4710000000,0.0019182049,0.7372285696,falla_engranaje,0.8000000000
4.4715000000,0.0018059135,0.7354626827,falla_engranaje,0.8000000000
4.4720000000,0.0018198740,0.7469561677,falla_engranaje,0.8000000000
4.4725000000,0.0017615556,0.7321337461,falla_engranaje,0.8000000000
4.4730000000,0.0017633026,0.7463214539,falla_engranaje,0.8000000000
4.4735000000,0.0017038454,0.7389524224,falla_engranaje,0.8000000000
4.4740000000,0.0019510372,0.7335460657,falla_engranaje,0.8000000000
4.4745000000,0.0018069057,0.7616440156,falla_engranaje,0.8000000000
4.4750000000,0.0017757023,0.7249996999,falla_engranaje,0.8000000000
4.4755000000,0.0018619187,0.7356724326,falla_engranaje,0.8000000000
4.4760000000,0.0019129196,0.7490482348,falla_engranaje,0.8000000000
4.4765000000,0.0017523577,0.7271812281,falla_engranaje,0.8000000000
4.4770000000,0.0018891562,0.7354979757,falla_engranaje,0.8000000000
4.4775000000,0.0018481578,0.7146522474,falla_engranaje,0.8000000000
4.4780000000,0.0018828605,0.7166466737,falla_engranaje,0.8000000000
4.4785000000,0.0018317606,0.7280965742,falla_engranaje,0.8000000000
4.4790000000,0.0018701665,0.7405829413,falla_engranaje,0.8000000000
4.4795000000,0.0018407161,0.7354466220,falla_engranaje,0.8000000000
4.4800000000,0.0018757695,0.7121050060,falla_engranaje,0.8000000000
4.4805000000,0.0018502067,0.7099410097,falla_engranaje,0.8000000000
4.4810000000,0.0018041510,0.7019210029,falla_engranaje,0.8000000000
4.4815000000,0.0018520640,0.7297319217,falla_engranaje,0.8000000000
4.4820000000,0.0018459895,0.7209382956,falla_engranaje,0.8000000000
4.4825000000,0.0018631885,0.7117036792,falla_engranaje,0.8000000000
4.4830000000,0.0017542904,0.7094741408,falla_engranaje,0.8000000000
4.4835000000,0.0019610299,0.7102396355,falla_engranaje,0.8000000000
4.4840000000,0.0018304320,0.7199883123,falla_engranaje,0.8000000000
4.4845000000,0.0017715678,0.7098811016,falla_engranaje,0.8000000000
4.4850000000,0.0017128613,0.7158184760,falla_engranaje,0.8000000000
4.4855000000,0.0018454058,0.7097433393,falla_engranaje,0.8000000000
4.4860000000,0.0017715706,0.7047375487,falla_engranaje,0.8000000000
4.4865000000,0.0018310266,0.7074562131,falla_engranaje,0.8000000000
4.4870000000,0.0017248635,0.7212625723,falla_engranaje,0.8000000000
4.4875000000,0.0018005486,0.6952201997,falla_engranaje,0.8000000000
4.4880000000,0.0017129315,0.7074463702,falla_engranaje,0.8000000000
4.4885000000,0.0017879589,0.7019178990,falla_engranaje,0.8000000000
4.4890000000,0.0019178838,0.7082348515,falla_engranaje,0.8000000000
4.4895000000,0.0016813873,0.6928893178,falla_engranaje,0.8000000000
4.4900000000,0.0016898866,0.7151857026,falla_engranaje,0.8000000000
4.4905000000,0.0016764072,0.6894622710,falla_engranaje,0.8000000000
4.4910000000,0.0018624975,0.7038086945,falla_engranaje,0.8000000000
4.4915000000,0.0019112895,0.6878291965,falla_engranaje,0.8000000000
4.4920000000,0.0018313376,0.7074546397,falla_engranaje,0.8000000000
4.4925000000,0.0017457033,0.7010437280,falla_engranaje,0.8000000000
4.4930000000,0.0018946380,0.7116165885,falla_engranaje,0.8000000000
4.4935000000,0.0016672592,0.6908535675,falla_engranaje,0.8000000000
4.4940000000,0.0017776920,0.7057990098,falla_engranaje,0.8000000000
4.4945000000,0.0016721662,0.6957851347,falla_engranaje,0.8000000000
4.4950000000,0.0018886079,0.7045680242,falla_engranaje,0.8000000000
4.4955000000,0.0019202518,0.7029571686,falla_engranaje,0.8000000000
4.4960000000,0.0018302645,0.7042673579,falla_engranaje,0.8000000000
4.4965000000,0.0018149698,0.6892618951,falla_engranaje,0.8000000000
4.4970000000,0.0017063392,0.6834536283,falla_engranaje,0.8000000000
4.4975000000,0.0017808711,0.6994070331,falla_engranaje,0.8000000000
4.4980000000,0.0017750047,0.6915120945,falla_engranaje,0.8000000000
4.4985000000,0.0017229130,0.6880647217,falla_engranaje,0.8000000000
4.4990000000,0.0017579050,0.6983722025,falla_engranaje,0.8000000000
4.4995000000,0.0017280005,0.6744069595,falla_engranaje,0.8000000000
4.5000000000,0.0017522638,0.6922399023,falla_engranaje,0.8000000000
4.5005000000,0.0017144121,0.6989249194,falla_engranaje,0.8000000000
4.5010000000,0.0017463756,0.6780779629,falla_engranaje,0.8000000000
4.5015000000,0.0018179472,0.6994794165,falla_engranaje,0.8000000000
4.5020000000,0.0018748795,0.6723841431,falla_engranaje,0.8000000000
4.5025000000,0.0016785361,0.6963174546,falla_engranaje,0.8000000000
4.5030000000,0.0017647247,0.6847928108,falla_engranaje,0.8000000000
4.5035000000,0.0018318949,0.6789588919,falla_engranaje,0.8000000000
4.5040000000,0.0018214700,0.6751525888,falla_engranaje,0.8000000000
4.5045000000,0.0016828620,0.6918132355,falla_engranaje,0.8000000000
4.5050000000,0.0017383699,0.6990007324,falla_engranaje,0.8000000000
4.5055000000,0.0018709882,0.6923202620,falla_engranaje,0.8000000000
4.5060000000,0.0017899878,0.6842124335,falla_engranaje,0.8000000000
4.5065000000,0.0015696797,0.6783499456,falla_engranaje,0.8000000000
4.5070000000,0.0019307885,0.6918126513,falla_engranaje,0.8000000000
4.5075000000,0.0017657492,0.6749853166,falla_engranaje,0.8000000000
4.5080000000,0.0017514974,0.6601091056,falla_engranaje,0.8000000000
4.5085000000,0.0018615384,0.6853941188,falla_engranaje,0.8000000000
4.5090000000,0.0018623312,0.6768137188,falla_engranaje,0.8000000000
4.5095000000,0.0018926440,0.6809548879,falla_engranaje,0.8000000000
4.5100000000,0.0017302010,0.6770261803,falla_engranaje,0.8000000000
4.5105000000,0.0018070594,0.6764398366,falla_engranaje,0.8000000000
4.5110000000,0.0019485999,0.6625483081,falla_engranaje,0.8000000000
4.5115000000,0.0018535382,0.6766796926,falla_engranaje,0.8000000000
4.5120000000,0.0017700774,0.6625753614,falla_engranaje,0.8000000000
4.5125000000,0.0018208363,0.6675731410,falla_engranaje,0.8000000000
4.5130000000,0.0018345459,0.6588951529,falla_engranaje,0.8000000000
4.5135000000,0.0019127065,0.6727508684,falla_engranaje,0.8000000000
4.5140000000,0.0017616620,0.6684527629,falla_engranaje,0.8000000000
4.5145000000,0.0018045433,0.6696245376,falla_engranaje,0.8000000000
4.5150000000,0.0017866789,0.6455675383,falla_engranaje,0.8000000000
4.5155000000,0.0017626468,0.6728503214,falla_engranaje,0.8000000000
4.5160000000,0.0018647159,0.6806493186,falla_engranaje,0.8000000000
4.5165000000,0.0018894354,0.6854918052,falla_engranaje,0.8000000000
4.5170000000,0.0018054513,0.6496442767,falla_engranaje,0.8000000000
4.5175000000,0.0018476030,0.6593680325,falla_engranaje,0.8000000000
4.5180000000,0.0018300711,0.6518018980,falla_engranaje,0.8000000000
4.5185000000,0.0019032565,0.6471809730,falla_engranaje,0.8000000000
4.5190000000,0.0018112074,0.6695384041,falla_engranaje,0.8000000000
4.5195000000,0.0017462712,0.6601745280,falla_engranaje,0.8000000000
4.5200000000,0.0018518120,0.6629014902,falla_engranaje,0.8000000000
4.5205000000,0.0017429985,0.6684869410,falla_engranaje,0.8000000000
4.5210000000,0.0018536260,0.6702779102,falla_engranaje,0.8000000000
4.5215000000,0.0017579944,0.6781431763,falla_engranaje,0.8000000000
4.5220000000,0.0020165044,0.6623864625,falla_engranaje,0.8000000000
4.5225000000,0.0018250831,0.6564385454,falla_engranaje,0.8000000000
4.5230000000,0.0018096763,0.6700200146,falla_engranaje,0.8000000000
4.5235000000,0.0018549391,0.6452250779,falla_engranaje,0.8000000000
4.5240000000,0.0018024704,0.6534624572,falla_engranaje,0.8000000000
4.5245000000,0.0017490094,0.6470824981,falla_engranaje,0.8000000000
4.5250000000,0.0019835867,0.6615943143,falla_engranaje,0.8000000000
4.5255000000,0.0018985573,0.6489022345,falla_engranaje,0.8000000000
4.5260000000,0.0018842209,0.6650577095,falla_engranaje,0.8000000000
4.5265000000,0.0018925082,0.6517439959,falla_engranaje,0.8000000000
4.5270000000,0.0018675716,0.6759917459,falla_engranaje,0.8000000000
4.5275000000,0.0018275248,0.6632301830,falla_engranaje,0.8000000000
4.5280000000,0.0019351143,0.6583564804,falla_engranaje,0.8000000000
4.5285000000,0.0018799546,0.6541242376,falla_engranaje,0.8000000000
4.5290000000,0.0018764627,0.6379463871,falla_engranaje,0.8000000000
4.5295000000,0.0018598461,0.6188010993,falla_engranaje,0.8000000000
4.5300000000,0.0019209427,0.6514591706,falla_engranaje,0.8000000000
4.5305000000,0.0019610533,0.6420638001,falla_engranaje,0.8000000000
4.5310000000,0.0019328239,0.6437653263,falla_engranaje,0.8000000000
4.5315000000,0.0019524204,0.6361351228,falla_engranaje,0.8000000000
4.5320000000,0.0019541441,0.6472482084,falla_engranaje,0.8000000000
4.5325000000,0.0018750851,0.6474297655,falla_engranaje,0.8000000000
4.5330000000,0.0018761349,0.6423533122,falla_engranaje,0.8000000000
4.5335000000,0.0019001284,0.6588119673,falla_engranaje,0.8000000000
4.5340000000,0.0019336227,0.6377306556,falla_engranaje,0.8000000000
4.5345000000,0.0018482894,0.6434116479,falla_engranaje,0.8000000000
4.5350000000,0.0019153825,0.6323436914,falla_engranaje,0.8000000000
4.5355000000,0.0018837705,0.6450889890,falla_engranaje,0.8000000000
4.5360000000,0.0018526247,0.6358068954,falla_engranaje,0.8000000000
4.5365000000,0.0019726485,0.6265197053,falla_engranaje,0.8000000000
4.5370000000,0.0019419142,0.6370824555,falla_engranaje,0.8000000000
4.5375000000,0.0020258170,0.6335972534,falla_engranaje,0.8000000000
4.5380000000,0.0019595136,0.6172188779,falla_engranaje,0.8000000000
4.5385000000,0.0021103391,0.6271601068,falla_engranaje,0.8000000000
4.5390000000,0.0019470288,0.6279974514,falla_engranaje,0.8000000000
4.5395000000,0.0021581089,0.6351439712,falla_engranaje,0.8000000000
4.5400000000,0.0020036640,0.6284587885,falla_engranaje,0.8000000000
4.5405000000,0.0020317936,0.6183741795,falla_engranaje,0.8000000000
4.5410000000,0.0019657065,0.6273481255,falla_engranaje,0.8000000000
4.5415000000,0.0020206141,0.6275406360,falla_engranaje,0.8000000000
4.5420000000,0.0020083417,0.6343502201,falla_engranaje,0.8000000000
4.5425000000,0.0020267539,0.6323849686,falla_engranaje,0.8000000000
4.5430000000,0.0020486190,0.6197902201,falla_engranaje,0.8000000000
4.5435000000,0.0019778235,0.6287795821,falla_engranaje,0.8000000000
4.5440000000,0.0020852836,0.6242334993,falla_engranaje,0.8000000000
4.5445000000,0.0020178176,0.6299824682,falla_engranaje,0.8000000000
4.5450000000,0.0020529817,0.6289377023,falla_engranaje,0.8000000000
4.5455000000,0.0020737386,0.6375552648,falla_engranaje,0.8000000000
4.5460000000,0.0021069149,0.6211480837,falla_engranaje,0.8000000000
4.5465000000,0.0021148276,0.6279714130,falla_engranaje,0.8000000000
4.5470000000,0.0021852083,0.6369511592,falla_engranaje,0.8000000000
4.5475000000,0.0019730195,0.6254117091,falla_engranaje,0.8000000000
4.5480000000,0.0020645422,0.6196170882,falla_engranaje,0.8000000000
4.5485000000,0.0021398959,0.6180997998,falla_engranaje,0.8000000000
4.5490000000,0.0021151246,0.6258723043,falla_engranaje,0.8000000000
4.5495000000,0.0019844389,0.6252104327,falla_engranaje,0.8000000000
4.5500000000,0.0021370964,0.6383590615,falla_engranaje,0.8000000000
4.5505000000,0.0020860602,0.6401769950,falla_engranaje,0.8000000000
4.5510000000,0.0019638516,0.6395429712,falla_engranaje,0.8000000000
4.5515000000,0.0021757083,0.6254431987,falla_engranaje,0.8000000000
4.5520000000,0.0021425291,0.6155772392,falla_engranaje,0.8000000000
4.5525000000,0.0021285430,0.6271397773,falla_engranaje,0.8000000000
4.5530000000,0.0020600142,0.6120648946,falla_engranaje,0.8000000000
4.5535000000,0.0021322123,0.6306570287,falla_engranaje,0.8000000000
4.5540000000,0.0021941277,0.6301590037,falla_engranaje,0.8000000000
4.5545000000,0.0021553783,0.6166495124,falla_engranaje,0.8000000000
4.5550000000,0.0020730847,0.6368541020,falla_engranaje,0.8000000000
4.5555000000,0.0020948734,0.6219777307,falla_engranaje,0.8000000000
4.5560000000,0.0022188456,0.6430647475,falla_engranaje,0.8000000000
4.5565000000,0.0021786467,0.6031083606,falla_engranaje,0.8000000000
4.5570000000,0.0021548884,0.6323257988,falla_engranaje,0.8000000000
4.5575000000,0.0021072071,0.6140597768,falla_engranaje,0.8000000000
4.5580000000,0.0021321602,0.6271638384,falla_engranaje,0.8000000000
4.5585000000,0.0022297240,0.6093393692,falla_engranaje,0.8000000000
4.5590000000,0.0021568485,0.6022918160,falla_engranaje,0.8000000000
4.5595000000,0.0022170457,0.6350300550,falla_engranaje,0.8000000000
4.5600000000,0.0020586219,0.6220004864,falla_engranaje,0.8000000000
4.5605000000,0.0022470265,0.6147569782,falla_engranaje,0.8000000000
4.5610000000,0.0021863580,0.5908439351,falla_engranaje,0.8000000000
4.5615000000,0.0020783594,0.6236114377,falla_engranaje,0.8000000000
4.5620000000,0.0022374723,0.5817148511,falla_engranaje,0.8000000000
4.5625000000,0.0022349288,0.6172088599,falla_engranaje,0.8000000000
4.5630000000,0.0021024774,0.6287375667,falla_engranaje,0.8000000000
4.5635000000,0.0022363468,0.6431967221,falla_engranaje,0.8000000000
4.5640000000,0.0022597665,0.6051930445,falla_engranaje,0.8000000000
4.5645000000,0.0022195383,0.6027663569,falla_engranaje,0.8000000000
4.5650000000,0.0023512667,0.6106147512,falla_engranaje,0.8000000000
4.5655000000,0.0022505179,0.6023773952,falla_engranaje,0.8000000000
4.5660000000,0.0024106188,0.6198735414,falla_engranaje,0.8000000000
4.5665000000,0.0022628039,0.6296272557,falla_engranaje,0.8000000000
4.5670000000,0.0022820424,0.6077419420,falla_engranaje,0.8000000000
4.5675000000,0.0021937167,0.6031607280,falla_engranaje,0.8000000000
4.5680000000,0.0022573937,0.5973562026,falla_engranaje,0.8000000000
4.5685000000,0.0023446162,0.6010262858,falla_engranaje,0.8000000000
4.5690000000,0.0023204746,0.6094912661,falla_engranaje,0.8000000000
4.5695000000,0.0023236757,0.5843215770,falla_engranaje,0.8000000000
4.5700000000,0.0023633007,0.6066587953,falla_engranaje,0.8000000000
4.5705000000,0.0023339689,0.5963749052,falla_engranaje,0.8000000000
4.5710000000,0.0023372656,0.6003019520,falla_engranaje,0.8000000000
4.5715000000,0.0023477602,0.5970604241,falla_engranaje,0.8000000000
4.5720000000,0.0021449411,0.6145606937,falla_engranaje,0.8000000000
4.5725000000,0.0024239864,0.6138179519,falla_engranaje,0.8000000000
4.5730000000,0.0024573096,0.6008770573,falla_engranaje,0.8000000000
4.5735000000,0.0022602571,0.6090291177,falla_engranaje,0.8000000000
4.5740000000,0.0023255677,0.5971205314,falla_engranaje,0.8000000000
4.5745000000,0.0022991577,0.6071003364,falla_engranaje,0.8000000000
4.5750000000,0.0021812514,0.5949488414,falla_engranaje,0.8000000000
4.5755000000,0.0023899258,0.6008046379,falla_engranaje,0.8000000000
4.5760000000,0.0024268721,0.5880546911,falla_engranaje,0.8000000000
4.5765000000,0.0023913856,0.6179384762,falla_engranaje,0.8000000000
4.5770000000,0.0023087615,0.6161139504,falla_engranaje,0.8000000000
4.5775000000,0.0023333871,0.5967653221,falla_engranaje,0.8000000000
4.5780000000,0.0024348653,0.6095781560,falla_engranaje,0.8000000000
4.5785000000,0.0023819385,0.5980755205,falla_engranaje,0.8000000000
4.5790000000,0.0022928501,0.6075390725,falla_engranaje,0.8000000000
4.5795000000,0.0024510752,0.6080139868,falla_engranaje,0.8000000000
4.5800000000,0.0024217492,0.6187780876,falla_engranaje,0.8000000000
4.5805000000,0.0023712910,0.6101047496,falla_engranaje,0.8000000000
4.5810000000,0.0023418704,0.5932530346,falla_engranaje,0.8000000000
4.5815000000,0.0025256214,0.5891574615,falla_engranaje,0.8000000000
4.5820000000,0.0024207688,0.5941077893,falla_engranaje,0.8000000000
4.5825000000,0.0024003542,0.6004350259,falla_engranaje,0.8000000000
4.5830000000,0.0024835966,0.5883768821,falla_engranaje,0.8000000000
4.5835000000,0.0024956336,0.5930930510,falla_engranaje,0.8000000000
4.5840000000,0.0024068165,0.6048023145,falla_engranaje,0.8000000000
4.5845000000,0.0024366778,0.6019861640,falla_engranaje,0.8000000000
4.5850000000,0.0025695340,0.6006740106,falla_engranaje,0.8000000000
4.5855000000,0.0024789630,0.5861145067,falla_engranaje,0.8000000000
4.5860000000,0.0023847002,0.5976373861,falla_engranaje,0.8000000000
4.5865000000,0.0025875586,0.5803240357,falla_engranaje,0.8000000000
4.5870000000,0.0024370601,0.5917237208,falla_engranaje,0.8000000000
4.5875000000,0.0024082085,0.5971458920,falla_engranaje,0.8000000000
4.5880000000,0.0024486849,0.5981526558,falla_engranaje,0.8000000000
4.5885000000,0.0024815976,0.5819584632,falla_engranaje,0.8000000000
4.5890000000,0.0025195073,0.5885641960,falla_engranaje,0.8000000000
4.5895000000,0.0024508535,0.5932452548,falla_engranaje,0.8000000000
4.5900000000,0.0025016879,0.5775653396,falla_engranaje,0.8000000000
4.5905000000,0.0025091343,0.5991838961,falla_engranaje,0.8000000000
4.5910000000,0.0024878374,0.6032531918,falla_engranaje,0.8000000000
4.5915000000,0.0024255943,0.5751766374,falla_engranaje,0.8000000000
4.5920000000,0.0025566995,0.5802469418,falla_engranaje,0.8000000000
4.5925000000,0.0025297121,0.5850399605,falla_engranaje,0.8000000000
4.5930000000,0.0024756173,0.5937062551,falla_engranaje,0.8000000000
4.5935000000,0.0025282190,0.5682849950,falla_engranaje,0.8000000000
4.5940000000,0.0026263496,0.5859008805,falla_engranaje,0.8000000000
4.5945000000,0.0025771635,0.5938452022,falla_engranaje,0.8000000000
4.5950000000,0.0026626242,0.5866685615,falla_engranaje,0.8000000000
4.5955000000,0.0024958793,0.5748367504,falla_engranaje,0.8000000000
4.5960000000,0.0025339937,0.5833023674,falla_engranaje,0.8000000000
4.5965000000,0.0025674884,0.5828218805,falla_engranaje,0.8000000000
4.5970000000,0.0025629483,0.5795564636,falla_engranaje,0.8000000000
4.5975000000,0.0025462876,0.5887417518,falla_engranaje,0.8000000000
4.5980000000,0.0025295481,0.5854243651,falla_engranaje,0.8000000000
4.5985000000,0.0026117172,0.5898761406,falla_engranaje,0.8000000000
4.5990000000,0.0025789465,0.5831821575,falla_engranaje,0.8000000000
4.5995000000,0.0025898955,0.5941022175,falla_engranaje,0.8000000000
4.6000000000,0.0026515768,0.5724451368,falla_engranaje,0.8000000000
4.6005000000,0.0025372336,0.5960260988,falla_engranaje,0.8000000000
4.6010000000,0.0026507957,0.6002731653,falla_engranaje,0.8000000000
4.6015000000,0.0027185875,0.5769063394,falla_engranaje,0.8000000000
4.6020000000,0.0026474877,0.5781003323,falla_engranaje,0.8000000000
4.6025000000,0.0025748448,0.5698980208,falla_engranaje,0.8000000000
4.6030000000,0.0027001756,0.5789502387,falla_engranaje,0.8000000000
4.6035000000,0.0026346908,0.5976782509,falla_engranaje,0.8000000000
4.6040000000,0.0026830195,0.5684999336,falla_engranaje,0.8000000000
4.6045000000,0.0027497930,0.5787548988,falla_engranaje,0.8000000000
4.6050000000,0.0026980799,0.5907968958,falla_engranaje,0.8000000000
4.6055000000,0.0027762992,0.5856118503,falla_engranaje,0.8000000000
4.6060000000,0.0026918788,0.5861145732,falla_engranaje,0.8000000000
4.6065000000,0.0027192306,0.5823097210,falla_engranaje,0.8000000000
4.6070000000,0.0027202420,0.5625868652,falla_engranaje,0.8000000000
4.6075000000,0.0027389420,0.5709379710,falla_engranaje,0.8000000000
4.6080000000,0.0026829756,0.5714976502,falla_engranaje,0.8000000000
4.6085000000,0.0027724231,0.5752051971,falla_engranaje,0.8000000000
4.6090000000,0.0027598510,0.5672415926,falla_engranaje,0.8000000000
4.6095000000,0.0027274391,0.5799859479,falla_engranaje,0.8000000000
4.6100000000,0.0026683590,0.5787922782,falla_engranaje,0.8000000000
4.6105000000,0.0028291482,0.5791668602,falla_engranaje,0.8000000000
4.6110000000,0.0027393932,0.5688687014,falla_engranaje,0.8000000000
4.6115000000,0.0028609956,0.5676442236,falla_engranaje,0.8000000000
4.6120000000,0.0027587704,0.5795291441,falla_engranaje,0.8000000000
4.6125000000,0.0027473485,0.5847643017,falla_engranaje,0.8000000000
4.6130000000,0.0027331677,0.5785874623,falla_engranaje,0.8000000000
4.6135000000,0.0027749956,0.5667335533,falla_engranaje,0.8000000000
4.6140000000,0.0026971510,0.5504902020,falla_engranaje,0.8000000000
4.6145000000,0.0029290860,0.5699076905,falla_engranaje,0.8000000000
4.6150000000,0.0027549712,0.5646813321,falla_engranaje,0.8000000000
4.6155000000,0.0029216451,0.5682554228,falla_engranaje,0.8000000000
4.6160000000,0.0027653371,0.5592250118,falla_engranaje,0.8000000000
4.6165000000,0.0027240389,0.5725226501,falla_engranaje,0.8000000000
4.6170000000,0.0027596451,0.5762636807,falla_engranaje,0.8000000000
4.6175000000,0.0027722300,0.5727857725,falla_engranaje,0.8000000000
4.6180000000,0.0027854314,0.5620450121,falla_engranaje,0.8000000000
4.6185000000,0.0027818155,0.5631999484,falla_engranaje,0.8000000000
4.6190000000,0.0027524583,0.5654989895,falla_engranaje,0.8000000000
4.6195000000,0.0028072788,0.5705403967,falla_engranaje,0.8000000000
4.6200000000,0.0027337450,0.5771623795,falla_engranaje,0.8000000000
4.6205000000,0.0027457320,0.5622914501,falla_engranaje,0.8000000000
4.6210000000,0.0028484612,0.5836306859,falla_engranaje,0.8000000000
4.6215000000,0.0028837815,0.5691147961,falla_engranaje,0.8000000000
4.6220000000,0.0028035217,0.5701962371,falla_engranaje,0.8000000000
4.6225000000,0.0028003560,0.5486087811,falla_engranaje,0.8000000000
4.6230000000,0.0028881377,0.5624079787,falla_engranaje,0.8000000000
4.6235000000,0.0028067480,0.5467433612,falla_engranaje,0.8000000000
4.6240000000,0.0029411552,0.5416264673,falla_engranaje,0.8000000000
4.6245000000,0.0027523833,0.5553180229,falla_engranaje,0.8000000000
4.6250000000,0.0028255858,0.5649569580,falla_engranaje,0.8000000000
4.6255000000,0.0029142757,0.5543808098,falla_engranaje,0.8000000000
4.6260000000,0.0029419540,0.5555291557,falla_engranaje,0.8000000000
4.6265000000,0.0028338762,0.5530476888,falla_engranaje,0.8000000000
4.6270000000,0.0028395895,0.5377947202,falla_engranaje,0.8000000000
4.6275000000,0.0027907519,0.5370876237,falla_engranaje,0.8000000000
4.6280000000,0.0028545488,0.5617740166,falla_engranaje,0.8000000000
4.6285000000,0.0028354410,0.5495095046,falla_engranaje,0.8000000000
4.6290000000,0.0028972656,0.5672869550,falla_engranaje,0.8000000000
4.6295000000,0.0028942194,0.5693225954,falla_engranaje,0.8000000000
4.6300000000,0.0027886135,0.5668660089,falla_engranaje,0.8000000000
4.6305000000,0.0027921066,0.5558165010,falla_engranaje,0.8000000000
4.6310000000,0.0029927763,0.5412259347,falla_engranaje,0.8000000000
4.6315000000,0.0028097791,0.5420281630,falla_engranaje,0.8000000000
4.6320000000,0.0028328844,0.5770524654,falla_engranaje,0.8000000000
4.6325000000,0.0030200886,0.5552482031,falla_engranaje,0.8000000000
4.6330000000,0.0028752364,0.5483759040,falla_engranaje,0.8000000000
4.6335000000,0.0030679801,0.5678798068,falla_engranaje,0.8000000000
4.6340000000,0.0029271832,0.5477268119,falla_engranaje,0.8000000000
4.6345000000,0.0028344753,0.5290937282,falla_engranaje,0.8000000000
4.6350000000,0.0028705421,0.5339063983,falla_engranaje,0.8000000000
4.6355000000,0.0029419028,0.5565115368,falla_engranaje,0.8000000000
4.6360000000,0.0028163651,0.5549093485,falla_engranaje,0.8000000000
4.6365000000,0.0029693979,0.5343670107,falla_engranaje,0.8000000000
4.6370000000,0.0029690452,0.5410764283,falla_engranaje,0.8000000000
4.6375000000,0.0029120015,0.5385607598,falla_engranaje,0.8000000000
4.6380000000,0.0028489481,0.5332012000,falla_engranaje,0.8000000000
4.6385000000,0.0028109916,0.5477788143,falla_engranaje,0.8000000000
4.6390000000,0.0029200099,0.5477632835,falla_engranaje,0.8000000000
4.6395000000,0.0028590296,0.5241177498,falla_engranaje,0.8000000000
4.6400000000,0.0028353743,0.5547560187,falla_engranaje,0.8000000000
4.6405000000,0.0028906474,0.5445709905,falla_engranaje,0.8000000000
4.6410000000,0.0029194162,0.5463506850,falla_engranaje,0.8000000000
4.6415000000,0.0029400973,0.5288308921,falla_engranaje,0.8000000000
4.6420000000,0.0029802392,0.5359586203,falla_engranaje,0.8000000000
4.6425000000,0.0029551788,0.5583044003,falla_engranaje,0.8000000000
4.6430000000,0.0029931290,0.5404863760,falla_engranaje,0.8000000000
4.6435000000,0.0030341703,0.5428582089,falla_engranaje,0.8000000000
4.6440000000,0.0029730692,0.5247288354,falla_engranaje,0.8000000000
4.6445000000,0.0029822571,0.5238953518,falla_engranaje,0.8000000000
4.6450000000,0.0028437515,0.5445279127,falla_engranaje,0.8000000000
4.6455000000,0.0030586810,0.5438210608,falla_engranaje,0.8000000000
4.6460000000,0.0029269812,0.5050614885,falla_engranaje,0.8000000000
4.6465000000,0.0029267376,0.5195955570,falla_engranaje,0.8000000000
4.6470000000,0.0030204875,0.5452005541,falla_engranaje,0.8000000000
4.6475000000,0.0029288426,0.5176282288,falla_engranaje,0.8000000000
4.6480000000,0.0028421276,0.5265724022,falla_engranaje,0.8000000000
4.6485000000,0.0031398341,0.5351030661,falla_engranaje,0.8000000000
4.6490000000,0.0029499513,0.5447917933,falla_engranaje,0.8000000000
4.6495000000,0.0028761869,0.5315187673,falla_engranaje,0.8000000000
4.6500000000,0.0030032886,0.5427134781,falla_engranaje,0.8000000000
4.6505000000,0.0029486012,0.5465108536,falla_engranaje,0.8000000000
4.6510000000,0.0030416705,0.5267424515,falla_engranaje,0.8000000000
4.6515000000,0.0028506961,0.5188232649,falla_engranaje,0.8000000000
4.6520000000,0.0029897203,0.5424521273,falla_engranaje,0.8000000000
4.6525000000,0.0029653332,0.5295178390,falla_engranaje,0.8000000000
4.6530000000,0.0030010122,0.5054437402,falla_engranaje,0.8000000000
4.6535000000,0.0029383448,0.5050179586,falla_engranaje,0.8000000000
4.6540000000,0.0028841918,0.5254583471,falla_engranaje,0.8000000000
4.6545000000,0.0029360436,0.5155218414,falla_engranaje,0.8000000000
4.6550000000,0.0028931797,0.5282890351,falla_engranaje,0.8000000000
4.6555000000,0.0028480817,0.5168077643,falla_engranaje,0.8000000000
4.6560000000,0.0028496636,0.4996512757,falla_engranaje,0.8000000000
4.6565000000,0.0030354664,0.5138351393,falla_engranaje,0.8000000000
4.6570000000,0.0030717735,0.5078374225,falla_engranaje,0.8000000000
4.6575000000,0.0030384730,0.5067032529,falla_engranaje,0.8000000000
4.6580000000,0.0029331778,0.5057987321,falla_engranaje,0.8000000000
4.6585000000,0.0029349010,0.5318845198,falla_engranaje,0.8000000000
4.6590000000,0.0030487453,0.5010971282,falla_engranaje,0.8000000000
4.6595000000,0.0029011175,0.5124559091,falla_engranaje,0.8000000000
4.6600000000,0.0028727184,0.5182109668,falla_engranaje,0.8000000000
4.6605000000,0.0029056099,0.5155473168,falla_engranaje,0.8000000000
4.6610000000,0.0029320947,0.4945143408,falla_engranaje,0.8000000000
4.6615000000,0.0029062104,0.4995911627,falla_engranaje,0.8000000000
4.6620000000,0.0029828473,0.5225022562,falla_engranaje,0.8000000000
4.6625000000,0.0030089545,0.5057754666,falla_engranaje,0.8000000000
4.6630000000,0.0029267997,0.5085564540,falla_engranaje,0.8000000000
4.6635000000,0.0028735830,0.5169682139,falla_engranaje,0.8000000000
4.6640000000,0.0029660129,0.4948128463,falla_engranaje,0.8000000000
4.6645000000,0.0030585058,0.5116737003,falla_engranaje,0.8000000000
4.6650000000,0.0029600980,0.5067438464,falla_engranaje,0.8000000000
4.6655000000,0.0030666224,0.4903356123,falla_engranaje,0.8000000000
4.6660000000,0.0030361453,0.5120341508,falla_engranaje,0.8000000000
4.6665000000,0.0029651833,0.4927114808,falla_engranaje,0.8000000000
4.6670000000,0.0030639583,0.5032561105,falla_engranaje,0.8000000000
4.6675000000,0.0029508440,0.5084157676,falla_engranaje,0.8000000000
4.6680000000,0.0030447702,0.5083591780,falla_engranaje,0.8000000000
4.6685000000,0.0028917626,0.4982970321,falla_engranaje,0.8000000000
4.6690000000,0.0029603864,0.5020791130,falla_engranaje,0.8000000000
4.6695000000,0.0028608048,0.4822808827,falla_engranaje,0.8000000000
4.6700000000,0.0030585654,0.4953669364,falla_engranaje,0.8000000000
4.6705000000,0.0030322666,0.4947740868,falla_engranaje,0.8000000000
4.6710000000,0.0028655179,0.5067585813,falla_engranaje,0.8000000000
4.6715000000,0.0029281621,0.4871714352,falla_engranaje,0.8000000000
4.6720000000,0.0030697398,0.5051318679,falla_engranaje,0.8000000000
4.6725000000,0.0029362877,0.5057180032,falla_engranaje,0.8000000000
4.6730000000,0.0028244027,0.4982947428,falla_engranaje,0.8000000000
4.6735000000,0.0028951156,0.4811272090,falla_engranaje,0.8000000000
4.6740000000,0.0029886043,0.5025518254,falla_engranaje,0.8000000000
4.6745000000,0.0028934917,0.4927519871,falla_engranaje,0.8000000000
4.6750000000,0.0030166643,0.4782071017,falla_engranaje,0.8000000000
4.6755000000,0.0028535707,0.4930412391,falla_engranaje,0.8000000000
4.6760000000,0.0029577263,0.4849744213,falla_engranaje,0.8000000000
4.6765000000,0.0029973445,0.5033094790,falla_engranaje,0.8000000000
4.6770000000,0.0028842832,0.4791005029,falla_engranaje,0.8000000000
4.6775000000,0.0029554335,0.4813065276,falla_engranaje,0.8000000000
4.6780000000,0.0029348630,0.4803372466,falla_engranaje,0.8000000000
4.6785000000,0.0029769879,0.4742255513,falla_engranaje,0.8000000000
4.6790000000,0.0028947669,0.4811250805,falla_engranaje,0.8000000000
4.6795000000,0.0030525477,0.4831659103,falla_engranaje,0.8000000000
4.6800000000,0.0029780308,0.4792924109,falla_engranaje,0.8000000000
4.6805000000,0.0028913512,0.4639111019,falla_engranaje,0.8000000000
4.6810000000,0.0030358697,0.4748322704,falla_engranaje,0.8000000000
4.6815000000,0.0028341428,0.4790220166,falla_engranaje,0.8000000000
4.6820000000,0.0030014974,0.4795722069,falla_engranaje,0.8000000000
4.6825000000,0.0028141604,0.4807306505,falla_engranaje,0.8000000000
4.6830000000,0.0028205261,0.4533905772,falla_engranaje,0.8000000000
4.6835000000,0.0029870892,0.4816509724,falla_engranaje,0.8000000000
4.6840000000,0.0029836225,0.4685965922,falla_engranaje,0.8000000000
4.6845000000,0.0029379761,0.4575233614,falla_engranaje,0.8000000000
4.6850000000,0.0029034324,0.4595650005,falla_engranaje,0.8000000000
4.6855000000,0.0029763636,0.4605045647,falla_engranaje,0.8000000000
4.6860000000,0.0029181129,0.4629312031,falla_engranaje,0.8000000000
4.6865000000,0.0029634938,0.4823059891,falla_engranaje,0.8000000000
4.6870000000,0.0028273126,0.4562266422,falla_engranaje,0.8000000000
4.6875000000,0.0029356306,0.4655338075,falla_engranaje,0.8000000000
4.6880000000,0.0028911828,0.4584886125,falla_engranaje,0.8000000000
4.6885000000,0.0028047561,0.4629071220,falla_engranaje,0.8000000000
4.6890000000,0.0029470548,0.4423522956,falla_engranaje,0.8000000000
4.6895000000,0.0029345603,0.4615066163,falla_engranaje,0.8000000000
4.6900000000,0.0027967125,0.4719606000,falla_engranaje,0.8000000000
4.6905000000,0.0028607483,0.4613222567,falla_engranaje,0.8000000000
4.6910000000,0.0028030554,0.4572619407,falla_engranaje,0.8000000000
4.6915000000,0.0028994980,0.4512008458,falla_engranaje,0.8000000000
4.6920000000,0.0028713197,0.4567020616,falla_engranaje,0.8000000000
4.6925000000,0.0028485947,0.4430481178,falla_engranaje,0.8000000000
4.6930000000,0.0029519284,0.4559587986,falla_engranaje,0.8000000000
4.6935000000,0.0028455921,0.4632832186,falla_engranaje,0.8000000000
4.6940000000,0.0028814561,0.4661654123,falla_engranaje,0.8000000000
4.6945000000,0.0028761172,0.4487839402,falla_engranaje,0.8000000000
4.6950000000,0.0028685009,0.4422410911,falla_engranaje,0.8000000000
4.6955000000,0.0028776560,0.4407304571,falla_engranaje,0.8000000000
4.6960000000,0.0028385071,0.4254869776,falla_engranaje,0.8000000000
4.6965000000,0.0028660304,0.4259268980,falla_engranaje,0.8000000000
4.6970000000,0.0028615494,0.4494451562,falla_engranaje,0.8000000000
4.6975000000,0.0027653829,0.4396282979,falla_engranaje,0.8000000000
4.6980000000,0.0027911538,0.4448881676,falla_engranaje,0.8000000000
4.6985000000,0.0027907918,0.4490969531,falla_engranaje,0.8000000000
4.6990000000,0.0027340395,0.4428471430,falla_engranaje,0.8000000000
4.6995000000,0.0028758593,0.4527535698,falla_engranaje,0.8000000000
4.7000000000,0.0028223898,0.4289980042,falla_engranaje,0.8000000000
4.7005000000,0.0028002838,0.4187761488,falla_engranaje,0.8000000000
4.7010000000,0.0028730710,0.4306287579,falla_engranaje,0.8000000000
4.7015000000,0.0029073782,0.4385916917,falla_engranaje,0.8000000000
4.7020000000,0.0028636396,0.4308174123,falla_engranaje,0.8000000000
4.7025000000,0.0028559656,0.4344087162,falla_engranaje,0.8000000000
4.7030000000,0.0027589784,0.4282182335,falla_engranaje,0.8000000000
4.7035000000,0.0027756279,0.4120917825,falla_engranaje,0.8000000000
4.7040000000,0.0028416608,0.4526199308,falla_engranaje,0.8000000000
4.7045000000,0.0027176307,0.4220135618,falla_engranaje,0.8000000000
4.7050000000,0.0027589859,0.4311126830,falla_engranaje,0.8000000000
4.7055000000,0.0028174141,0.4288618859,falla_engranaje,0.8000000000
4.7060000000,0.0026786070,0.4279105935,falla_engranaje,0.8000000000
4.7065000000,0.0026435557,0.4193901626,falla_engranaje,0.8000000000
4.7070000000,0.0028470520,0.4262373793,falla_engranaje,0.8000000000
4.7075000000,0.0027230965,0.4161563835,falla_engranaje,0.8000000000
4.7080000000,0.0028154653,0.4121991671,falla_engranaje,0.8000000000
4.7085000000,0.0027282388,0.4180430893,falla_engranaje,0.8000000000
4.7090000000,0.0027600033,0.4206905993,falla_engranaje,0.8000000000
4.7095000000,0.0027976888,0.4147035205,falla_engranaje,0.8000000000
4.7100000000,0.0028411841,0.4055949744,falla_engranaje,0.8000000000
4.7105000000,0.0026412472,0.4172367985,falla_engranaje,0.8000000000
4.7110000000,0.0026806622,0.4228083263,falla_engranaje,0.8000000000
4.7115000000,0.0025536272,0.3942402872,falla_engranaje,0.8000000000
4.7120000000,0.0027430702,0.3950916222,falla_engranaje,0.8000000000
4.7125000000,0.0026249922,0.3990724466,falla_engranaje,0.8000000000
4.7130000000,0.0026440304,0.4133131914,falla_engranaje,0.8000000000
4.7135000000,0.0027546781,0.4099874414,falla_engranaje,0.8000000000
4.7140000000,0.0025519807,0.3998580452,falla_engranaje,0.8000000000
4.7145000000,0.0026142731,0.4023030018,falla_engranaje,0.8000000000
4.7150000000,0.0026345830,0.4143389288,falla_engranaje,0.8000000000
4.7155000000,0.0025414462,0.4080027369,falla_engranaje,0.8000000000
4.7160000000,0.0025130642,0.3971895515,falla_engranaje,0.8000000000
4.7165000000,0.0026593423,0.3930097315,falla_engranaje,0.8000000000
4.7170000000,0.0026818202,0.4206390496,falla_engranaje,0.8000000000
4.7175000000,0.0025162435,0.4029978436,falla_engranaje,0.8000000000
4.7180000000,0.0025458891,0.3915574066,falla_engranaje,0.8000000000
4.7185000000,0.0026803252,0.3804874177,falla_engranaje,0.8000000000
4.7190000000,0.0025975252,0.3916639878,falla_engranaje,0.8000000000
4.7195000000,0.0026174995,0.3893974772,falla_engranaje,0.8000000000
4.7200000000,0.0024932279,0.3958308268,falla_engranaje,0.8000000000
4.7205000000,0.0024546458,0.3721760228,falla_engranaje,0.8000000000
4.7210000000,0.0024328592,0.3937436496,falla_engranaje,0.8000000000
4.7215000000,0.0026388659,0.3824217507,falla_engranaje,0.8000000000
4.7220000000,0.0025951200,0.3820040554,falla_engranaje,0.8000000000
4.7225000000,0.0024540211,0.3695522065,falla_engranaje,0.8000000000
4.7230000000,0.0025948384,0.3880070427,falla_engranaje,0.8000000000
4.7235000000,0.0026464530,0.3738924380,falla_engranaje,0.8000000000
4.7240000000,0.0025968006,0.3680844910,falla_engranaje,0.8000000000
4.7245000000,0.0024983301,0.3765995106,falla_engranaje,0.8000000000
4.7250000000,0.0025496952,0.3679664093,falla_engranaje,0.8000000000
4.7255000000,0.0025290150,0.3645650788,falla_engranaje,0.8000000000
4.7260000000,0.0024806257,0.3736640383,falla_engranaje,0.8000000000
4.7265000000,0.0025006719,0.3712962553,falla_engranaje,0.8000000000
4.7270000000,0.0025518624,0.3638233923,falla_engranaje,0.8000000000
4.7275000000,0.0025670026,0.3728063058,falla_engranaje,0.8000000000
4.7280000000,0.0025462155,0.3634241464,falla_engranaje,0.8000000000
4.7285000000,0.0024664801,0.3543143254,falla_engranaje,0.8000000000
4.7290000000,0.0023353608,0.3700669845,falla_engranaje,0.8000000000
4.7295000000,0.0024184521,0.3514987639,falla_engranaje,0.8000000000
4.7300000000,0.0024961885,0.3659134366,falla_engranaje,0.8000000000
4.7305000000,0.0024427950,0.3531102200,falla_engranaje,0.8000000000
4.7310000000,0.0025061134,0.3665648514,falla_engranaje,0.8000000000
4.7315000000,0.0024717337,0.3637461224,falla_engranaje,0.8000000000
4.7320000000,0.0024467747,0.3416022592,falla_engranaje,0.8000000000
4.7325000000,0.0023421817,0.3692919898,falla_engranaje,0.8000000000
4.7330000000,0.0024396219,0.3452515426,falla_engranaje,0.8000000000
4.7335000000,0.0022725699,0.3383514776,falla_engranaje,0.8000000000
4.7340000000,0.0024106395,0.3399550274,falla_engranaje,0.8000000000
4.7345000000,0.0021615789,0.3251158425,falla_engranaje,0.8000000000
4.7350000000,0.0023424934,0.3619922851,falla_engranaje,0.8000000000
4.7355000000,0.0022455162,0.3409848787,falla_engranaje,0.8000000000
4.7360000000,0.0022076871,0.3628687458,falla_engranaje,0.8000000000
4.7365000000,0.0023249645,0.3381350146,falla_engranaje,0.8000000000
4.7370000000,0.0025068413,0.3437897764,falla_engranaje,0.8000000000
4.7375000000,0.0023451639,0.3468576367,falla_engranaje,0.8000000000
4.7380000000,0.0022271603,0.3462005939,falla_engranaje,0.8000000000
4.7385000000,0.0023136297,0.3554627981,falla_engranaje,0.8000000000
4.7390000000,0.0023437990,0.3606232505,falla_engranaje,0.8000000000
4.7395000000,0.0022724098,0.3276578246,falla_engranaje,0.8000000000
4.7400000000,0.0023629095,0.3193031083,falla_engranaje,0.8000000000
4.7405000000,0.0022455966,0.3116262887,falla_engranaje,0.8000000000
4.7410000000,0.0023148943,0.3416511694,falla_engranaje,0.8000000000
4.7415000000,0.0023325836,0.3388492776,falla_engranaje,0.8000000000
4.7420000000,0.0021783885,0.3237979315,falla_engranaje,0.8000000000
4.7425000000,0.0021373183,0.3182448710,falla_engranaje,0.8000000000
4.7430000000,0.0023255114,0.3340779468,falla_engranaje,0.8000000000
4.7435000000,0.0021245189,0.3150222708,falla_engranaje,0.8000000000
4.7440000000,0.0020742452,0.3253541095,falla_engranaje,0.8000000000
4.7445000000,0.0023018252,0.3184472832,falla_engranaje,0.8000000000
4.7450000000,0.0020663847,0.3130069849,falla_engranaje,0.8000000000
4.7455000000,0.0021459550,0.3157014726,falla_engranaje,0.8000000000
4.7460000000,0.0021341786,0.3242858287,falla_engranaje,0.8000000000
4.7465000000,0.0020815671,0.3066435038,falla_engranaje,0.8000000000
4.7470000000,0.0021367209,0.3066250807,falla_engranaje,0.8000000000
4.7475000000,0.0020798196,0.3188321368,falla_engranaje,0.8000000000
4.7480000000,0.0022071227,0.3032181214,falla_engranaje,0.8000000000
4.7485000000,0.0020917576,0.3042722884,falla_engranaje,0.8000000000
4.7490000000,0.0020269599,0.3016581871,falla_engranaje,0.8000000000
4.7495000000,0.0020070546,0.3098398635,falla_engranaje,0.8000000000
4.7500000000,0.0019730944,0.3073177304,falla_engranaje,0.8000000000
4.7505000000,0.0021503465,0.3048623934,falla_engranaje,0.8000000000
4.7510000000,0.0020761548,0.3026881592,falla_engranaje,0.8000000000
4.7515000000,0.0020895677,0.3039523214,falla_engranaje,0.8000000000
4.7520000000,0.0019962503,0.2934495845,falla_engranaje,0.8000000000
4.7525000000,0.0019596825,0.2859011906,falla_engranaje,0.8000000000
4.7530000000,0.0020448428,0.2967663986,falla_engranaje,0.8000000000
4.7535000000,0.0019268029,0.2956004050,falla_engranaje,0.8000000000
4.7540000000,0.0020687307,0.2986784430,falla_engranaje,0.8000000000
4.7545000000,0.0019753177,0.3027368230,falla_engranaje,0.8000000000
4.7550000000,0.0019828337,0.3039692773,falla_engranaje,0.8000000000
4.7555000000,0.0018929380,0.3019780954,falla_engranaje,0.8000000000
4.7560000000,0.0019867528,0.2720127506,falla_engranaje,0.8000000000
4.7565000000,0.0019228489,0.3026667227,falla_engranaje,0.8000000000
4.7570000000,0.0019050339,0.2877342564,falla_engranaje,0.8000000000
4.7575000000,0.0019552166,0.2887478413,falla_engranaje,0.8000000000
4.7580000000,0.0020236297,0.2741703364,falla_engranaje,0.8000000000
4.7585000000,0.0019584570,0.2900894376,falla_engranaje,0.8000000000
4.7590000000,0.0018972326,0.2769841326,falla_engranaje,0.8000000000
4.7595000000,0.0018227687,0.2763430738,falla_engranaje,0.8000000000
4.7600000000,0.0017782325,0.2754683056,falla_engranaje,0.8000000000
4.7605000000,0.0018188642,0.2810979293,falla_engranaje,0.8000000000
4.7610000000,0.0017658256,0.2816297434,falla_engranaje,0.8000000000
4.7615000000,0.0017542962,0.2799409637,falla_engranaje,0.8000000000
4.7620000000,0.0017630280,0.2788398937,falla_engranaje,0.8000000000
4.7625000000,0.0017240566,0.2567643834,falla_engranaje,0.8000000000
4.7630000000,0.0019417967,0.2786540477,falla_engranaje,0.8000000000
4.7635000000,0.0017936614,0.2709086519,falla_engranaje,0.8000000000
4.7640000000,0.0017989557,0.2631885437,falla_engranaje,0.8000000000
4.7645000000,0.0018969525,0.2499377922,falla_engranaje,0.8000000000
4.7650000000,0.0018517141,0.2612223515,falla_engranaje,0.8000000000
4.7655000000,0.0017107411,0.2581377687,falla_engranaje,0.8000000000
4.7660000000,0.0017353530,0.2443562887,falla_engranaje,0.8000000000
4.7665000000,0.0017787634,0.2481773909,falla_engranaje,0.8000000000
4.7670000000,0.0017701157,0.2646566216,falla_engranaje,0.8000000000
4.7675000000,0.0017063924,0.2500727219,falla_engranaje,0.8000000000
4.7680000000,0.0016671403,0.2448750968,falla_engranaje,0.8000000000
4.7685000000,0.0017198393,0.2373908636,falla_engranaje,0.8000000000
4.7690000000,0.0015976591,0.2343686133,falla_engranaje,0.8000000000
4.7695000000,0.0016483610,0.2439818146,falla_engranaje,0.8000000000
4.7700000000,0.0017060462,0.2455131547,falla_engranaje,0.8000000000
4.7705000000,0.0016016433,0.2209539413,falla_engranaje,0.8000000000
4.7710000000,0.0016009558,0.2480532111,falla_engranaje,0.8000000000
4.7715000000,0.0016002474,0.2557054609,falla_engranaje,0.8000000000
4.7720000000,0.0015615814,0.2456948120,falla_engranaje,0.8000000000
4.7725000000,0.0015592916,0.2369200825,falla_engranaje,0.8000000000
4.7730000000,0.0016122463,0.2333717942,falla_engranaje,0.8000000000
4.7735000000,0.0015771577,0.2309348925,falla_engranaje,0.8000000000
4.7740000000,0.0015798141,0.2388064215,falla_engranaje,0.8000000000
4.7745000000,0.0015586445,0.2263274479,falla_engranaje,0.8000000000
4.7750000000,0.0015583088,0.2386956424,falla_engranaje,0.8000000000
4.7755000000,0.0016367397,0.2272143235,falla_engranaje,0.8000000000
4.7760000000,0.0015290836,0.2008706408,falla_engranaje,0.8000000000
4.7765000000,0.0014766214,0.2253730650,falla_engranaje,0.8000000000
4.7770000000,0.0016054969,0.2234554049,falla_engranaje,0.8000000000
4.7775000000,0.0014118176,0.2304779336,falla_engranaje,0.8000000000
4.7780000000,0.0015283668,0.2169308261,falla_engranaje,0.8000000000
4.7785000000,0.0015848518,0.2453290185,falla_engranaje,0.8000000000
4.7790000000,0.0015108923,0.2212675581,falla_engranaje,0.8000000000
4.7795000000,0.0014368752,0.2304599734,falla_engranaje,0.8000000000
4.7800000000,0.0014950316,0.2224825965,falla_engranaje,0.8000000000
4.7805000000,0.0013751655,0.2093635160,falla_engranaje,0.8000000000
4.7810000000,0.0014132016,0.2391269015,falla_engranaje,0.8000000000
4.7815000000,0.0013793754,0.2211431985,falla_engranaje,0.8000000000
4.7820000000,0.0013902841,0.1997508881,falla_engranaje,0.8000000000
4.7825000000,0.0013713711,0.1915315501,falla_engranaje,0.8000000000
4.7830000000,0.0013106754,0.2047845107,falla_engranaje,0.8000000000
4.7835000000,0.0013463999,0.2014936659,falla_engranaje,0.8000000000
4.7840000000,0.0013859427,0.1894129037,falla_engranaje,0.8000000000
4.7845000000,0.0013033084,0.1987887521,falla_engranaje,0.8000000000
4.7850000000,0.0012425700,0.2088264943,falla_engranaje,0.8000000000
4.7855000000,0.0012079598,0.1750108096,falla_engranaje,0.8000000000
4.7860000000,0.0012991662,0.1936251523,falla_engranaje,0.8000000000
4.7865000000,0.0013444266,0.1853434596,falla_engranaje,0.8000000000
4.7870000000,0.0011465612,0.1891986341,falla_engranaje,0.8000000000
4.7875000000,0.0012444561,0.2035367333,falla_engranaje,0.8000000000
4.7880000000,0.0012459754,0.1925915147,falla_engranaje,0.8000000000
4.7885000000,0.0011788732,0.1910399532,falla_engranaje,0.8000000000
4.7890000000,0.0012744318,0.1750888089,falla_engranaje,0.8000000000
4.7895000000,0.0012097173,0.1769845080,falla_engranaje,0.8000000000
4.7900000000,0.0011486508,0.1890297853,falla_engranaje,0.8000000000
4.7905000000,0.0011778303,0.1688186701,falla_engranaje,0.8000000000
4.7910000000,0.0011087705,0.1763338495,falla_engranaje,0.8000000000
4.7915000000,0.0011278253,0.1656913558,falla_engranaje,0.8000000000
4.7920000000,0.0011215249,0.1692936212,falla_engranaje,0.8000000000
4.7925000000,0.0010938434,0.1753289458,falla_engranaje,0.8000000000
4.7930000000,0.0010773673,0.1624153484,falla_engranaje,0.8000000000
4.7935000000,0.0010962834,0.1624728537,falla_engranaje,0.8000000000
4.7940000000,0.0011295050,0.1702035689,falla_engranaje,0.8000000000
4.7945000000,0.0010182255,0.1598329446,falla_engranaje,0.8000000000
4.7950000000,0.0009131021,0.1504238665,falla_engranaje,0.8000000000
4.7955000000,0.0010183941,0.1616132877,falla_engranaje,0.8000000000
4.7960000000,0.0009956223,0.1596635942,falla_engranaje,0.8000000000
4.7965000000,0.0009797797,0.1539708154,falla_engranaje,0.8000000000
4.7970000000,0.0009638952,0.1552774402,falla_engranaje,0.8000000000
4.7975000000,0.0009664377,0.1405153575,falla_engranaje,0.8000000000
4.7980000000,0.0008675953,0.1433195067,falla_engranaje,0.8000000000
4.7985000000,0.0009853996,0.1286753914,falla_engranaje,0.8000000000
4.7990000000,0.0009158965,0.1394094148,falla_engranaje,0.8000000000
4.7995000000,0.0008675992,0.1535762271,falla_engranaje,0.8000000000
4.8000000000,0.0008662116,0.1384477386,falla_engranaje,0.8000000000
4.8005000000,0.0009496551,0.1462333682,falla_engranaje,0.8000000000
4.8010000000,0.0009617500,0.1288652126,falla_engranaje,0.8000000000
4.8015000000,0.0007878411,0.1320979557,falla_engranaje,0.8000000000
4.8020000000,0.0010209825,0.1545538153,falla_engranaje,0.8000000000
4.8025000000,0.0007742469,0.1384872871,falla_engranaje,0.8000000000
4.8030000000,0.0008597779,0.1253286003,falla_engranaje,0.8000000000
4.8035000000,0.0008210530,0.1359543892,falla_engranaje,0.8000000000
4.8040000000,0.0007729356,0.1188139488,falla_engranaje,0.8000000000
4.8045000000,0.0009638902,0.1362607665,falla_engranaje,0.8000000000
4.8050000000,0.0008537428,0.1327077187,falla_engranaje,0.8000000000
4.8055000000,0.0008443137,0.1418399843,falla_engranaje,0.8000000000
4.8060000000,0.0007553189,0.1200885006,falla_engranaje,0.8000000000
4.8065000000,0.0007441608,0.1236046507,falla_engranaje,0.8000000000
4.8070000000,0.0007023261,0.1294097415,falla_engranaje,0.8000000000
4.8075000000,0.0007291082,0.1251722568,falla_engranaje,0.8000000000
4.8080000000,0.0007005222,0.1216061585,falla_engranaje,0.8000000000
4.8085000000,0.0007050645,0.1093000936,falla_engranaje,0.8000000000
4.8090000000,0.0006848376,0.1121807199,falla_engranaje,0.8000000000
4.8095000000,0.0007225237,0.1276577403,falla_engranaje,0.8000000000
4.8100000000,0.0006571767,0.1004082866,falla_engranaje,0.8000000000
4.8105000000,0.0007676955,0.1191643567,falla_engranaje,0.8000000000
4.8110000000,0.0005986486,0.1244699481,falla_engranaje,0.8000000000
4.8115000000,0.0005718135,0.1014754526,falla_engranaje,0.8000000000
4.8120000000,0.0006342907,0.1218995628,falla_engranaje,0.8000000000
4.8125000000,0.0005584730,0.1105207547,falla_engranaje,0.8000000000
4.8130000000,0.0005458652,0.1109585518,falla_engranaje,0.8000000000
4.8135000000,0.0006777175,0.1168213899,falla_engranaje,0.8000000000
4.8140000000,0.0006365534,0.0975741434,falla_engranaje,0.8000000000
4.8145000000,0.0005275718,0.0837160218,falla_engranaje,0.8000000000
4.8150000000,0.0005900664,0.0856863419,falla_engranaje,0.8000000000
4.8155000000,0.0005725732,0.0955947139,falla_engranaje,0.8000000000
4.8160000000,0.0005143185,0.0822279187,falla_engranaje,0.8000000000
4.8165000000,0.0003439623,0.0885765590,falla_engranaje,0.8000000000
4.8170000000,0.0004610821,0.0942784545,falla_engranaje,0.8000000000
4.8175000000,0.0004598276,0.0921487970,falla_engranaje,0.8000000000
4.8180000000,0.0004201013,0.0803889017,falla_engranaje,0.8000000000
4.8185000000,0.0005792931,0.0772812621,falla_engranaje,0.8000000000
4.8190000000,0.0004854677,0.0917603894,falla_engranaje,0.8000000000
4.8195000000,0.0003265081,0.0882883405,falla_engranaje,0.8000000000
4.8200000000,0.0003522033,0.0688428485,falla_engranaje,0.8000000000
4.8205000000,0.0004843164,0.0873641267,falla_engranaje,0.8000000000
4.8210000000,0.0003458998,0.0762841994,falla_engranaje,0.8000000000
4.8215000000,0.0005240123,0.0731872547,falla_engranaje,0.8000000000
4.8220000000,0.0003598976,0.0778123628,falla_engranaje,0.8000000000
4.8225000000,0.0004453758,0.0692817946,falla_engranaje,0.8000000000
4.8230000000,0.0003950347,0.0705076680,falla_engranaje,0.8000000000
4.8235000000,0.0003251158,0.0531238078,falla_engranaje,0.8000000000
4.8240000000,0.0002433503,0.0611716657,falla_engranaje,0.8000000000
4.8245000000,0.0003140355,0.0740993568,falla_engranaje,0.8000000000
4.8250000000,0.0002611654,0.0689258131,falla_engranaje,0.8000000000
4.8255000000,0.0001614179,0.0601804754,falla_engranaje,0.8000000000
4.8260000000,0.0002688002,0.0692394151,falla_engranaje,0.8000000000
4.8265000000,0.0002839030,0.0460688854,falla_engranaje,0.8000000000
4.8270000000,0.0002467496,0.0520363613,falla_engranaje,0.8000000000
4.8275000000,0.0002348669,0.0509689783,falla_engranaje,0.8000000000
4.8280000000,0.0001748013,0.0398428717,falla_engranaje,0.8000000000
4.8285000000,0.0001631277,0.0348513546,falla_engranaje,0.8000000000
4.8290000000,0.0002025781,0.0485249207,falla_engranaje,0.8000000000
4.8295000000,0.0001317835,0.0594487017,falla_engranaje,0.8000000000
4.8300000000,0.0001258887,0.0395838779,falla_engranaje,0.8000000000
4.8305000000,0.0000108767,0.0342263472,falla_engranaje,0.8000000000
4.8310000000,0.0000323298,0.0315676091,falla_engranaje,0.8000000000
4.8315000000,0.0002406408,0.0304316325,falla_engranaje,0.8000000000
4.8320000000,0.0001842595,0.0377237384,falla_engranaje,0.8000000000
4.8325000000,0.0000175187,0.0423656870,falla_engranaje,0.8000000000
4.8330000000,0.0000185386,0.0338742740,falla_engranaje,0.8000000000
4.8335000000,0.0001144795,0.0266628365,falla_engranaje,0.8000000000
4.8340000000,0.0000686171,0.0233996978,falla_engranaje,0.8000000000
4.8345000000,-0.0000223486,0.0358068662,falla_engranaje,0.8000000000
4.8350000000,0.0001174813,0.0302325487,falla_engranaje,0.8000000000
4.8355000000,0.0000614195,0.0182018229,falla_engranaje,0.8000000000
4.8360000000,-0.0000179906,0.0158495904,falla_engranaje,0.8000000000
4.8365000000,0.0000459609,0.0265027914,falla_engranaje,0.8000000000
4.8370000000,0.0000241086,0.0231279035,falla_engranaje,0.8000000000
4.8375000000,0.0000130417,0.0342138862,falla_engranaje,0.8000000000
4.8380000000,-0.0000847309,0.0285526401,falla_engranaje,0.8000000000
4.8385000000,-0.0000827098,0.0097546254,falla_engranaje,0.8000000000
4.8390000000,-0.0000198179,0.0159788262,falla_engranaje,0.8000000000
4.8395000000,-0.0000867093,0.0007703572,falla_engranaje,0.8000000000
4.8400000000,-0.0001383689,0.0062613123,falla_engranaje,0.8000000000
4.8405000000,-0.0002053697,0.0279542766,falla_engranaje,0.8000000000
4.8410000000,-0.0000505359,-0.0023568792,falla_engranaje,0.8000000000
4.8415000000,-0.0001253398,0.0026450473,falla_engranaje,0.8000000000
4.8420000000,-0.0002484043,-0.0031308207,falla_engranaje,0.8000000000
4.8425000000,-0.0001973931,-0.0000618808,falla_engranaje,0.8000000000
4.8430000000,-0.0001676663,-0.0023563050,falla_engranaje,0.8000000000
4.8435000000,-0.0002577324,0.0051297112,falla_engranaje,0.8000000000
4.8440000000,-0.0002321551,0.0037596758,falla_engranaje,0.8000000000
4.8445000000,-0.0001600623,-0.0231019767,falla_engranaje,0.8000000000
4.8450000000,-0.0003570344,0.0056007751,falla_engranaje,0.8000000000
4.8455000000,-0.0003231083,-0.0031860351,falla_engranaje,0.8000000000
4.8460000000,-0.0001266886,-0.0117454309,falla_engranaje,0.8000000000
4.8465000000,-0.0002998472,-0.0111297116,falla_engranaje,0.8000000000
4.8470000000,-0.0002870819,-0.0078552533,falla_engranaje,0.8000000000
4.8475000000,-0.0002363610,-0.0038169618,falla_engranaje,0.8000000000
4.8480000000,-0.0001991648,-0.0169986809,falla_engranaje,0.8000000000
4.8485000000,-0.0002142012,-0.0011181928,falla_engranaje,0.8000000000
4.8490000000,-0.0003375252,-0.0175558764,falla_engranaje,0.8000000000
4.8495000000,-0.0003252222,-0.0147524650,falla_engranaje,0.8000000000
4.8500000000,-0.0002831308,-0.0135463408,falla_engranaje,0.8000000000
4.8505000000,-0.0002981057,-0.0240942885,falla_engranaje,0.8000000000
4.8510000000,-0.0003063342,-0.0193180019,falla_engranaje,0.8000000000
4.8515000000,-0.0003442742,-0.0204081838,falla_engranaje,0.8000000000
4.8520000000,-0.0004222788,-0.0197070577,falla_engranaje,0.8000000000
4.8525000000,-0.0005824020,-0.0379809277,falla_engranaje,0.8000000000
4.8530000000,-0.0003852226,-0.0326865073,falla_engranaje,0.8000000000
4.8535000000,-0.0004220626,-0.0426871640,falla_engranaje,0.8000000000
4.8540000000,-0.0004538365,-0.0355058721,falla_engranaje,0.8000000000
4.8545000000,-0.0004352898,-0.0351555837,falla_engranaje,0.8000000000
4.8550000000,-0.0004508917,-0.0289236828,falla_engranaje,0.8000000000
4.8555000000,-0.0005315163,-0.0491729306,falla_engranaje,0.8000000000
4.8560000000,-0.0003828478,-0.0508929459,falla_engranaje,0.8000000000
4.8565000000,-0.0005770136,-0.0291331291,falla_engranaje,0.8000000000
4.8570000000,-0.0004779363,-0.0451234849,falla_engranaje,0.8000000000
4.8575000000,-0.0005682993,-0.0356619693,falla_engranaje,0.8000000000
4.8580000000,-0.0006019265,-0.0355623843,falla_engranaje,0.8000000000
4.8585000000,-0.0005782419,-0.0348942803,falla_engranaje,0.8000000000
4.8590000000,-0.0004197635,-0.0542928719,falla_engranaje,0.8000000000
4.8595000000,-0.0004851139,-0.0430297700,falla_engranaje,0.8000000000
4.8600000000,-0.0007114125,-0.0332523270,falla_engranaje,0.8000000000
4.8605000000,-0.0005870100,-0.0533546190,falla_engranaje,0.8000000000
4.8610000000,-0.0007087226,-0.0547181679,falla_engranaje,0.8000000000
4.8615000000,-0.0006393502,-0.0542855696,falla_engranaje,0.8000000000
4.8620000000,-0.0007461154,-0.0568099286,falla_engranaje,0.8000000000
4.8625000000,-0.0007819912,-0.0664236571,falla_engranaje,0.8000000000
4.8630000000,-0.0006829569,-0.0514973861,falla_engranaje,0.8000000000
4.8635000000,-0.0006693278,-0.0617369635,falla_engranaje,0.8000000000
4.8640000000,-0.0006839204,-0.0654540273,falla_engranaje,0.8000000000
4.8645000000,-0.0007285646,-0.0604284719,falla_engranaje,0.8000000000
4.8650000000,-0.0006315111,-0.0524027938,falla_engranaje,0.8000000000
4.8655000000,-0.0007543404,-0.0784166215,falla_engranaje,0.8000000000
4.8660000000,-0.0007708191,-0.0724153510,falla_engranaje,0.8000000000
4.8665000000,-0.0007438431,-0.0642433153,falla_engranaje,0.8000000000
4.8670000000,-0.0007287351,-0.0885859645,falla_engranaje,0.8000000000
4.8675000000,-0.0007392913,-0.0858422344,falla_engranaje,0.8000000000
4.8680000000,-0.0007266010,-0.0624720100,falla_engranaje,0.8000000000
4.8685000000,-0.0006665416,-0.0701130625,falla_engranaje,0.8000000000
4.8690000000,-0.0007488747,-0.0802592330,falla_engranaje,0.8000000000
4.8695000000,-0.0007325874,-0.0859149147,falla_engranaje,0.8000000000
4.8700000000,-0.0008410673,-0.0846806981,falla_engranaje,0.8000000000
4.8705000000,-0.0007171657,-0.0804015177,falla_engranaje,0.8000000000
4.8710000000,-0.0008655929,-0.0734365928,falla_engranaje,0.8000000000
4.8715000000,-0.0008224958,-0.0912800091,falla_engranaje,0.8000000000
4.8720000000,-0.0008586274,-0.0835682152,falla_engranaje,0.8000000000
4.8725000000,-0.0007727763,-0.0693840203,falla_engranaje,0.8000000000
4.8730000000,-0.0008900719,-0.0969162121,falla_engranaje,0.8000000000
4.8735000000,-0.0009429226,-0.0777497599,falla_engranaje,0.8000000000
4.8740000000,-0.0009903265,-0.1029239723,falla_engranaje,0.8000000000
4.8745000000,-0.0008735057,-0.1072303164,falla_engranaje,0.8000000000
4.8750000000,-0.0009679617,-0.0876927473,falla_engranaje,0.8000000000
4.8755000000,-0.0008899684,-0.0942970871,falla_engranaje,0.8000000000
4.8760000000,-0.0007928772,-0.1064883271,falla_engranaje,0.8000000000
4.8765000000,-0.0009359305,-0.1139071627,falla_engranaje,0.8000000000
4.8770000000,-0.0010051452,-0.0919496712,falla_engranaje,0.8000000000
4.8775000000,-0.0009460424,-0.1253653871,falla_engranaje,0.8000000000
4.8780000000,-0.0009895815,-0.0931348748,falla_engranaje,0.8000000000
4.8785000000,-0.0008819160,-0.1096914619,falla_engranaje,0.8000000000
4.8790000000,-0.0009407729,-0.0996091131,falla_engranaje,0.8000000000
4.8795000000,-0.0010443445,-0.1077424707,falla_engranaje,0.8000000000
4.8800000000,-0.0009845367,-0.1294818126,falla_engranaje,0.8000000000
4.8805000000,-0.0010680259,-0.1234945860,falla_engranaje,0.8000000000
4.8810000000,-0.0009841931,-0.1003909391,falla_engranaje,0.8000000000
4.8815000000,-0.0010466840,-0.1278555815,falla_engranaje,0.8000000000
4.8820000000,-0.0011021107,-0.1039312132,falla_engranaje,0.8000000000
4.8825000000,-0.0010732539,-0.1231264755,falla_engranaje,0.8000000000
4.8830000000,-0.0011165838,-0.1141939728,falla_engranaje,0.8000000000
4.8835000000,-0.0011655495,-0.1208850601,falla_engranaje,0.8000000000
4.8840000000,-0.0010628553,-0.1212909089,falla_engranaje,0.8000000000
4.8845000000,-0.0009659169,-0.1172030102,falla_engranaje,0.8000000000
4.8850000000,-0.0011596003,-0.1301117559,falla_engranaje,0.8000000000
4.8855000000,-0.0010528978,-0.1317058308,falla_engranaje,0.8000000000
4.8860000000,-0.0010313090,-0.1429378690,falla_engranaje,0.8000000000
4.8865000000,-0.0009985584,-0.1454230002,falla_engranaje,0.8000000000
4.8870000000,-0.0010885137,-0.1415332683,falla_engranaje,0.8000000000
4.8875000000,-0.0011029645,-0.1164094688,falla_engranaje,0.8000000000
4.8880000000,-0.0011510027,-0.1392240539,falla_engranaje,0.8000000000
4.8885000000,-0.0011232502,-0.1373928226,falla_engranaje,0.8000000000
4.8890000000,-0.0011269069,-0.1454823359,falla_engranaje,0.8000000000
4.8895000000,-0.0009474228,-0.1277616089,falla_engranaje,0.8000000000
4.8900000000,-0.0012491656,-0.1372940747,falla_engranaje,0.8000000000
4.8905000000,-0.0011362425,-0.1550050997,falla_engranaje,0.8000000000
4.8910000000,-0.0011691105,-0.1218481832,falla_engranaje,0.8000000000
4.8915000000,-0.0012572964,-0.1222719658,falla_engranaje,0.8000000000
4.8920000000,-0.0011754515,-0.1348641053,falla_engranaje,0.8000000000
4.8925000000,-0.0011647089,-0.1369754174,falla_engranaje,0.8000000000
4.8930000000,-0.0012357369,-0.1400538089,falla_engranaje,0.8000000000
4.8935000000,-0.0013207936,-0.1573013117,falla_engranaje,0.8000000000
4.8940000000,-0.0012009470,-0.1323778333,falla_engranaje,0.8000000000
4.8945000000,-0.0012159685,-0.1543047482,falla_engranaje,0.8000000000
4.8950000000,-0.0011584597,-0.1411790572,falla_engranaje,0.8000000000
4.8955000000,-0.0013523966,-0.1535240260,falla_engranaje,0.8000000000
4.8960000000,-0.0013568334,-0.1545341389,falla_engranaje,0.8000000000
4.8965000000,-0.0012641256,-0.1662111015,falla_engranaje,0.8000000000
4.8970000000,-0.0012856436,-0.1640265844,falla_engranaje,0.8000000000
4.8975000000,-0.0012831273,-0.1545190221,falla_engranaje,0.8000000000
4.8980000000,-0.0013957610,-0.1702945068,falla_engranaje,0.8000000000
4.8985000000,-0.0013880678,-0.1590932087,falla_engranaje,0.8000000000
4.8990000000,-0.0011991659,-0.1711990434,falla_engranaje,0.8000000000
4.8995000000,-0.0013694846,-0.1590935415,falla_engranaje,0.8000000000
4.9000000000,-0.0013623233,-0.1706384503,falla_engranaje,0.8000000000
4.9005000000,-0.0013928447,-0.1579914249,falla_engranaje,0.8000000000
4.9010000000,-0.0012920735,-0.1638736697,falla_engranaje,0.8000000000
4.9015000000,-0.0013931792,-0.1774320158,falla_engranaje,0.8000000000
4.9020000000,-0.0014055999,-0.1495345831,falla_engranaje,0.8000000000
4.9025000000,-0.0014272671,-0.1760923731,falla_engranaje,0.8000000000
4.9030000000,-0.0013579368,-0.1700024290,falla_engranaje,0.8000000000
4.9035000000,-0.0014365294,-0.1818192579,falla_engranaje,0.8000000000
4.9040000000,-0.0015202925,-0.1843434004,falla_engranaje,0.8000000000
4.9045000000,-0.0013398427,-0.1764703653,falla_engranaje,0.8000000000
4.9050000000,-0.0013363796,-0.1733017925,falla_engranaje,0.8000000000
4.9055000000,-0.0014035744,-0.1811667277,falla_engranaje,0.8000000000
4.9060000000,-0.0014455985,-0.1762641898,falla_engranaje,0.8000000000
4.9065000000,-0.0015091693,-0.1847473540,falla_engranaje,0.8000000000
4.9070000000,-0.0014292194,-0.1787412600,falla_engranaje,0.8000000000
4.9075000000,-0.0014907634,-0.1730954570,falla_engranaje,0.8000000000
4.9080000000,-0.0015880778,-0.1913505894,falla_engranaje,0.8000000000
4.9085000000,-0.0014834947,-0.1809836821,falla_engranaje,0.8000000000
4.9090000000,-0.0014511054,-0.1826675564,falla_engranaje,0.8000000000
4.9095000000,-0.0015889035,-0.2039084879,falla_engranaje,0.8000000000
4.9100000000,-0.0015493149,-0.1860540411,falla_engranaje,0.8000000000
4.9105000000,-0.0015537030,-0.1807101868,falla_engranaje,0.8000000000
4.9110000000,-0.0014910039,-0.1939276161,falla_engranaje,0.8000000000
4.9115000000,-0.0015983760,-0.2035934146,falla_engranaje,0.8000000000
4.9120000000,-0.0013610167,-0.1867870509,falla_engranaje,0.8000000000
4.9125000000,-0.0015207954,-0.1960798035,falla_engranaje,0.8000000000
4.9130000000,-0.0016172342,-0.2024281940,falla_engranaje,0.8000000000
4.9135000000,-0.0015085218,-0.1797287401,falla_engranaje,0.8000000000
4.9140000000,-0.0015671461,-0.1862037892,falla_engranaje,0.8000000000
4.9145000000,-0.0015236866,-0.1914818673,falla_engranaje,0.8000000000
4.9150000000,-0.0017175554,-0.1803636792,falla_engranaje,0.8000000000
4.9155000000,-0.0015360071,-0.2079147054,falla_engranaje,0.8000000000
4.9160000000,-0.0016014836,-0.2044206713,falla_engranaje,0.8000000000
4.9165000000,-0.0015422586,-0.2062055799,falla_engranaje,0.8000000000
4.9170000000,-0.0016809517,-0.2080910846,falla_engranaje,0.8000000000
4.9175000000,-0.0015823524,-0.1894275422,falla_engranaje,0.8000000000
4.9180000000,-0.0016003922,-0.2002621966,falla_engranaje,0.8000000000
4.9185000000,-0.0017183297,-0.2172675619,falla_engranaje,0.8000000000
4.9190000000,-0.0015952460,-0.2006264056,falla_engranaje,0.8000000000
4.9195000000,-0.0016340540,-0.2244475932,falla_engranaje,0.8000000000
4.9200000000,-0.0015728739,-0.2085310666,falla_engranaje,0.8000000000
4.9205000000,-0.0016483231,-0.2149022938,falla_engranaje,0.8000000000
4.9210000000,-0.0016224942,-0.2324047111,falla_engranaje,0.8000000000
4.9215000000,-0.0016360973,-0.1933621633,falla_engranaje,0.8000000000
4.9220000000,-0.0016583051,-0.2097791527,falla_engranaje,0.8000000000
4.9225000000,-0.0016521195,-0.2436399176,falla_engranaje,0.8000000000
4.9230000000,-0.0015922996,-0.2255695260,falla_engranaje,0.8000000000
4.9235000000,-0.0016501909,-0.2219618968,falla_engranaje,0.8000000000
4.9240000000,-0.0016126381,-0.2060879563,falla_engranaje,0.8000000000
4.9245000000,-0.0017705966,-0.2171535814,falla_engranaje,0.8000000000
4.9250000000,-0.0016389643,-0.2325801452,falla_engranaje,0.8000000000
4.9255000000,-0.0017154003,-0.2256131607,falla_engranaje,0.8000000000
4.9260000000,-0.0017004231,-0.2316400476,falla_engranaje,0.8000000000
4.9265000000,-0.0018308154,-0.2075141308,falla_engranaje,0.8000000000
4.9270000000,-0.0017448589,-0.2445026481,falla_engranaje,0.8000000000
4.9275000000,-0.0016943776,-0.2376083754,falla_engranaje,0.8000000000
4.9280000000,-0.0017582252,-0.2245353831,falla_engranaje,0.8000000000
4.9285000000,-0.0017194615,-0.2278969494,falla_engranaje,0.8000000000
4.9290000000,-0.0017507223,-0.2173003190,falla_engranaje,0.8000000000
4.9295000000,-0.0016172832,-0.2380565711,falla_engranaje,0.8000000000
4.9300000000,-0.0017335279,-0.2561104647,falla_engranaje,0.8000000000
4.9305000000,-0.0017408095,-0.2276949385,falla_engranaje,0.8000000000
4.9310000000,-0.0017734986,-0.2523757204,falla_engranaje,0.8000000000
4.9315000000,-0.0017413551,-0.2364376320,falla_engranaje,0.8000000000
4.9320000000,-0.0018147097,-0.2400381618,falla_engranaje,0.8000000000
4.9325000000,-0.0017479491,-0.2479005188,falla_engranaje,0.8000000000
4.9330000000,-0.0017998678,-0.2531427793,falla_engranaje,0.8000000000
4.9335000000,-0.0017639987,-0.2554445440,falla_engranaje,0.8000000000
4.9340000000,-0.0017662512,-0.2447265959,falla_engranaje,0.8000000000
4.9345000000,-0.0018365534,-0.2432218605,falla_engranaje,0.8000000000
4.9350000000,-0.0017824049,-0.2484055197,falla_engranaje,0.8000000000
4.9355000000,-0.0017266294,-0.2358118618,falla_engranaje,0.8000000000
4.9360000000,-0.0018416137,-0.2314200178,falla_engranaje,0.8000000000
4.9365000000,-0.0017168876,-0.2275810591,falla_engranaje,0.8000000000
4.9370000000,-0.0018460584,-0.2387710135,falla_engranaje,0.8000000000
4.9375000000,-0.0017689273,-0.2419835258,falla_engranaje,0.8000000000
4.9380000000,-0.0018032176,-0.2606562085,falla_engranaje,0.8000000000
4.9385000000,-0.0018633665,-0.2559201228,falla_engranaje,0.8000000000
4.9390000000,-0.0017802082,-0.2561507504,falla_engranaje,0.8000000000
4.9395000000,-0.0018763324,-0.2629993815,falla_engranaje,0.8000000000
4.9400000000,-0.0019205850,-0.2530078964,falla_engranaje,0.8000000000
4.9405000000,-0.0019358225,-0.2634931575,falla_engranaje,0.8000000000
4.9410000000,-0.0018879005,-0.2577040519,falla_engranaje,0.8000000000
4.9415000000,-0.0018630300,-0.2516978745,falla_engranaje,0.8000000000
4.9420000000,-0.0018215355,-0.2615130593,falla_engranaje,0.8000000000
4.9425000000,-0.0018404779,-0.2581795725,falla_engranaje,0.8000000000
4.9430000000,-0.0017675693,-0.2318154311,falla_engranaje,0.8000000000
4.9435000000,-0.0018591998,-0.2698910445,falla_engranaje,0.8000000000
4.9440000000,-0.0019065764,-0.2588912655,falla_engranaje,0.8000000000
4.9445000000,-0.0018716878,-0.2694177321,falla_engranaje,0.8000000000
4.9450000000,-0.0018592387,-0.2641682331,falla_engranaje,0.8000000000
4.9455000000,-0.0018786502,-0.2645346377,falla_engranaje,0.8000000000
4.9460000000,-0.0017848629,-0.2683292921,falla_engranaje,0.8000000000
4.9465000000,-0.0019688706,-0.2730170876,falla_engranaje,0.8000000000
4.9470000000,-0.0018030448,-0.2677224114,falla_engranaje,0.8000000000
4.9475000000,-0.0018559118,-0.2549188261,falla_engranaje,0.8000000000
4.9480000000,-0.0018971213,-0.2508344379,falla_engranaje,0.8000000000
4.9485000000,-0.0017660309,-0.2505266076,falla_engranaje,0.8000000000
4.9490000000,-0.0018755487,-0.2743977477,falla_engranaje,0.8000000000
4.9495000000,-0.0019854000,-0.2682742715,falla_engranaje,0.8000000000
4.9500000000,-0.0019176351,-0.2677830943,falla_engranaje,0.8000000000
4.9505000000,-0.0017333716,-0.2674040635,falla_engranaje,0.8000000000
4.9510000000,-0.0017370927,-0.2658003430,falla_engranaje,0.8000000000
4.9515000000,-0.0017966852,-0.2787675016,falla_engranaje,0.8000000000
4.9520000000,-0.0018641704,-0.2761927531,falla_engranaje,0.8000000000
4.9525000000,-0.0018293219,-0.2580784895,falla_engranaje,0.8000000000
4.9530000000,-0.0019210138,-0.2619612069,falla_engranaje,0.8000000000
4.9535000000,-0.0018342157,-0.2749189390,falla_engranaje,0.8000000000
4.9540000000,-0.0018643739,-0.2608595952,falla_engranaje,0.8000000000
4.9545000000,-0.0019879822,-0.2711413671,falla_engranaje,0.8000000000
4.9550000000,-0.0020098182,-0.2826770068,falla_engranaje,0.8000000000
4.9555000000,-0.0018967713,-0.2803771094,falla_engranaje,0.8000000000
4.9560000000,-0.0018987889,-0.3106108929,falla_engranaje,0.8000000000
4.9565000000,-0.0018678833,-0.2687948187,falla_engranaje,0.8000000000
4.9570000000,-0.0019696156,-0.2810038091,falla_engranaje,0.8000000000
4.9575000000,-0.0019410801,-0.2931394094,falla_engranaje,0.8000000000
4.9580000000,-0.0019462420,-0.2878032268,falla_engranaje,0.8000000000
4.9585000000,-0.0018511130,-0.2850099406,falla_engranaje,0.8000000000
4.9590000000,-0.0018510186,-0.2623920067,falla_engranaje,0.8000000000
4.9595000000,-0.0018602723,-0.2877431643,falla_engranaje,0.8000000000
4.9600000000,-0.0016877255,-0.2824975275,falla_engranaje,0.8000000000
4.9605000000,-0.0019430346,-0.2778271803,falla_engranaje,0.8000000000
4.9610000000,-0.0018905176,-0.2803810765,falla_engranaje,0.8000000000
4.9615000000,-0.0019682273,-0.2858526513,falla_engranaje,0.8000000000
4.9620000000,-0.0020772271,-0.2839687717,falla_engranaje,0.8000000000
4.9625000000,-0.0017995014,-0.2657700981,falla_engranaje,0.8000000000
4.9630000000,-0.0020719899,-0.2924000691,falla_engranaje,0.8000000000
4.9635000000,-0.0018645075,-0.2950404918,falla_engranaje,0.8000000000
4.9640000000,-0.0018739432,-0.2933031248,falla_engranaje,0.8000000000
4.9645000000,-0.0019125845,-0.3057082421,falla_engranaje,0.8000000000
4.9650000000,-0.0019963344,-0.2815974893,falla_engranaje,0.8000000000
4.9655000000,-0.0019816364,-0.2927920711,falla_engranaje,0.8000000000
4.9660000000,-0.0020107597,-0.2806440041,falla_engranaje,0.8000000000
4.9665000000,-0.0018891542,-0.3061181671,falla_engranaje,0.8000000000
4.9670000000,-0.0018549610,-0.2920401778,falla_engranaje,0.8000000000
4.9675000000,-0.0019251773,-0.2824964300,falla_engranaje,0.8000000000
4.9680000000,-0.0019569791,-0.2933722395,falla_engranaje,0.8000000000
4.9685000000,-0.0020114335,-0.2976245573,falla_engranaje,0.8000000000
4.9690000000,-0.0020189862,-0.2992137630,falla_engranaje,0.8000000000
4.9695000000,-0.0019147742,-0.3099070772,falla_engranaje,0.8000000000
4.9700000000,-0.0019714769,-0.2959737493,falla_engranaje,0.8000000000
4.9705000000,-0.0019768511,-0.2962978907,falla_engranaje,0.8000000000
4.9710000000,-0.0018593768,-0.2977074102,falla_engranaje,0.8000000000
4.9715000000,-0.0017353495,-0.2908658025,falla_engranaje,0.8000000000
4.9720000000,-0.0019287468,-0.3016211905,falla_engranaje,0.8000000000
4.9725000000,-0.0019180071,-0.2854734666,falla_engranaje,0.8000000000
4.9730000000,-0.0019994888,-0.3134798080,falla_engranaje,0.8000000000
4.9735000000,-0.0020017733,-0.3038606123,falla_engranaje,0.8000000000
4.9740000000,-0.0019090272,-0.3204333411,falla_engranaje,0.8000000000
4.9745000000,-0.0019372876,-0.3103314130,falla_engranaje,0.8000000000
4.9750000000,-0.0019704773,-0.3029619398,falla_engranaje,0.8000000000
4.9755000000,-0.0019236447,-0.3195782721,falla_engranaje,0.8000000000
4.9760000000,-0.0019485425,-0.3255274237,falla_engranaje,0.8000000000
4.9765000000,-0.0018620563,-0.2937997929,falla_engranaje,0.8000000000
4.9770000000,-0.0019100378,-0.2988245816,falla_engranaje,0.8000000000
4.9775000000,-0.0020590250,-0.3079383721,falla_engranaje,0.8000000000
4.9780000000,-0.0019316001,-0.2927848680,falla_engranaje,0.8000000000
4.9785000000,-0.0020405140,-0.3024687782,falla_engranaje,0.8000000000
4.9790000000,-0.0019500120,-0.3189665012,falla_engranaje,0.8000000000
4.9795000000,-0.0019703328,-0.3294195808,falla_engranaje,0.8000000000
4.9800000000,-0.0020800745,-0.3267019783,falla_engranaje,0.8000000000
4.9805000000,-0.0020137612,-0.3195933714,falla_engranaje,0.8000000000
4.9810000000,-0.0019693175,-0.3242306200,falla_engranaje,0.8000000000
4.9815000000,-0.0019743332,-0.2948006562,falla_engranaje,0.8000000000
4.9820000000,-0.0019268906,-0.3024568180,falla_engranaje,0.8000000000
4.9825000000,-0.0019549510,-0.3337917973,falla_engranaje,0.8000000000
4.9830000000,-0.0019961923,-0.3407999442,falla_engranaje,0.8000000000
4.9835000000,-0.0019704623,-0.3139344928,falla_engranaje,0.8000000000
4.9840000000,-0.0019948829,-0.3255872120,falla_engranaje,0.8000000000
4.9845000000,-0.0019380794,-0.3139523682,falla_engranaje,0.8000000000
4.9850000000,-0.0020080541,-0.3303186833,falla_engranaje,0.8000000000
4.9855000000,-0.0020246283,-0.3234734601,falla_engranaje,0.8000000000
4.9860000000,-0.0019758622,-0.3162450069,falla_engranaje,0.8000000000
4.9865000000,-0.0020111101,-0.3221180062,falla_engranaje,0.8000000000
4.9870000000,-0.0020307537,-0.3126673201,falla_engranaje,0.8000000000
4.9875000000,-0.0019356010,-0.3224569006,falla_engranaje,0.8000000000
4.9880000000,-0.0019064816,-0.3338785041,falla_engranaje,0.8000000000
4.9885000000,-0.0019874720,-0.3187552154,falla_engranaje,0.8000000000
4.9890000000,-0.0020790749,-0.3324406064,falla_engranaje,0.8000000000
4.9895000000,-0.0020287101,-0.3166760075,falla_engranaje,0.8000000000
4.9900000000,-0.0017965430,-0.3197777662,falla_engranaje,0.8000000000
4.9905000000,-0.0020735730,-0.3299623509,falla_engranaje,0.8000000000
4.9910000000,-0.0018959061,-0.3101396285,falla_engranaje,0.8000000000
4.9915000000,-0.0019895827,-0.3233170596,falla_engranaje,0.8000000000
4.9920000000,-0.0020311228,-0.3331516853,falla_engranaje,0.8000000000
4.9925000000,-0.0021038731,-0.3104455871,falla_engranaje,0.8000000000
4.9930000000,-0.0019923132,-0.3137070081,falla_engranaje,0.8000000000
4.9935000000,-0.0018694646,-0.3350853427,falla_engranaje,0.8000000000
4.9940000000,-0.0019489055,-0.3166240083,falla_engranaje,0.8000000000
4.9945000000,-0.0019903805,-0.3358327399,falla_engranaje,0.8000000000
4.9950000000,-0.0019866104,-0.3239216910,falla_engranaje,0.8000000000
4.9955000000,-0.0019099143,-0.3402990860,falla_engranaje,0.8000000000
4.9960000000,-0.0018700426,-0.3527500588,falla_engranaje,0.8000000000
4.9965000000,-0.0019968018,-0.3337081656,falla_engranaje,0.8000000000
4.9970000000,-0.0018839413,-0.3153426590,falla_engranaje,0.8000000000
4.9975000000,-0.0019254417,-0.3380536066,falla_engranaje,0.8000000000
4.9980000000,-0.0019572869,-0.3327937258,falla_engranaje,0.8000000000
4.9985000000,-0.0020164082,-0.3319744025,falla_engranaje,0.8000000000
4.9990000000,-0.0018599066,-0.3351701790,falla_engranaje,0.8000000000
4.9995000000,-0.0021084961,-0.3356287904,falla_engranaje,0.8000000000
5.0000000000,-0.0018283253,-0.3265624202,falla_engranaje,0.8000000000
5.0005000000,-0.0018566052,-0.3307616099,falla_engranaje,0.8000000000
5.0010000000,-0.0019713237,-0.3389279990,falla_engranaje,0.8000000000
5.0015000000,-0.0019223714,-0.3472109677,falla_engranaje,0.8000000000
5.0020000000,-0.0018637368,-0.3076731377,falla_engranaje,0.8000000000
5.0025000000,-0.0019906206,-0.3492514732,falla_engranaje,0.8000000000
5.0030000000,-0.0019084450,-0.3283650683,falla_engranaje,0.8000000000
5.0035000000,-0.0017741655,-0.3443154490,falla_engranaje,0.8000000000
5.0040000000,-0.0019632615,-0.3456809357,falla_engranaje,0.8000000000
5.0045000000,-0.0019624063,-0.3238045805,falla_engranaje,0.8000000000
5.0050000000,-0.0019178671,-0.3413709308,falla_engranaje,0.8000000000
5.0055000000,-0.0019931137,-0.3389808682,falla_engranaje,0.8000000000
5.0060000000,-0.0018304630,-0.3597953062,falla_engranaje,0.8000000000
5.0065000000,-0.0019921442,-0.3460809914,falla_engranaje,0.8000000000
5.0070000000,-0.0018952293,-0.3385653883,falla_engranaje,0.8000000000
5.0075000000,-0.0019361711,-0.3181891027,falla_engranaje,0.8000000000
5.0080000000,-0.0018446797,-0.3474690401,falla_engranaje,0.8000000000
5.0085000000,-0.0018351100,-0.3316466145,falla_engranaje,0.8000000000
5.0090000000,-0.0019648190,-0.3472096605,falla_engranaje,0.8000000000
5.0095000000,-0.0019050463,-0.3368022323,falla_engranaje,0.8000000000
5.0100000000,-0.0018067755,-0.3445058042,falla_engranaje,0.8000000000
5.0105000000,-0.0018174768,-0.3446205103,falla_engranaje,0.8000000000
5.0110000000,-0.0019190239,-0.3305769393,falla_engranaje,0.8000000000
5.0115000000,-0.0017966940,-0.3410773385,falla_engranaje,0.8000000000
5.0120000000,-0.0018752240,-0.3643956268,falla_engranaje,0.8000000000
5.0125000000,-0.0018997487,-0.3427797136,falla_engranaje,0.8000000000
5.0130000000,-0.0018558698,-0.3457493700,falla_engranaje,0.8000000000
5.0135000000,-0.0018104100,-0.3429812241,falla_engranaje,0.8000000000
5.0140000000,-0.0020073118,-0.3487294918,falla_engranaje,0.8000000000
5.0145000000,-0.0018393780,-0.3204864810,falla_engranaje,0.8000000000
5.0150000000,-0.0018608589,-0.3459476301,falla_engranaje,0.8000000000
5.0155000000,-0.0019289689,-0.3473466813,falla_engranaje,0.8000000000
5.0160000000,-0.0018379452,-0.3508610915,falla_engranaje,0.8000000000
5.0165000000,-0.0018262705,-0.3253377166,falla_engranaje,0.8000000000
5.0170000000,-0.0019160324,-0.3439613653,falla_engranaje,0.8000000000
5.0175000000,-0.0018778915,-0.3479491333,falla_engranaje,0.8000000000
5.0180000000,-0.0019259723,-0.3451916522,falla_engranaje,0.8000000000
5.0185000000,-0.0018155758,-0.3680667449,falla_engranaje,0.8000000000
5.0190000000,-0.0017988936,-0.3483164529,falla_engranaje,0.8000000000
5.0195000000,-0.0017005902,-0.3558919926,falla_engranaje,0.8000000000
5.0200000000,-0.0019292242,-0.3486843071,falla_engranaje,0.8000000000
5.0205000000,-0.0017840662,-0.3435479036,falla_engranaje,0.8000000000
5.0210000000,-0.0019178539,-0.3338503158,falla_engranaje,0.8000000000
5.0215000000,-0.0018348909,-0.3405916930,falla_engranaje,0.8000000000
5.0220000000,-0.0018131454,-0.3520914560,falla_engranaje,0.8000000000
5.0225000000,-0.0017305985,-0.3494136430,falla_engranaje,0.8000000000
5.0230000000,-0.0018537275,-0.3532059011,falla_engranaje,0.8000000000
5.0235000000,-0.0018721548,-0.3423785387,falla_engranaje,0.8000000000
5.0240000000,-0.0017611374,-0.3488449242,falla_engranaje,0.8000000000
5.0245000000,-0.0016919617,-0.3496862686,falla_engranaje,0.8000000000
5.0250000000,-0.0018408053,-0.3590475520,falla_engranaje,0.8000000000
5.0255000000,-0.0017439386,-0.3485226194,falla_engranaje,0.8000000000
5.0260000000,-0.0017820888,-0.3506905340,falla_engranaje,0.8000000000
5.0265000000,-0.0018634186,-0.3596858698,falla_engranaje,0.8000000000
5.0270000000,-0.0018085707,-0.3511336254,falla_engranaje,0.8000000000
5.0275000000,-0.0018289307,-0.3540988491,falla_engranaje,0.8000000000
5.0280000000,-0.0016941751,-0.3520974343,falla_engranaje,0.8000000000
5.0285000000,-0.0017765726,-0.3439393185,falla_engranaje,0.8000000000
5.0290000000,-0.0018535973,-0.3375936311,falla_engranaje,0.8000000000
5.0295000000,-0.0018919296,-0.3510716468,falla_engranaje,0.8000000000
5.0300000000,-0.0018364374,-0.3595306461,falla_engranaje,0.8000000000
5.0305000000,-0.0017418754,-0.3599292937,falla_engranaje,0.8000000000
5.0310000000,-0.0018074354,-0.3307788783,falla_engranaje,0.8000000000
5.0315000000,-0.0016430583,-0.3704979340,falla_engranaje,0.8000000000
5.0320000000,-0.0016733654,-0.3627270764,falla_engranaje,0.8000000000
5.0325000000,-0.0017179911,-0.3657902919,falla_engranaje,0.8000000000
5.0330000000,-0.0018031070,-0.3543337568,falla_engranaje,0.8000000000
5.0335000000,-0.0017878577,-0.3489177032,falla_engranaje,0.8000000000
5.0340000000,-0.0017542808,-0.3480994536,falla_engranaje,0.8000000000
5.0345000000,-0.0017336802,-0.3423200705,falla_engranaje,0.8000000000
5.0350000000,-0.0017171972,-0.3530642101,falla_engranaje,0.8000000000
5.0355000000,-0.0016597694,-0.3682725281,falla_engranaje,0.8000000000
5.0360000000,-0.0017304273,-0.3227259219,falla_engranaje,0.8000000000
5.0365000000,-0.0017449524,-0.3530445751,falla_engranaje,0.8000000000
5.0370000000,-0.0017020608,-0.3465672094,falla_engranaje,0.8000000000
5.0375000000,-0.0016684295,-0.3710937274,falla_engranaje,0.8000000000
5.0380000000,-0.0017312105,-0.3619032658,falla_engranaje,0.8000000000
5.0385000000,-0.0016878105,-0.3731783869,falla_engranaje,0.8000000000
5.0390000000,-0.0017704707,-0.3479351775,falla_engranaje,0.8000000000
5.0395000000,-0.0017506911,-0.3546601458,falla_engranaje,0.8000000000
5.0400000000,-0.0017481773,-0.3648666866,falla_engranaje,0.8000000000
5.0405000000,-0.0017991298,-0.3767067820,falla_engranaje,0.8000000000
5.0410000000,-0.0017445893,-0.3602789458,falla_engranaje,0.8000000000
5.0415000000,-0.0017570454,-0.3594639420,falla_engranaje,0.8000000000
5.0420000000,-0.0016607152,-0.3540128177,falla_engranaje,0.8000000000
5.0425000000,-0.0016657332,-0.3661221846,falla_engranaje,0.8000000000
5.0430000000,-0.0017669027,-0.3584991684,falla_engranaje,0.8000000000
5.0435000000,-0.0016987724,-0.3750514395,falla_engranaje,0.8000000000
5.0440000000,-0.0017116936,-0.3558689943,falla_engranaje,0.8000000000
5.0445000000,-0.0017292190,-0.3590472196,falla_engranaje,0.8000000000
5.0450000000,-0.0016917701,-0.3762319479,falla_engranaje,0.8000000000
5.0455000000,-0.0015500395,-0.3529442262,falla_engranaje,0.8000000000
5.0460000000,-0.0015391070,-0.3667709513,falla_engranaje,0.8000000000
5.0465000000,-0.0015540834,-0.3784936854,falla_engranaje,0.8000000000
5.0470000000,-0.0015663727,-0.3639658105,falla_engranaje,0.8000000000
5.0475000000,-0.0015713779,-0.3550270863,falla_engranaje,0.8000000000
5.0480000000,-0.0015720421,-0.3700236583,falla_engranaje,0.8000000000
5.0485000000,-0.0016563670,-0.3708701015,falla_engranaje,0.8000000000
5.0490000000,-0.0015877541,-0.3677958468,falla_engranaje,0.8000000000
5.0495000000,-0.0016629853,-0.3937885539,falla_engranaje,0.8000000000
5.0500000000,-0.0017032882,-0.3644384485,falla_engranaje,0.8000000000
5.0505000000,-0.0015747144,-0.3805959937,falla_engranaje,0.8000000000
5.0510000000,-0.0015955212,-0.3683561961,falla_engranaje,0.8000000000
5.0515000000,-0.0015524975,-0.3830721614,falla_engranaje,0.8000000000
5.0520000000,-0.0016750484,-0.3789445626,falla_engranaje,0.8000000000
5.0525000000,-0.0015441718,-0.3749314458,falla_engranaje,0.8000000000
5.0530000000,-0.0016775530,-0.3671586600,falla_engranaje,0.8000000000
5.0535000000,-0.0016886554,-0.3515411676,falla_engranaje,0.8000000000
5.0540000000,-0.0016972220,-0.3764080010,falla_engranaje,0.8000000000
5.0545000000,-0.0016749537,-0.3803670979,falla_engranaje,0.8000000000
5.0550000000,-0.0015972031,-0.3674913334,falla_engranaje,0.8000000000
5.0555000000,-0.0016638516,-0.3786089657,falla_engranaje,0.8000000000
5.0560000000,-0.0016130044,-0.3801430500,falla_engranaje,0.8000000000
5.0565000000,-0.0015263772,-0.3747292494,falla_engranaje,0.8000000000
5.0570000000,-0.0016532683,-0.3621114505,falla_engranaje,0.8000000000
5.0575000000,-0.0014882631,-0.3600979342,falla_engranaje,0.8000000000
5.0580000000,-0.0014513820,-0.3520179869,falla_engranaje,0.8000000000
5.0585000000,-0.0015332103,-0.3561019078,falla_engranaje,0.8000000000
5.0590000000,-0.0015029675,-0.3688737291,falla_engranaje,0.8000000000
5.0595000000,-0.0014513297,-0.3581898969,falla_engranaje,0.8000000000
5.0600000000,-0.0015554403,-0.3663469720,falla_engranaje,0.8000000000
5.0605000000,-0.0015231637,-0.3506463881,falla_engranaje,0.8000000000
5.0610000000,-0.0016494345,-0.3719262828,falla_engranaje,0.8000000000
5.0615000000,-0.0015768632,-0.3754591611,falla_engranaje,0.8000000000
5.0620000000,-0.0015313339,-0.3770908114,falla_engranaje,0.8000000000
5.0625000000,-0.0016095931,-0.3782153335,falla_engranaje,0.8000000000
5.0630000000,-0.0015990490,-0.3592595642,falla_engranaje,0.8000000000
5.0635000000,-0.0015699328,-0.3676903612,falla_engranaje,0.8000000000
5.0640000000,-0.0015076337,-0.3743678725,falla_engranaje,0.8000000000
5.0645000000,-0.0015398132,-0.3846011683,falla_engranaje,0.8000000000
5.0650000000,-0.0014800094,-0.3816538528,falla_engranaje,0.8000000000
5.0655000000,-0.0016003781,-0.3796742350,falla_engranaje,0.8000000000
5.0660000000,-0.0015348850,-0.3752501553,falla_engranaje,0.8000000000
5.0665000000,-0.0015283015,-0.3662970134,falla_engranaje,0.8000000000
5.0670000000,-0.0014668739,-0.3736765925,falla_engranaje,0.8000000000
5.0675000000,-0.0014612545,-0.3783187787,falla_engranaje,0.8000000000
5.0680000000,-0.0014755651,-0.3635900290,falla_engranaje,0.8000000000
5.0685000000,-0.0015541964,-0.3653739522,falla_engranaje,0.8000000000
5.0690000000,-0.0015538762,-0.3648426726,falla_engranaje,0.8000000000
5.0695000000,-0.0014497010,-0.3678006050,falla_engranaje,0.8000000000
5.0700000000,-0.0013881175,-0.3622858199,falla_engranaje,0.8000000000
5.0705000000,-0.0013960118,-0.3672890039,falla_engranaje,0.8000000000
5.0710000000,-0.0014780903,-0.3684156850,falla_engranaje,0.8000000000
5.0715000000,-0.0014015572,-0.3850398958,falla_engranaje,0.8000000000
5.0720000000,-0.0015563679,-0.3723551158,falla_engranaje,0.8000000000
5.0725000000,-0.0014646468,-0.3824324525,falla_engranaje,0.8000000000
5.0730000000,-0.0015223696,-0.3922765806,falla_engranaje,0.8000000000
5.0735000000,-0.0013432413,-0.3763012611,falla_engranaje,0.8000000000
5.0740000000,-0.0013560190,-0.3827390775,falla_engranaje,0.8000000000
5.0745000000,-0.0016101799,-0.3717051605,falla_engranaje,0.8000000000
5.0750000000,-0.0014291116,-0.3712400451,falla_engranaje,0.8000000000
5.0755000000,-0.0014794597,-0.3913987275,falla_engranaje,0.8000000000
5.0760000000,-0.0015241765,-0.3798862153,falla_engranaje,0.8000000000
5.0765000000,-0.0014395145,-0.3683656969,falla_engranaje,0.8000000000
5.0770000000,-0.0015496474,-0.3853945967,falla_engranaje,0.8000000000
5.0775000000,-0.0013393786,-0.3868996734,falla_engranaje,0.8000000000
5.0780000000,-0.0013714875,-0.3585786913,falla_engranaje,0.8000000000
5.0785000000,-0.0015048578,-0.3606771672,falla_engranaje,0.8000000000
5.0790000000,-0.0014135409,-0.3905759185,falla_engranaje,0.8000000000
5.0795000000,-0.0013967313,-0.3831343434,falla_engranaje,0.8000000000
5.0800000000,-0.0014443940,-0.3931145099,falla_engranaje,0.8000000000
5.0805000000,-0.0013197831,-0.3627451192,falla_engranaje,0.8000000000
5.0810000000,-0.0014070227,-0.3738310712,falla_engranaje,0.8000000000
5.0815000000,-0.0014179478,-0.3755902642,falla_engranaje,0.8000000000
5.0820000000,-0.0013371176,-0.3830236269,falla_engranaje,0.8000000000
5.0825000000,-0.0014289940,-0.3918388780,falla_engranaje,0.8000000000
5.0830000000,-0.0014277927,-0.3799891794,falla_engranaje,0.8000000000
5.0835000000,-0.0013020868,-0.3689394244,falla_engranaje,0.8000000000
5.0840000000,-0.0013595705,-0.3798338890,falla_engranaje,0.8000000000
5.0845000000,-0.0013199332,-0.3810584900,falla_engranaje,0.8000000000
5.0850000000,-0.0012597310,-0.3879652726,falla_engranaje,0.8000000000
5.0855000000,-0.0013446415,-0.3660363709,falla_engranaje,0.8000000000
5.0860000000,-0.0013097888,-0.3672005619,falla_engranaje,0.8000000000
5.0865000000,-0.0013008540,-0.3797313692,falla_engranaje,0.8000000000
5.0870000000,-0.0013141385,-0.3853506731,falla_engranaje,0.8000000000
5.0875000000,-0.0012430870,-0.3792952464,falla_engranaje,0.8000000000
5.0880000000,-0.0014477991,-0.3862828429,falla_engranaje,0.8000000000
5.0885000000,-0.0013925963,-0.3647655929,falla_engranaje,0.8000000000
5.0890000000,-0.0014102526,-0.3733228999,falla_engranaje,0.8000000000
5.0895000000,-0.0013855480,-0.3631966007,falla_engranaje,0.8000000000
5.0900000000,-0.0012332474,-0.3917250135,falla_engranaje,0.8000000000
5.0905000000,-0.0013505075,-0.4021962696,falla_engranaje,0.8000000000
5.0910000000,-0.0012653918,-0.3757759556,falla_engranaje,0.8000000000
5.0915000000,-0.0013009659,-0.3673496477,falla_engranaje,0.8000000000
5.0920000000,-0.0012301292,-0.3939871686,falla_engranaje,0.8000000000
5.0925000000,-0.0014161093,-0.3718486923,falla_engranaje,0.8000000000
5.0930000000,-0.0013585080,-0.3775276615,falla_engranaje,0.8000000000
5.0935000000,-0.0012896009,-0.3907829630,falla_engranaje,0.8000000000
5.0940000000,-0.0014021061,-0.3820526231,falla_engranaje,0.8000000000
5.0945000000,-0.0012920810,-0.3922526664,falla_engranaje,0.8000000000
5.0950000000,-0.0013442728,-0.3686878223,falla_engranaje,0.8000000000
5.0955000000,-0.0012477477,-0.3827573813,falla_engranaje,0.8000000000
5.0960000000,-0.0011658929,-0.3969357854,falla_engranaje,0.8000000000
5.0965000000,-0.0012953902,-0.3879241847,falla_engranaje,0.8000000000
5.0970000000,-0.0013547742,-0.3666778624,falla_engranaje,0.8000000000
5.0975000000,-0.0013005956,-0.3976457431,falla_engranaje,0.8000000000
5.0980000000,-0.0014006860,-0.3788007109,falla_engranaje,0.8000000000
5.0985000000,-0.0013743117,-0.3922989210,falla_engranaje,0.8000000000
5.0990000000,-0.0013328729,-0.3928431784,falla_engranaje,0.8000000000
5.0995000000,-0.0012729284,-0.3887238486,falla_engranaje,0.8000000000
5.1000000000,-0.0011818780,-0.3900681430,falla_engranaje,0.8000000000
5.1005000000,-0.0011856540,-0.3964718806,falla_engranaje,0.8000000000
5.1010000000,-0.0013322786,-0.3853846910,falla_engranaje,0.8000000000
5.1015000000,-0.0012914714,-0.3792063831,falla_engranaje,0.8000000000
5.1020000000,-0.0012918947,-0.3698335956,falla_engranaje,0.8000000000
5.1025000000,-0.0013031764,-0.3837183544,falla_engranaje,0.8000000000
5.1030000000,-0.0012935959,-0.3838580099,falla_engranaje,0.8000000000
5.1035000000,-0.0012271715,-0.4015521186,falla_engranaje,0.8000000000
5.1040000000,-0.0012986591,-0.4069313704,falla_engranaje,0.8000000000
5.1045000000,-0.0012743668,-0.3787920848,falla_engranaje,0.8000000000
5.1050000000,-0.0012324458,-0.3996124843,falla_engranaje,0.8000000000
5.1055000000,-0.0011093777,-0.3812333920,falla_engranaje,0.8000000000
5.1060000000,-0.0012573222,-0.3891757370,falla_engranaje,0.8000000000
5.1065000000,-0.0012231339,-0.4010551072,falla_engranaje,0.8000000000
5.1070000000,-0.0011965435,-0.3861658669,falla_engranaje,0.8000000000
5.1075000000,-0.0013086555,-0.3947000698,falla_engranaje,0.8000000000
5.1080000000,-0.0013161414,-0.3849590902,falla_engranaje,0.8000000000
5.1085000000,-0.0012494392,-0.3969759875,falla_engranaje,0.8000000000
5.1090000000,-0.0011245001,-0.4051068879,falla_engranaje,0.8000000000
5.1095000000,-0.0012099518,-0.3936531261,falla_engranaje,0.8000000000
5.1100000000,-0.0011170528,-0.3973922318,falla_engranaje,0.8000000000
5.1105000000,-0.0011120939,-0.3790856817,falla_engranaje,0.8000000000
5.1110000000,-0.0012199255,-0.3901124181,falla_engranaje,0.8000000000
5.1115000000,-0.0012545007,-0.4021858455,falla_engranaje,0.8000000000
5.1120000000,-0.0012351398,-0.3752341077,falla_engranaje,0.8000000000
5.1125000000,-0.0011392764,-0.3903163341,falla_engranaje,0.8000000000
5.1130000000,-0.0012408484,-0.4013414448,falla_engranaje,0.8000000000
5.1135000000,-0.0012624207,-0.3955208557,falla_engranaje,0.8000000000
5.1140000000,-0.0012597948,-0.4109442478,falla_engranaje,0.8000000000
5.1145000000,-0.0010903830,-0.3796099922,falla_engranaje,0.8000000000
5.1150000000,-0.0012694419,-0.4049234591,falla_engranaje,0.8000000000
5.1155000000,-0.0011895713,-0.3728183339,falla_engranaje,0.8000000000
5.1160000000,-0.0010937432,-0.3753848364,falla_engranaje,0.8000000000
5.1165000000,-0.0012160400,-0.3970525179,falla_engranaje,0.8000000000
5.1170000000,-0.0012141874,-0.3765027821,falla_engranaje,0.8000000000
5.1175000000,-0.0012326011,-0.3970942545,falla_engranaje,0.8000000000
5.1180000000,-0.0010557876,-0.3987140648,falla_engranaje,0.8000000000
5.1185000000,-0.0010689520,-0.4054714343,falla_engranaje,0.8000000000
5.1190000000,-0.0011851330,-0.3908334561,falla_engranaje,0.8000000000
5.1195000000,-0.0012784724,-0.4016276556,falla_engranaje,0.8000000000
5.1200000000,-0.0012057352,-0.3997755777,falla_engranaje,0.8000000000
5.1205000000,-0.0010896392,-0.3886825175,falla_engranaje,0.8000000000
5.1210000000,-0.0012370351,-0.4088152916,falla_engranaje,0.8000000000
5.1215000000,-0.0011936853,-0.4025241083,falla_engranaje,0.8000000000
5.1220000000,-0.0010963427,-0.3965810957,falla_engranaje,0.8000000000
5.1225000000,-0.0012529835,-0.3968435613,falla_engranaje,0.8000000000
5.1230000000,-0.0012450031,-0.3945466490,falla_engranaje,0.8000000000
5.1235000000,-0.0009916063,-0.4117773694,falla_engranaje,0.8000000000
5.1240000000,-0.0011941757,-0.4058128936,falla_engranaje,0.8000000000
5.1245000000,-0.0010124283,-0.3975695638,falla_engranaje,0.8000000000
5.1250000000,-0.0011529407,-0.3931706401,falla_engranaje,0.8000000000
5.1255000000,-0.0012568891,-0.4149447977,falla_engranaje,0.8000000000
5.1260000000,-0.0011914059,-0.4244482563,falla_engranaje,0.8000000000
5.1265000000,-0.0011913776,-0.3911425386,falla_engranaje,0.8000000000
5.1270000000,-0.0011865399,-0.3996473859,falla_engranaje,0.8000000000
5.1275000000,-0.0011961572,-0.3742700316,falla_engranaje,0.8000000000
5.1280000000,-0.0011113161,-0.3952376244,falla_engranaje,0.8000000000
5.1285000000,-0.0012110428,-0.3943848133,falla_engranaje,0.8000000000
5.1290000000,-0.0010504556,-0.3960283386,falla_engranaje,0.8000000000
5.1295000000,-0.0010823985,-0.4191414287,falla_engranaje,0.8000000000
5.1300000000,-0.0011556401,-0.4097126951,falla_engranaje,0.8000000000
5.1305000000,-0.0010976299,-0.4025298951,falla_engranaje,0.8000000000
5.1310000000,-0.0010900552,-0.3823282959,falla_engranaje,0.8000000000
5.1315000000,-0.0011570764,-0.4076782460,falla_engranaje,0.8000000000
5.1320000000,-0.0011127911,-0.3918089068,falla_engranaje,0.8000000000
5.1325000000,-0.0012000446,-0.3834088152,falla_engranaje,0.8000000000
5.1330000000,-0.0010930267,-0.4036508130,falla_engranaje,0.8000000000
5.1335000000,-0.0011880567,-0.4232024130,falla_engranaje,0.8000000000
5.1340000000,-0.0011883426,-0.4188386882,falla_engranaje,0.8000000000
5.1345000000,-0.0011452752,-0.4064299060,falla_engranaje,0.8000000000
5.1350000000,-0.0009622331,-0.3952301147,falla_engranaje,0.8000000000
5.1355000000,-0.0011310818,-0.4182906364,falla_engranaje,0.8000000000
5.1360000000,-0.0011010598,-0.3980993999,falla_engranaje,0.8000000000
5.1365000000,-0.0011261800,-0.4200443766,falla_engranaje,0.8000000000
5.1370000000,-0.0011270874,-0.3980523186,falla_engranaje,0.8000000000
5.1375000000,-0.0011192604,-0.3858293604,falla_engranaje,0.8000000000
5.1380000000,-0.0011141280,-0.4024514195,falla_engranaje,0.8000000000
5.1385000000,-0.0011557693,-0.4104158887,falla_engranaje,0.8000000000
5.1390000000,-0.0011767886,-0.4038841836,falla_engranaje,0.8000000000
5.1395000000,-0.0011113701,-0.4212553580,falla_engranaje,0.8000000000
5.1400000000,-0.0011523885,-0.4101803139,falla_engranaje,0.8000000000
5.1405000000,-0.0011053609,-0.4009968960,falla_engranaje,0.8000000000
5.1410000000,-0.0011812606,-0.3890325365,falla_engranaje,0.8000000000
5.1415000000,-0.0010829857,-0.4175770136,falla_engranaje,0.8000000000
5.1420000000,-0.0011399228,-0.3904679349,falla_engranaje,0.8000000000
5.1425000000,-0.0010266397,-0.4078939794,falla_engranaje,0.8000000000
5.1430000000,-0.0010046310,-0.4126723653,falla_engranaje,0.8000000000
5.1435000000,-0.0010724802,-0.4210804956,falla_engranaje,0.8000000000
5.1440000000,-0.0009572792,-0.4221482659,falla_engranaje,0.8000000000
5.1445000000,-0.0011640238,-0.4334764960,falla_engranaje,0.8000000000
5.1450000000,-0.0010757842,-0.4141970245,falla_engranaje,0.8000000000
5.1455000000,-0.0011605390,-0.4034376787,falla_engranaje,0.8000000000
5.1460000000,-0.0011566879,-0.4047444779,falla_engranaje,0.8000000000
5.1465000000,-0.0011154307,-0.4138718060,falla_engranaje,0.8000000000
5.1470000000,-0.0011013324,-0.4211453953,falla_engranaje,0.8000000000
5.1475000000,-0.0010475715,-0.3965732149,falla_engranaje,0.8000000000
5.1480000000,-0.0011029837,-0.3899798989,falla_engranaje,0.8000000000
5.1485000000,-0.0012840551,-0.4197196080,falla_engranaje,0.8000000000
5.1490000000,-0.0010440135,-0.4129646149,falla_engranaje,0.8000000000
5.1495000000,-0.0010532501,-0.4176230037,falla_engranaje,0.8000000000
5.1500000000,-0.0010465462,-0.3982210495,falla_engranaje,0.8000000000
5.1505000000,-0.0010904444,-0.3978758685,falla_engranaje,0.8000000000
5.1510000000,-0.0011392908,-0.4122136357,falla_engranaje,0.8000000000
5.1515000000,-0.0009810538,-0.4256251659,falla_engranaje,0.8000000000
5.1520000000,-0.0010716889,-0.4126421693,falla_engranaje,0.8000000000
5.1525000000,-0.0010840758,-0.4258154000,falla_engranaje,0.8000000000
5.1530000000,-0.0010303864,-0.4036370554,falla_engranaje,0.8000000000
5.1535000000,-0.0011041466,-0.4234026257,falla_engranaje,0.8000000000
5.1540000000,-0.0010615971,-0.4416123660,falla_engranaje,0.8000000000
5.1545000000,-0.0010590280,-0.4112084602,falla_engranaje,0.8000000000
5.1550000000,-0.0011252657,-0.4017164990,falla_engranaje,0.8000000000
5.1555000000,-0.0012040928,-0.4142585206,falla_engranaje,0.8000000000
5.1560000000,-0.0010480561,-0.4056153581,falla_engranaje,0.8000000000
5.1565000000,-0.0010864841,-0.4324993724,falla_engranaje,0.8000000000
5.1570000000,-0.0011611498,-0.4138117029,falla_engranaje,0.8000000000
5.1575000000,-0.0012079210,-0.4228697418,falla_engranaje,0.8000000000
5.1580000000,-0.0012211400,-0.4296389048,falla_engranaje,0.8000000000
5.1585000000,-0.0011811064,-0.4118765417,falla_engranaje,0.8000000000
5.1590000000,-0.0012161257,-0.4346339837,falla_engranaje,0.8000000000
5.1595000000,-0.0011421668,-0.4145735949,falla_engranaje,0.8000000000
5.1600000000,-0.0010679168,-0.4199301898,falla_engranaje,0.8000000000
5.1605000000,-0.0011267468,-0.4256134528,falla_engranaje,0.8000000000
5.1610000000,-0.0010518947,-0.4043133578,falla_engranaje,0.8000000000
5.1615000000,-0.0010369304,-0.4357669621,falla_engranaje,0.8000000000
5.1620000000,-0.0010837840,-0.4284490120,falla_engranaje,0.8000000000
5.1625000000,-0.0010758158,-0.4178879176,falla_engranaje,0.8000000000
5.1630000000,-0.0010641027,-0.4157606095,falla_engranaje,0.8000000000
5.1635000000,-0.0010505236,-0.4164137819,falla_engranaje,0.8000000000
5.1640000000,-0.0010477649,-0.4334807144,falla_engranaje,0.8000000000
5.1645000000,-0.0011184781,-0.4369045825,falla_engranaje,0.8000000000
5.1650000000,-0.0010590224,-0.4248301291,falla_engranaje,0.8000000000
5.1655000000,-0.0011959996,-0.4195791866,falla_engranaje,0.8000000000
5.1660000000,-0.0011078915,-0.4299904672,falla_engranaje,0.8000000000
5.1665000000,-0.0010408293,-0.4272866512,falla_engranaje,0.8000000000
5.1670000000,-0.0009489019,-0.4173156629,falla_engranaje,0.8000000000
5.1675000000,-0.0011340457,-0.4124718682,falla_engranaje,0.8000000000
5.1680000000,-0.0010743729,-0.4244748193,falla_engranaje,0.8000000000
5.1685000000,-0.0011074053,-0.4268035816,falla_engranaje,0.8000000000
5.1690000000,-0.0011249255,-0.4286928811,falla_engranaje,0.8000000000
5.1695000000,-0.0011282009,-0.4087015611,falla_engranaje,0.8000000000
5.1700000000,-0.0011799416,-0.4393256466,falla_engranaje,0.8000000000
5.1705000000,-0.0011542538,-0.4339290067,falla_engranaje,0.8000000000
5.1710000000,-0.0011685765,-0.4225344103,falla_engranaje,0.8000000000
5.1715000000,-0.0011591122,-0.4188189438,falla_engranaje,0.8000000000
5.1720000000,-0.0011319477,-0.4261898675,falla_engranaje,0.8000000000
5.1725000000,-0.0011638074,-0.4375461731,falla_engranaje,0.8000000000
5.1730000000,-0.0012285809,-0.4344029295,falla_engranaje,0.8000000000
5.1735000000,-0.0011054174,-0.4451707008,falla_engranaje,0.8000000000
5.1740000000,-0.0010303859,-0.4405920454,falla_engranaje,0.8000000000
5.1745000000,-0.0010933392,-0.4183255630,falla_engranaje,0.8000000000
5.1750000000,-0.0010974604,-0.4438869519,falla_engranaje,0.8000000000
5.1755000000,-0.0011169022,-0.4076377711,falla_engranaje,0.8000000000
5.1760000000,-0.0012289441,-0.4421263242,falla_engranaje,0.8000000000
5.1765000000,-0.0011302624,-0.4353735372,falla_engranaje,0.8000000000
5.1770000000,-0.0012257736,-0.4347155709,falla_engranaje,0.8000000000
5.1775000000,-0.0011420391,-0.4254635712,falla_engranaje,0.8000000000
5.1780000000,-0.0010952646,-0.4406305027,falla_engranaje,0.8000000000
5.1785000000,-0.0010979351,-0.4217400502,falla_engranaje,0.8000000000
5.1790000000,-0.0012370944,-0.4396601516,falla_engranaje,0.8000000000
5.1795000000,-0.0010953974,-0.4185072044,falla_engranaje,0.8000000000
5.1800000000,-0.0011587845,-0.4381091976,falla_engranaje,0.8000000000
5.1805000000,-0.0010053959,-0.4492224911,falla_engranaje,0.8000000000
5.1810000000,-0.0011836536,-0.4625915842,falla_engranaje,0.8000000000
5.1815000000,-0.0012615785,-0.4512406867,falla_engranaje,0.8000000000
5.1820000000,-0.0013014931,-0.4418806620,falla_engranaje,0.8000000000
5.1825000000,-0.0010846782,-0.4373237031,falla_engranaje,0.8000000000
5.1830000000,-0.0012094744,-0.4394860891,falla_engranaje,0.8000000000
5.1835000000,-0.0010722070,-0.4341799189,falla_engranaje,0.8000000000
5.1840000000,-0.0011957272,-0.4426046922,falla_engranaje,0.8000000000
5.1845000000,-0.0012905931,-0.4288501053,falla_engranaje,0.8000000000
5.1850000000,-0.0012474168,-0.4529835779,falla_engranaje,0.8000000000
5.1855000000,-0.0012704624,-0.4364368700,falla_engranaje,0.8000000000
5.1860000000,-0.0011469695,-0.4575628881,falla_engranaje,0.8000000000
5.1865000000,-0.0010954099,-0.4327911753,falla_engranaje,0.8000000000
5.1870000000,-0.0012555640,-0.4260427449,falla_engranaje,0.8000000000
5.1875000000,-0.0011228243,-0.4516205942,falla_engranaje,0.8000000000
5.1880000000,-0.0013255308,-0.4570346628,falla_engranaje,0.8000000000
5.1885000000,-0.0011335179,-0.4478226700,falla_engranaje,0.8000000000
5.1890000000,-0.0012003240,-0.4423709008,falla_engranaje,0.8000000000
5.1895000000,-0.0011784594,-0.4518686124,falla_engranaje,0.8000000000
5.1900000000,-0.0012554011,-0.4480862883,falla_engranaje,0.8000000000
5.1905000000,-0.0011930639,-0.4536172309,falla_engranaje,0.8000000000
5.1910000000,-0.0011922870,-0.4482694872,falla_engranaje,0.8000000000
5.1915000000,-0.0011625583,-0.4492301740,falla_engranaje,0.8000000000
5.1920000000,-0.0012084553,-0.4363204225,falla_engranaje,0.8000000000
5.1925000000,-0.0012413344,-0.4494092875,falla_engranaje,0.8000000000
5.1930000000,-0.0011240869,-0.4541523409,falla_engranaje,0.8000000000
5.1935000000,-0.0013071792,-0.4441123599,falla_engranaje,0.8000000000
5.1940000000,-0.0011757447,-0.4529008177,falla_engranaje,0.8000000000
5.1945000000,-0.0011773449,-0.4678967835,falla_engranaje,0.8000000000
5.1950000000,-0.0011773950,-0.4637652998,falla_engranaje,0.8000000000
5.1955000000,-0.0012643509,-0.4339691720,falla_engranaje,0.8000000000
5.1960000000,-0.0011395316,-0.4526258870,falla_engranaje,0.8000000000
5.1965000000,-0.0013436510,-0.4513211634,falla_engranaje,0.8000000000
5.1970000000,-0.0013234042,-0.4482014600,falla_engranaje,0.8000000000
5.1975000000,-0.0010718240,-0.4539479152,falla_engranaje,0.8000000000
5.1980000000,-0.0012863952,-0.4413354010,falla_engranaje,0.8000000000
5.1985000000,-0.0012371758,-0.4555187005,falla_engranaje,0.8000000000
5.1990000000,-0.0012655260,-0.4584127151,falla_engranaje,0.8000000000
5.1995000000,-0.0012534776,-0.4522657396,falla_engranaje,0.8000000000
5.2000000000,-0.0012298546,-0.4756282987,falla_engranaje,0.8000000000
5.2005000000,-0.0013661223,-0.4784634766,falla_engranaje,0.8000000000
5.2010000000,-0.0011782316,-0.4443090623,falla_engranaje,0.8000000000
5.2015000000,-0.0013409024,-0.4524639719,falla_engranaje,0.8000000000
5.2020000000,-0.0013288739,-0.4665914661,falla_engranaje,0.8000000000
5.2025000000,-0.0012939586,-0.4576985545,falla_engranaje,0.8000000000
5.2030000000,-0.0013244692,-0.4608971880,falla_engranaje,0.8000000000
5.2035000000,-0.0012735345,-0.4662254022,falla_engranaje,0.8000000000
5.2040000000,-0.0012393638,-0.4684361981,falla_engranaje,0.8000000000
5.2045000000,-0.0014242632,-0.4648789390,falla_engranaje,0.8000000000
5.2050000000,-0.0011851677,-0.4656535871,falla_engranaje,0.8000000000
5.2055000000,-0.0013782395,-0.4723268006,falla_engranaje,0.8000000000
5.2060000000,-0.0013040645,-0.4623185361,falla_engranaje,0.8000000000
5.2065000000,-0.0012104018,-0.4619354776,falla_engranaje,0.8000000000
5.2070000000,-0.0013263429,-0.4638859063,falla_engranaje,0.8000000000
5.2075000000,-0.0013116797,-0.4706165174,falla_engranaje,0.8000000000
5.2080000000,-0.0011535891,-0.4511386096,falla_engranaje,0.8000000000
5.2085000000,-0.0012505160,-0.4414550593,falla_engranaje,0.8000000000
5.2090000000,-0.0013278021,-0.4510189287,falla_engranaje,0.8000000000
5.2095000000,-0.0012219451,-0.4771747211,falla_engranaje,0.8000000000
5.2100000000,-0.0013083616,-0.4728611399,falla_engranaje,0.8000000000
5.2105000000,-0.0013960860,-0.4672249241,falla_engranaje,0.8000000000
5.2110000000,-0.0013934752,-0.4656740772,falla_engranaje,0.8000000000
5.2115000000,-0.0013861226,-0.4959439610,falla_engranaje,0.8000000000
5.2120000000,-0.0014006173,-0.4681976042,falla_engranaje,0.8000000000
5.2125000000,-0.0014476851,-0.4786465080,falla_engranaje,0.8000000000
5.2130000000,-0.0012504981,-0.4717387250,falla_engranaje,0.8000000000
5.2135000000,-0.0014049800,-0.4849600691,falla_engranaje,0.8000000000
5.2140000000,-0.0013190972,-0.4747605984,falla_engranaje,0.8000000000
5.2145000000,-0.0013742383,-0.4651634851,falla_engranaje,0.8000000000
5.2150000000,-0.0014233315,-0.4706892179,falla_engranaje,0.8000000000
5.2155000000,-0.0012605013,-0.4720231226,falla_engranaje,0.8000000000
5.2160000000,-0.0012947096,-0.4742388921,falla_engranaje,0.8000000000
5.2165000000,-0.0013564448,-0.4764444831,falla_engranaje,0.8000000000
5.2170000000,-0.0014858714,-0.4911675675,falla_engranaje,0.8000000000
5.2175000000,-0.0014971868,-0.4713175380,falla_engranaje,0.8000000000
5.2180000000,-0.0013398666,-0.4761038875,falla_engranaje,0.8000000000
5.2185000000,-0.0014016878,-0.4854663316,falla_engranaje,0.8000000000
5.2190000000,-0.0013697779,-0.4773235739,falla_engranaje,0.8000000000
5.2195000000,-0.0014401813,-0.4593230287,falla_engranaje,0.8000000000
5.2200000000,-0.0014563505,-0.4832171079,falla_engranaje,0.8000000000
5.2205000000,-0.0014009807,-0.4671070485,falla_engranaje,0.8000000000
5.2210000000,-0.0015051324,-0.4722414854,falla_engranaje,0.8000000000
5.2215000000,-0.0015068218,-0.5005622866,falla_engranaje,0.8000000000
5.2220000000,-0.0015392564,-0.4664385194,falla_engranaje,0.8000000000
5.2225000000,-0.0013899821,-0.4732076247,falla_engranaje,0.8000000000
5.2230000000,-0.0013631107,-0.4813474857,falla_engranaje,0.8000000000
5.2235000000,-0.0015260204,-0.4870924157,falla_engranaje,0.8000000000
5.2240000000,-0.0014532295,-0.4844090215,falla_engranaje,0.8000000000
5.2245000000,-0.0014883798,-0.5071038782,falla_engranaje,0.8000000000
5.2250000000,-0.0015040824,-0.4956434134,falla_engranaje,0.8000000000
5.2255000000,-0.0014613024,-0.4865141794,falla_engranaje,0.8000000000
5.2260000000,-0.0015811107,-0.4861669637,falla_engranaje,0.8000000000
5.2265000000,-0.0016050316,-0.4869101043,falla_engranaje,0.8000000000
5.2270000000,-0.0013912991,-0.5089182936,falla_engranaje,0.8000000000
5.2275000000,-0.0016104303,-0.4770191830,falla_engranaje,0.8000000000
5.2280000000,-0.0015362871,-0.4911737922,falla_engranaje,0.8000000000
5.2285000000,-0.0015434120,-0.4975087481,falla_engranaje,0.8000000000
5.2290000000,-0.0014187726,-0.4855835755,falla_engranaje,0.8000000000
5.2295000000,-0.0016196065,-0.4931679179,falla_engranaje,0.8000000000
5.2300000000,-0.0014706399,-0.4958788672,falla_engranaje,0.8000000000
5.2305000000,-0.0015168406,-0.4685546452,falla_engranaje,0.8000000000
5.2310000000,-0.0014586880,-0.4991131148,falla_engranaje,0.8000000000
5.2315000000,-0.0014739880,-0.5001292483,falla_engranaje,0.8000000000
5.2320000000,-0.0016997872,-0.5036791747,falla_engranaje,0.8000000000
5.2325000000,-0.0016201139,-0.4950080675,falla_engranaje,0.8000000000
5.2330000000,-0.0016164937,-0.4963229002,falla_engranaje,0.8000000000
5.2335000000,-0.0016749513,-0.4997916070,falla_engranaje,0.8000000000
5.2340000000,-0.0016121305,-0.4854723701,falla_engranaje,0.8000000000
5.2345000000,-0.0015938175,-0.5026284184,falla_engranaje,0.8000000000
5.2350000000,-0.0016399750,-0.4978262393,falla_engranaje,0.8000000000
5.2355000000,-0.0016868362,-0.4937942827,falla_engranaje,0.8000000000
5.2360000000,-0.0016224599,-0.5025060019,falla_engranaje,0.8000000000
5.2365000000,-0.0017899545,-0.5141587599,falla_engranaje,0.8000000000
5.2370000000,-0.0016943638,-0.4853802818,falla_engranaje,0.8000000000
5.2375000000,-0.0016019633,-0.4967771218,falla_engranaje,0.8000000000
5.2380000000,-0.0016643996,-0.4922533136,falla_engranaje,0.8000000000
5.2385000000,-0.0016202370,-0.5154147684,falla_engranaje,0.8000000000
5.2390000000,-0.0016697320,-0.4926044254,falla_engranaje,0.8000000000
5.2395000000,-0.0017555113,-0.4881167302,falla_engranaje,0.8000000000
5.2400000000,-0.0015711052,-0.5078427251,falla_engranaje,0.8000000000
5.2405000000,-0.0016921291,-0.5113501819,falla_engranaje,0.8000000000
5.2410000000,-0.0016845171,-0.4991665059,falla_engranaje,0.8000000000
5.2415000000,-0.0016522100,-0.5182952131,falla_engranaje,0.8000000000
5.2420000000,-0.0017164369,-0.5049319044,falla_engranaje,0.8000000000
5.2425000000,-0.0016806241,-0.5232231798,falla_engranaje,0.8000000000
5.2430000000,-0.0016838092,-0.5082788481,falla_engranaje,0.8000000000
5.2435000000,-0.0016747917,-0.5047798202,falla_engranaje,0.8000000000
5.2440000000,-0.0016934912,-0.5149361145,falla_engranaje,0.8000000000
5.2445000000,-0.0018343099,-0.5055455005,falla_engranaje,0.8000000000
5.2450000000,-0.0016432443,-0.5155710773,falla_engranaje,0.8000000000
5.2455000000,-0.0018014084,-0.5279979368,falla_engranaje,0.8000000000
5.2460000000,-0.0018173150,-0.5203019263,falla_engranaje,0.8000000000
5.2465000000,-0.0017157370,-0.4925211306,falla_engranaje,0.8000000000
5.2470000000,-0.0016121472,-0.5155921254,falla_engranaje,0.8000000000
5.2475000000,-0.0016862460,-0.4981420388,falla_engranaje,0.8000000000
5.2480000000,-0.0016897059,-0.5199499655,falla_engranaje,0.8000000000
5.2485000000,-0.0018100864,-0.5147454736,falla_engranaje,0.8000000000
5.2490000000,-0.0018504263,-0.5230944203,falla_engranaje,0.8000000000
5.2495000000,-0.0018328004,-0.5021471694,falla_engranaje,0.8000000000
5.2500000000,-0.0017356860,-0.5124476775,falla_engranaje,0.8000000000
5.2505000000,-0.0018144049,-0.5196209690,falla_engranaje,0.8000000000
5.2510000000,-0.0017871418,-0.5326734879,falla_engranaje,0.8000000000
5.2515000000,-0.0017546196,-0.5064099933,falla_engranaje,0.8000000000
5.2520000000,-0.0019146569,-0.5351212905,falla_engranaje,0.8000000000
5.2525000000,-0.0016999697,-0.5070058665,falla_engranaje,0.8000000000
5.2530000000,-0.0018519575,-0.5423811059,falla_engranaje,0.8000000000
5.2535000000,-0.0018225687,-0.5339416727,falla_engranaje,0.8000000000
5.2540000000,-0.0017512702,-0.5401377201,falla_engranaje,0.8000000000
5.2545000000,-0.0018340916,-0.5276237721,falla_engranaje,0.8000000000
5.2550000000,-0.0018974097,-0.5328326179,falla_engranaje,0.8000000000
5.2555000000,-0.0017736550,-0.5102613301,falla_engranaje,0.8000000000
5.2560000000,-0.0016911847,-0.5228047248,falla_engranaje,0.8000000000
5.2565000000,-0.0018534477,-0.5266229292,falla_engranaje,0.8000000000
5.2570000000,-0.0019271843,-0.5067501995,falla_engranaje,0.8000000000
5.2575000000,-0.0017363994,-0.5218923176,falla_engranaje,0.8000000000
5.2580000000,-0.0019215265,-0.5459954356,falla_engranaje,0.8000000000
5.2585000000,-0.0018041410,-0.5353662641,falla_engranaje,0.8000000000
5.2590000000,-0.0019272777,-0.5077688147,falla_engranaje,0.8000000000
5.2595000000,-0.0019727884,-0.5190368728,falla_engranaje,0.8000000000
5.2600000000,-0.0018548481,-0.5129296395,falla_engranaje,0.8000000000
5.2605000000,-0.0018715651,-0.5305541016,falla_engranaje,0.8000000000
5.2610000000,-0.0018017017,-0.5343911127,falla_engranaje,0.8000000000
5.2615000000,-0.0018713985,-0.5419163642,falla_engranaje,0.8000000000
5.2620000000,-0.0019318536,-0.5376673138,falla_engranaje,0.8000000000
5.2625000000,-0.0018676274,-0.5327660971,falla_engranaje,0.8000000000
5.2630000000,-0.0019860660,-0.5353500446,falla_engranaje,0.8000000000
5.2635000000,-0.0019239113,-0.5288384220,falla_engranaje,0.8000000000
5.2640000000,-0.0018592214,-0.5357191072,falla_engranaje,0.8000000000
5.2645000000,-0.0018479036,-0.5329526786,falla_engranaje,0.8000000000
5.2650000000,-0.0018917421,-0.5369229382,falla_engranaje,0.8000000000
5.2655000000,-0.0018673478,-0.5460687019,falla_engranaje,0.8000000000
5.2660000000,-0.0019427804,-0.5293433365,falla_engranaje,0.8000000000
5.2665000000,-0.0019608259,-0.5352589140,falla_engranaje,0.8000000000
5.2670000000,-0.0019740359,-0.5368440425,falla_engranaje,0.8000000000
5.2675000000,-0.0019722343,-0.5328343617,falla_engranaje,0.8000000000
5.2680000000,-0.0021316778,-0.5397162412,falla_engranaje,0.8000000000
5.2685000000,-0.0020151938,-0.5347209425,falla_engranaje,0.8000000000
5.2690000000,-0.0021049951,-0.5448550486,falla_engranaje,0.8000000000
5.2695000000,-0.0019529821,-0.5426702622,falla_engranaje,0.8000000000
5.2700000000,-0.0019812236,-0.5378577685,falla_engranaje,0.8000000000
5.2705000000,-0.0020637767,-0.5467641303,falla_engranaje,0.8000000000
5.2710000000,-0.0020163860,-0.5399326025,falla_engranaje,0.8000000000
5.2715000000,-0.0020424674,-0.5461709169,falla_engranaje,0.8000000000
5.2720000000,-0.0020842794,-0.5289943675,falla_engranaje,0.8000000000
5.2725000000,-0.0020849792,-0.5381676359,falla_engranaje,0.8000000000
5.2730000000,-0.0020594319,-0.5357707392,falla_engranaje,0.8000000000
5.2735000000,-0.0020431354,-0.5419130329,falla_engranaje,0.8000000000
5.2740000000,-0.0020655068,-0.5442286270,falla_engranaje,0.8000000000
5.2745000000,-0.0020819660,-0.5362589309,falla_engranaje,0.8000000000
5.2750000000,-0.0022882421,-0.5550604491,falla_engranaje,0.8000000000
5.2755000000,-0.0019645276,-0.5544119372,falla_engranaje,0.8000000000
5.2760000000,-0.0020456650,-0.5560741005,falla_engranaje,0.8000000000
5.2765000000,-0.0021723596,-0.5441390896,falla_engranaje,0.8000000000
5.2770000000,-0.0022134233,-0.5703696560,falla_engranaje,0.8000000000
5.2775000000,-0.0020756899,-0.5588429418,falla_engranaje,0.8000000000
5.2780000000,-0.0021645084,-0.5617960502,falla_engranaje,0.8000000000
5.2785000000,-0.0021320515,-0.5672385373,falla_engranaje,0.8000000000
5.2790000000,-0.0020103679,-0.5530264850,falla_engranaje,0.8000000000
5.2795000000,-0.0022355401,-0.5739700695,falla_engranaje,0.8000000000
5.2800000000,-0.0021297855,-0.5469248917,falla_engranaje,0.8000000000
5.2805000000,-0.0020214918,-0.5653792663,falla_engranaje,0.8000000000
5.2810000000,-0.0021583143,-0.5637040165,falla_engranaje,0.8000000000
5.2815000000,-0.0021519996,-0.5544982644,falla_engranaje,0.8000000000
5.2820000000,-0.0021618787,-0.5459391505,falla_engranaje,0.8000000000
5.2825000000,-0.0021528889,-0.5601265526,falla_engranaje,0.8000000000
5.2830000000,-0.0022046753,-0.5690517355,falla_engranaje,0.8000000000
5.2835000000,-0.0021356070,-0.5567155237,falla_engranaje,0.8000000000
5.2840000000,-0.0023201285,-0.5601625057,falla_engranaje,0.8000000000
5.2845000000,-0.0022319168,-0.5601726437,falla_engranaje,0.8000000000
5.2850000000,-0.0020981807,-0.5455797177,falla_engranaje,0.8000000000
5.2855000000,-0.0021506629,-0.5564950695,falla_engranaje,0.8000000000
5.2860000000,-0.0024015550,-0.5480408748,falla_engranaje,0.8000000000
5.2865000000,-0.0021721518,-0.5760080867,falla_engranaje,0.8000000000
5.2870000000,-0.0022871687,-0.5714639836,falla_engranaje,0.8000000000
5.2875000000,-0.0021307720,-0.5530758772,falla_engranaje,0.8000000000
5.2880000000,-0.0021551274,-0.5852257651,falla_engranaje,0.8000000000
5.2885000000,-0.0023817261,-0.5739969301,falla_engranaje,0.8000000000
5.2890000000,-0.0022563822,-0.5715473398,falla_engranaje,0.8000000000
5.2895000000,-0.0022676438,-0.5777556274,falla_engranaje,0.8000000000
5.2900000000,-0.0023319693,-0.5674774936,falla_engranaje,0.8000000000
5.2905000000,-0.0022590475,-0.5728205539,falla_engranaje,0.8000000000
5.2910000000,-0.0024097918,-0.5578151652,falla_engranaje,0.8000000000
5.2915000000,-0.0022015657,-0.5845461441,falla_engranaje,0.8000000000
5.2920000000,-0.0023099111,-0.5865031081,falla_engranaje,0.8000000000
5.2925000000,-0.0023500031,-0.5668920750,falla_engranaje,0.8000000000
5.2930000000,-0.0022586218,-0.5623153501,falla_engranaje,0.8000000000
5.2935000000,-0.0023365169,-0.5670908104,falla_engranaje,0.8000000000
5.2940000000,-0.0024166118,-0.5663627022,falla_engranaje,0.8000000000
5.2945000000,-0.0023638404,-0.5772677883,falla_engranaje,0.8000000000
5.2950000000,-0.0023473048,-0.5896230107,falla_engranaje,0.8000000000
5.2955000000,-0.0023098121,-0.5915964534,falla_engranaje,0.8000000000
5.2960000000,-0.0023928022,-0.5837432357,falla_engranaje,0.8000000000
5.2965000000,-0.0024036202,-0.5809292522,falla_engranaje,0.8000000000
5.2970000000,-0.0023812608,-0.5708414509,falla_engranaje,0.8000000000
5.2975000000,-0.0022506934,-0.5885345373,falla_engranaje,0.8000000000
5.2980000000,-0.0023644436,-0.5587786154,falla_engranaje,0.8000000000
5.2985000000,-0.0024422700,-0.5793270333,falla_engranaje,0.8000000000
5.2990000000,-0.0024585487,-0.5865105735,falla_engranaje,0.8000000000
5.2995000000,-0.0024543164,-0.5772786385,falla_engranaje,0.8000000000
5.3000000000,-0.0024812075,-0.5880208914,falla_engranaje,0.8000000000
5.3005000000,-0.0025084485,-0.5861940001,falla_engranaje,0.8000000000
5.3010000000,-0.0022873135,-0.5889196780,falla_engranaje,0.8000000000
5.3015000000,-0.0023922015,-0.5841748173,falla_engranaje,0.8000000000
5.3020000000,-0.0023873495,-0.5927393750,falla_engranaje,0.8000000000
5.3025000000,-0.0025166208,-0.5940125356,falla_engranaje,0.8000000000
5.3030000000,-0.0023233183,-0.5910702669,falla_engranaje,0.8000000000
5.3035000000,-0.0025326666,-0.5840497496,falla_engranaje,0.8000000000
5.3040000000,-0.0024012375,-0.5818537565,falla_engranaje,0.8000000000
5.3045000000,-0.0023910676,-0.6014398119,falla_engranaje,0.8000000000
5.3050000000,-0.0024216918,-0.5775554424,falla_engranaje,0.8000000000
5.3055000000,-0.0024735141,-0.5885907199,falla_engranaje,0.8000000000
5.3060000000,-0.0025210115,-0.5976057981,falla_engranaje,0.8000000000
5.3065000000,-0.0025157445,-0.5907158070,falla_engranaje,0.8000000000
5.3070000000,-0.0025809996,-0.5939062922,falla_engranaje,0.8000000000
5.3075000000,-0.0025679031,-0.5900776413,falla_engranaje,0.8000000000
5.3080000000,-0.0025174921,-0.6026257452,falla_engranaje,0.8000000000
5.3085000000,-0.0024447034,-0.5979908757,falla_engranaje,0.8000000000
5.3090000000,-0.0025145834,-0.6040918981,falla_engranaje,0.8000000000
5.3095000000,-0.0025934784,-0.5916928542,falla_engranaje,0.8000000000
5.3100000000,-0.0025263187,-0.5948795413,falla_engranaje,0.8000000000
5.3105000000,-0.0026029549,-0.5953114245,falla_engranaje,0.8000000000
5.3110000000,-0.0025904478,-0.6105984459,falla_engranaje,0.8000000000
5.3115000000,-0.0024551350,-0.6163669675,falla_engranaje,0.8000000000
5.3120000000,-0.0025185975,-0.6012492333,falla_engranaje,0.8000000000
5.3125000000,-0.0024936837,-0.5950644341,falla_engranaje,0.8000000000
5.3130000000,-0.0025301477,-0.5885142876,falla_engranaje,0.8000000000
5.3135000000,-0.0025191540,-0.5838069501,falla_engranaje,0.8000000000
5.3140000000,-0.0027027509,-0.5844550704,falla_engranaje,0.8000000000
5.3145000000,-0.0027099565,-0.5914508618,falla_engranaje,0.8000000000
5.3150000000,-0.0026595434,-0.6142365030,falla_engranaje,0.8000000000
5.3155000000,-0.0026311506,-0.6091599897,falla_engranaje,0.8000000000
5.3160000000,-0.0025755842,-0.5943964855,falla_engranaje,0.8000000000
5.3165000000,-0.0025471034,-0.6027810143,falla_engranaje,0.8000000000
5.3170000000,-0.0026248056,-0.5878163797,falla_engranaje,0.8000000000
5.3175000000,-0.0025968955,-0.6140272533,falla_engranaje,0.8000000000
5.3180000000,-0.0025742639,-0.6005008065,falla_engranaje,0.8000000000
5.3185000000,-0.0025821526,-0.6015777968,falla_engranaje,0.8000000000
5.3190000000,-0.0026786172,-0.6096661059,falla_engranaje,0.8000000000
5.3195000000,-0.0027269258,-0.6051409089,falla_engranaje,0.8000000000
5.3200000000,-0.0027965333,-0.5979736372,falla_engranaje,0.8000000000
5.3205000000,-0.0027188559,-0.5987651071,falla_engranaje,0.8000000000
5.3210000000,-0.0026661254,-0.6082989110,falla_engranaje,0.8000000000
5.3215000000,-0.0027134141,-0.6048429233,falla_engranaje,0.8000000000
5.3220000000,-0.0026120364,-0.6102359915,falla_engranaje,0.8000000000
5.3225000000,-0.0026799545,-0.6125841450,falla_engranaje,0.8000000000
5.3230000000,-0.0028172488,-0.6102781043,falla_engranaje,0.8000000000
5.3235000000,-0.0027146172,-0.6051658727,falla_engranaje,0.8000000000
5.3240000000,-0.0027419551,-0.6255411343,falla_engranaje,0.8000000000
5.3245000000,-0.0025829973,-0.6044137294,falla_engranaje,0.8000000000
5.3250000000,-0.0027110622,-0.6099095413,falla_engranaje,0.8000000000
5.3255000000,-0.0027485005,-0.6141042257,falla_engranaje,0.8000000000
5.3260000000,-0.0026773110,-0.6005180475,falla_engranaje,0.8000000000
5.3265000000,-0.0027448054,-0.5973453409,falla_engranaje,0.8000000000
5.3270000000,-0.0027791888,-0.6038041456,falla_engranaje,0.8000000000
5.3275000000,-0.0026545868,-0.5959244492,falla_engranaje,0.8000000000
5.3280000000,-0.0027155966,-0.6407078891,falla_engranaje,0.8000000000
5.3285000000,-0.0027839814,-0.6000580750,falla_engranaje,0.8000000000
5.3290000000,-0.0028361819,-0.6175964092,falla_engranaje,0.8000000000
5.3295000000,-0.0025732710,-0.6366140213,falla_engranaje,0.8000000000
5.3300000000,-0.0028009570,-0.6239839647,falla_engranaje,0.8000000000
5.3305000000,-0.0027643996,-0.6058186485,falla_engranaje,0.8000000000
5.3310000000,-0.0028126373,-0.6118788162,falla_engranaje,0.8000000000
5.3315000000,-0.0027426376,-0.6226511074,falla_engranaje,0.8000000000
5.3320000000,-0.0027509300,-0.6415607649,falla_engranaje,0.8000000000
5.3325000000,-0.0028349879,-0.6140356045,falla_engranaje,0.8000000000
5.3330000000,-0.0026153488,-0.6096802379,falla_engranaje,0.8000000000
5.3335000000,-0.0028459520,-0.6163105547,falla_engranaje,0.8000000000
5.3340000000,-0.0028830380,-0.6239833948,falla_engranaje,0.8000000000
5.3345000000,-0.0028237713,-0.6491166935,falla_engranaje,0.8000000000
5.3350000000,-0.0027903787,-0.6118265136,falla_engranaje,0.8000000000
5.3355000000,-0.0027452094,-0.6377313573,falla_engranaje,0.8000000000
5.3360000000,-0.0028654471,-0.6245316961,falla_engranaje,0.8000000000
5.3365000000,-0.0028131631,-0.6220264138,falla_engranaje,0.8000000000
5.3370000000,-0.0028699468,-0.6182136318,falla_engranaje,0.8000000000
5.3375000000,-0.0027500371,-0.6317847821,falla_engranaje,0.8000000000
5.3380000000,-0.0028099193,-0.6286072952,falla_engranaje,0.8000000000
5.3385000000,-0.0026968723,-0.6213295372,falla_engranaje,0.8000000000
5.3390000000,-0.0029096827,-0.6258826496,falla_engranaje,0.8000000000
5.3395000000,-0.0029278258,-0.6232990583,falla_engranaje,0.8000000000
5.3400000000,-0.0028040941,-0.6420468459,falla_engranaje,0.8000000000
5.3405000000,-0.0029131865,-0.6201877109,falla_engranaje,0.8000000000
5.3410000000,-0.0028864045,-0.6255786449,falla_engranaje,0.8000000000
5.3415000000,-0.0030119556,-0.6407682721,falla_engranaje,0.8000000000
5.3420000000,-0.0028430128,-0.6187944878,falla_engranaje,0.8000000000
5.3425000000,-0.0028683910,-0.6268473412,falla_engranaje,0.8000000000
5.3430000000,-0.0029391675,-0.6347753246,falla_engranaje,0.8000000000
5.3435000000,-0.0029159591,-0.6474377344,falla_engranaje,0.8000000000
5.3440000000,-0.0030018852,-0.6381802113,falla_engranaje,0.8000000000
5.3445000000,-0.0029685859,-0.6391404126,falla_engranaje,0.8000000000
5.3450000000,-0.0030292744,-0.6370889762,falla_engranaje,0.8000000000
5.3455000000,-0.0028345494,-0.6379243619,falla_engranaje,0.8000000000
5.3460000000,-0.0028644417,-0.6132729446,falla_engranaje,0.8000000000
5.3465000000,-0.0029376119,-0.6158596271,falla_engranaje,0.8000000000
5.3470000000,-0.0029688106,-0.6472243264,falla_engranaje,0.8000000000
5.3475000000,-0.0030406527,-0.6386737534,falla_engranaje,0.8000000000
5.3480000000,-0.0029942233,-0.6364619006,falla_engranaje,0.8000000000
5.3485000000,-0.0028813496,-0.6447392167,falla_engranaje,0.8000000000
5.3490000000,-0.0029195098,-0.6171935144,falla_engranaje,0.8000000000
5.3495000000,-0.0029209582,-0.6071117889,falla_engranaje,0.8000000000
5.3500000000,-0.0029751025,-0.6286695996,falla_engranaje,0.8000000000
5.3505000000,-0.0030016485,-0.6486451588,falla_engranaje,0.8000000000
5.3510000000,-0.0029288868,-0.6496906842,falla_engranaje,0.8000000000
5.3515000000,-0.0028629247,-0.6318054460,falla_engranaje,0.8000000000
5.3520000000,-0.0029761735,-0.6215649070,falla_engranaje,0.8000000000
5.3525000000,-0.0029310585,-0.6500952859,falla_engranaje,0.8000000000
5.3530000000,-0.0029453886,-0.6324986840,falla_engranaje,0.8000000000
5.3535000000,-0.0031157386,-0.6435435892,falla_engranaje,0.8000000000
5.3540000000,-0.0030124472,-0.6343658716,falla_engranaje,0.8000000000
5.3545000000,-0.0029908132,-0.6477004605,falla_engranaje,0.8000000000
5.3550000000,-0.0030754940,-0.6320889531,falla_engranaje,0.8000000000
5.3555000000,-0.0030461234,-0.6390288503,falla_engranaje,0.8000000000
5.3560000000,-0.0029957358,-0.6283420921,falla_engranaje,0.8000000000
5.3565000000,-0.0030343486,-0.6274505171,falla_engranaje,0.8000000000
5.3570000000,-0.0030353968,-0.6376862862,falla_engranaje,0.8000000000
5.3575000000,-0.0029490603,-0.6320574840,falla_engranaje,0.8000000000
5.3580000000,-0.0030919129,-0.6511814263,falla_engranaje,0.8000000000
5.3585000000,-0.0031062122,-0.6411480195,falla_engranaje,0.8000000000
5.3590000000,-0.0031488080,-0.6342694669,falla_engranaje,0.8000000000
5.3595000000,-0.0031362870,-0.6362566824,falla_engranaje,0.8000000000
5.3600000000,-0.0030935833,-0.6567970779,falla_engranaje,0.8000000000
5.3605000000,-0.0030216537,-0.6260432082,falla_engranaje,0.8000000000
5.3610000000,-0.0028292676,-0.6397190853,falla_engranaje,0.8000000000
5.3615000000,-0.0029518898,-0.6437501129,falla_engranaje,0.8000000000
5.3620000000,-0.0030829473,-0.6457506565,falla_engranaje,0.8000000000
5.3625000000,-0.0030853311,-0.6400732968,falla_engranaje,0.8000000000
5.3630000000,-0.0031215468,-0.6345885364,falla_engranaje,0.8000000000
5.3635000000,-0.0030506122,-0.6269686862,falla_engranaje,0.8000000000
5.3640000000,-0.0030257012,-0.6633941150,falla_engranaje,0.8000000000
5.3645000000,-0.0030501905,-0.6381069924,falla_engranaje,0.8000000000
5.3650000000,-0.0031026573,-0.6400653137,falla_engranaje,0.8000000000
5.3655000000,-0.0030640353,-0.6599694785,falla_engranaje,0.8000000000
5.3660000000,-0.0031507822,-0.6415496331,falla_engranaje,0.8000000000
5.3665000000,-0.0031040483,-0.6395519954,falla_engranaje,0.8000000000
5.3670000000,-0.0032309666,-0.6436873609,falla_engranaje,0.8000000000
5.3675000000,-0.0031233496,-0.6418963151,falla_engranaje,0.8000000000
5.3680000000,-0.0031533813,-0.6537449188,falla_engranaje,0.8000000000
5.3685000000,-0.0031517984,-0.6414445237,falla_engranaje,0.8000000000
5.3690000000,-0.0031521125,-0.6481602347,falla_engranaje,0.8000000000
5.3695000000,-0.0032175897,-0.6630853472,falla_engranaje,0.8000000000
5.3700000000,-0.0031172419,-0.6471727779,falla_engranaje,0.8000000000
5.3705000000,-0.0031694377,-0.6411274725,falla_engranaje,0.8000000000
5.3710000000,-0.0031025932,-0.6373948532,falla_engranaje,0.8000000000
5.3715000000,-0.0031371989,-0.6561129750,falla_engranaje,0.8000000000
5.3720000000,-0.0031817762,-0.6402838565,falla_engranaje,0.8000000000
5.3725000000,-0.0031155003,-0.6486379671,falla_engranaje,0.8000000000
5.3730000000,-0.0031519622,-0.6522444008,falla_engranaje,0.8000000000
5.3735000000,-0.0031561340,-0.6485384572,falla_engranaje,0.8000000000
5.3740000000,-0.0030158886,-0.6476483571,falla_engranaje,0.8000000000
5.3745000000,-0.0031344769,-0.6424922715,falla_engranaje,0.8000000000
5.3750000000,-0.0031568279,-0.6569708263,falla_engranaje,0.8000000000
5.3755000000,-0.0031424939,-0.6595821150,falla_engranaje,0.8000000000
5.3760000000,-0.0032082739,-0.6278962811,falla_engranaje,0.8000000000
5.3765000000,-0.0031719282,-0.6605273635,falla_engranaje,0.8000000000
5.3770000000,-0.0031610509,-0.6400900822,falla_engranaje,0.8000000000
5.3775000000,-0.0032567955,-0.6425515916,falla_engranaje,0.8000000000
5.3780000000,-0.0032737157,-0.6634187785,falla_engranaje,0.8000000000
5.3785000000,-0.0031542370,-0.6457232940,falla_engranaje,0.8000000000
5.3790000000,-0.0033138225,-0.6427027557,falla_engranaje,0.8000000000
5.3795000000,-0.0032151650,-0.6561845387,falla_engranaje,0.8000000000
5.3800000000,-0.0031831325,-0.6334608222,falla_engranaje,0.8000000000
5.3805000000,-0.0031733744,-0.6550212187,falla_engranaje,0.8000000000
5.3810000000,-0.0032158246,-0.6639606410,falla_engranaje,0.8000000000
5.3815000000,-0.0031517954,-0.6466850376,falla_engranaje,0.8000000000
5.3820000000,-0.0032000422,-0.6606658500,falla_engranaje,0.8000000000
5.3825000000,-0.0032163336,-0.6625035302,falla_engranaje,0.8000000000
5.3830000000,-0.0030713419,-0.6517936908,falla_engranaje,0.8000000000
5.3835000000,-0.0031843618,-0.6483857507,falla_engranaje,0.8000000000
5.3840000000,-0.0032514057,-0.6483254310,falla_engranaje,0.8000000000
5.3845000000,-0.0031479795,-0.6430874785,falla_engranaje,0.8000000000
5.3850000000,-0.0032921830,-0.6576735619,falla_engranaje,0.8000000000
5.3855000000,-0.0031857664,-0.6521307803,falla_engranaje,0.8000000000
5.3860000000,-0.0031857258,-0.6704254183,falla_engranaje,0.8000000000
5.3865000000,-0.0032369748,-0.6636985311,falla_engranaje,0.8000000000
5.3870000000,-0.0032720252,-0.6539635828,falla_engranaje,0.8000000000
5.3875000000,-0.0033098029,-0.6448223390,falla_engranaje,0.8000000000
5.3880000000,-0.0032743124,-0.6618237328,falla_engranaje,0.8000000000
5.3885000000,-0.0031504791,-0.6510625969,falla_engranaje,0.8000000000
5.3890000000,-0.0032272849,-0.6444808706,falla_engranaje,0.8000000000
5.3895000000,-0.0033013438,-0.6651791225,falla_engranaje,0.8000000000
5.3900000000,-0.0030860759,-0.6634552659,falla_engranaje,0.8000000000
5.3905000000,-0.0032702745,-0.6401971672,falla_engranaje,0.8000000000
5.3910000000,-0.0031185973,-0.6637783468,falla_engranaje,0.8000000000
5.3915000000,-0.0032744774,-0.6515401544,falla_engranaje,0.8000000000
5.3920000000,-0.0032456860,-0.6526346345,falla_engranaje,0.8000000000
5.3925000000,-0.0031803466,-0.6553130926,falla_engranaje,0.8000000000
5.3930000000,-0.0033097736,-0.6548450697,falla_engranaje,0.8000000000
5.3935000000,-0.0032669242,-0.6349222265,falla_engranaje,0.8000000000
5.3940000000,-0.0032189084,-0.6700377199,falla_engranaje,0.8000000000
5.3945000000,-0.0031994094,-0.6461623752,falla_engranaje,0.8000000000
5.3950000000,-0.0032192183,-0.6353891813,falla_engranaje,0.8000000000
5.3955000000,-0.0032465495,-0.6526462073,falla_engranaje,0.8000000000
5.3960000000,-0.0032825246,-0.6641745028,falla_engranaje,0.8000000000
5.3965000000,-0.0032364958,-0.6549886098,falla_engranaje,0.8000000000
5.3970000000,-0.0032181603,-0.6535970642,falla_engranaje,0.8000000000
5.3975000000,-0.0031797020,-0.6553684813,falla_engranaje,0.8000000000
5.3980000000,-0.0032388885,-0.6624153795,falla_engranaje,0.8000000000
5.3985000000,-0.0032783696,-0.6472081973,falla_engranaje,0.8000000000
5.3990000000,-0.0033636305,-0.6695832060,falla_engranaje,0.8000000000
5.3995000000,-0.0031072846,-0.6407752448,falla_engranaje,0.8000000000
5.4000000000,-0.0033968455,-0.6477609745,falla_engranaje,0.8000000000
5.4005000000,-0.0032207534,-0.6535585887,falla_engranaje,0.8000000000
5.4010000000,-0.0033466598,-0.6561010118,falla_engranaje,0.8000000000
5.4015000000,-0.0032518293,-0.6647346161,falla_engranaje,0.8000000000
5.4020000000,-0.0032040176,-0.6452248759,falla_engranaje,0.8000000000
5.4025000000,-0.0032998022,-0.6514198135,falla_engranaje,0.8000000000
5.4030000000,-0.0032395260,-0.6488683999,falla_engranaje,0.8000000000
5.4035000000,-0.0032036621,-0.6729072253,falla_engranaje,0.8000000000
5.4040000000,-0.0032828951,-0.6544268689,falla_engranaje,0.8000000000
5.4045000000,-0.0032355466,-0.6646328541,falla_engranaje,0.8000000000
5.4050000000,-0.0032545599,-0.6251955617,falla_engranaje,0.8000000000
5.4055000000,-0.0031921222,-0.6610024328,falla_engranaje,0.8000000000
5.4060000000,-0.0033070411,-0.6625120796,falla_engranaje,0.8000000000
5.4065000000,-0.0032512275,-0.6442778481,falla_engranaje,0.8000000000
5.4070000000,-0.0032656959,-0.6628870720,falla_engranaje,0.8000000000
5.4075000000,-0.0033300693,-0.6452601566,falla_engranaje,0.8000000000
5.4080000000,-0.0032519299,-0.6504094718,falla_engranaje,0.8000000000
5.4085000000,-0.0033759853,-0.6585260724,falla_engranaje,0.8000000000
5.4090000000,-0.0032044678,-0.6533872568,falla_engranaje,0.8000000000
5.4095000000,-0.0031674046,-0.6584896985,falla_engranaje,0.8000000000
5.4100000000,-0.0032487363,-0.6553262315,falla_engranaje,0.8000000000
5.4105000000,-0.0032185990,-0.6370236487,falla_engranaje,0.8000000000
5.4110000000,-0.0031912414,-0.6336131071,falla_engranaje,0.8000000000
5.4115000000,-0.0033122933,-0.6430510565,falla_engranaje,0.8000000000
5.4120000000,-0.0032487476,-0.6575438660,falla_engranaje,0.8000000000
5.4125000000,-0.0033893782,-0.6612623180,falla_engranaje,0.8000000000
5.4130000000,-0.0031920243,-0.6396080390,falla_engranaje,0.8000000000
5.4135000000,-0.0032697088,-0.6676007761,falla_engranaje,0.8000000000
5.4140000000,-0.0034276465,-0.6615580408,falla_engranaje,0.8000000000
5.4145000000,-0.0033444109,-0.6295204100,falla_engranaje,0.8000000000
5.4150000000,-0.0033059827,-0.6526208191,falla_engranaje,0.8000000000
5.4155000000,-0.0032334600,-0.6362478803,falla_engranaje,0.8000000000
5.4160000000,-0.0032235454,-0.6449219044,falla_engranaje,0.8000000000
5.4165000000,-0.0033515986,-0.6534840437,falla_engranaje,0.8000000000
5.4170000000,-0.0033054390,-0.6523329634,falla_engranaje,0.8000000000
5.4175000000,-0.0032857566,-0.6516854825,falla_engranaje,0.8000000000
5.4180000000,-0.0031913695,-0.6496651308,falla_engranaje,0.8000000000
5.4185000000,-0.0032712906,-0.6456410982,falla_engranaje,0.8000000000
5.4190000000,-0.0032240084,-0.6555559338,falla_engranaje,0.8000000000
5.4195000000,-0.0032959654,-0.6604824423,falla_engranaje,0.8000000000
5.4200000000,-0.0033176828,-0.6464869309,falla_engranaje,0.8000000000
5.4205000000,-0.0032879129,-0.6520814799,falla_engranaje,0.8000000000
5.4210000000,-0.0033809383,-0.6487420008,falla_engranaje,0.8000000000
5.4215000000,-0.0032034051,-0.6642956755,falla_engranaje,0.8000000000
5.4220000000,-0.0032488335,-0.6843345991,falla_engranaje,0.8000000000
5.4225000000,-0.0033189569,-0.6654209428,falla_engranaje,0.8000000000
5.4230000000,-0.0033352068,-0.6542517079,falla_engranaje,0.8000000000
5.4235000000,-0.0033270604,-0.6318211534,falla_engranaje,0.8000000000
5.4240000000,-0.0033022530,-0.6365011771,falla_engranaje,0.8000000000
5.4245000000,-0.0032765083,-0.6615659575,falla_engranaje,0.8000000000
5.4250000000,-0.0032629996,-0.6612171218,falla_engranaje,0.8000000000
5.4255000000,-0.0033276895,-0.6632849567,falla_engranaje,0.8000000000
5.4260000000,-0.0032701324,-0.6455185612,falla_engranaje,0.8000000000
5.4265000000,-0.0032296334,-0.6389115243,falla_engranaje,0.8000000000
5.4270000000,-0.0033859086,-0.6442155950,falla_engranaje,0.8000000000
5.4275000000,-0.0031646301,-0.6510994679,falla_engranaje,0.8000000000
5.4280000000,-0.0032941147,-0.6785735231,falla_engranaje,0.8000000000
5.4285000000,-0.0033073539,-0.6470308298,falla_engranaje,0.8000000000
5.4290000000,-0.0032088582,-0.6332589166,falla_engranaje,0.8000000000
5.4295000000,-0.0032125446,-0.6345686817,falla_engranaje,0.8000000000
5.4300000000,-0.0031777492,-0.6630681322,falla_engranaje,0.8000000000
5.4305000000,-0.0032910590,-0.6763234436,falla_engranaje,0.8000000000
5.4310000000,-0.0032427191,-0.6491293011,falla_engranaje,0.8000000000
5.4315000000,-0.0032372490,-0.6308854386,falla_engranaje,0.8000000000
5.4320000000,-0.0032186567,-0.6476363449,falla_engranaje,0.8000000000
5.4325000000,-0.0032138718,-0.6446305701,falla_engranaje,0.8000000000
5.4330000000,-0.0032689460,-0.6529343655,falla_engranaje,0.8000000000
5.4335000000,-0.0032823938,-0.6600837570,falla_engranaje,0.8000000000
5.4340000000,-0.0032381300,-0.6373565928,falla_engranaje,0.8000000000
5.4345000000,-0.0032972637,-0.6417118049,falla_engranaje,0.8000000000
5.4350000000,-0.0032651325,-0.6224834127,falla_engranaje,0.8000000000
5.4355000000,-0.0032851395,-0.6563365587,falla_engranaje,0.8000000000
5.4360000000,-0.0031804937,-0.6377625706,falla_engranaje,0.8000000000
5.4365000000,-0.0032073774,-0.6623740968,falla_engranaje,0.8000000000
5.4370000000,-0.0031706788,-0.6382492126,falla_engranaje,0.8000000000
5.4375000000,-0.0031837941,-0.6443059503,falla_engranaje,0.8000000000
5.4380000000,-0.0032304163,-0.6540793681,falla_engranaje,0.8000000000
5.4385000000,-0.0031937759,-0.6463284173,falla_engranaje,0.8000000000
5.4390000000,-0.0032354830,-0.6483919395,falla_engranaje,0.8000000000
5.4395000000,-0.0032369804,-0.6525813373,falla_engranaje,0.8000000000
5.4400000000,-0.0032870690,-0.6557936158,falla_engranaje,0.8000000000
5.4405000000,-0.0032951401,-0.6290802220,falla_engranaje,0.8000000000
5.4410000000,-0.0031743978,-0.6355019128,falla_engranaje,0.8000000000
5.4415000000,-0.0032282021,-0.6433313320,falla_engranaje,0.8000000000
5.4420000000,-0.0031484900,-0.6486249467,falla_engranaje,0.8000000000
5.4425000000,-0.0032513227,-0.6451861524,falla_engranaje,0.8000000000
5.4430000000,-0.0032353382,-0.6454687002,falla_engranaje,0.8000000000
5.4435000000,-0.0031903131,-0.6355170288,falla_engranaje,0.8000000000
5.4440000000,-0.0031722021,-0.6453178817,falla_engranaje,0.8000000000
5.4445000000,-0.0031905709,-0.6495577015,falla_engranaje,0.8000000000
5.4450000000,-0.0031779955,-0.6507385137,falla_engranaje,0.8000000000
5.4455000000,-0.0031950453,-0.6410771453,falla_engranaje,0.8000000000
5.4460000000,-0.0032526922,-0.6261198175,falla_engranaje,0.8000000000
5.4465000000,-0.0031053489,-0.6401180057,falla_engranaje,0.8000000000
5.4470000000,-0.0031612743,-0.6474793680,falla_engranaje,0.8000000000
5.4475000000,-0.0031059722,-0.6303844566,falla_engranaje,0.8000000000
5.4480000000,-0.0032911789,-0.6407587082,falla_engranaje,0.8000000000
5.4485000000,-0.0030472909,-0.6535315480,falla_engranaje,0.8000000000
5.4490000000,-0.0030550901,-0.6232729407,falla_engranaje,0.8000000000
5.4495000000,-0.0032306239,-0.6412373871,falla_engranaje,0.8000000000
5.4500000000,-0.0032237191,-0.6401911453,falla_engranaje,0.8000000000
5.4505000000,-0.0031984272,-0.6258408880,falla_engranaje,0.8000000000
5.4510000000,-0.0031365948,-0.6409343319,falla_engranaje,0.8000000000
5.4515000000,-0.0030919246,-0.6254592326,falla_engranaje,0.8000000000
5.4520000000,-0.0031541502,-0.6493795796,falla_engranaje,0.8000000000
5.4525000000,-0.0030837542,-0.6396249596,falla_engranaje,0.8000000000
5.4530000000,-0.0031801955,-0.6349310546,falla_engranaje,0.8000000000
5.4535000000,-0.0030976920,-0.6395739457,falla_engranaje,0.8000000000
5.4540000000,-0.0032013433,-0.6435306415,falla_engranaje,0.8000000000
5.4545000000,-0.0032368690,-0.6231733757,falla_engranaje,0.8000000000
5.4550000000,-0.0030903542,-0.6356657109,falla_engranaje,0.8000000000
5.4555000000,-0.0031252413,-0.6394755832,falla_engranaje,0.8000000000
5.4560000000,-0.0031198018,-0.6386952022,falla_engranaje,0.8000000000
5.4565000000,-0.0030693988,-0.6370042775,falla_engranaje,0.8000000000
5.4570000000,-0.0030634108,-0.6530836046,falla_engranaje,0.8000000000
5.4575000000,-0.0030936125,-0.6258016059,falla_engranaje,0.8000000000
5.4580000000,-0.0031627714,-0.6147948821,falla_engranaje,0.8000000000
5.4585000000,-0.0031555628,-0.6378502145,falla_engranaje,0.8000000000
5.4590000000,-0.0030775023,-0.6566149817,falla_engranaje,0.8000000000
5.4595000000,-0.0031091482,-0.6375097434,falla_engranaje,0.8000000000
5.4600000000,-0.0031228338,-0.6567314369,falla_engranaje,0.8000000000
5.4605000000,-0.0030778866,-0.6225854764,falla_engranaje,0.8000000000
5.4610000000,-0.0029722749,-0.6306032969,falla_engranaje,0.8000000000
5.4615000000,-0.0030949745,-0.6394632410,falla_engranaje,0.8000000000
5.4620000000,-0.0031920091,-0.6131895772,falla_engranaje,0.8000000000
5.4625000000,-0.0031917807,-0.6258157029,falla_engranaje,0.8000000000
5.4630000000,-0.0029931598,-0.6353029365,falla_engranaje,0.8000000000
5.4635000000,-0.0030566410,-0.6353414054,falla_engranaje,0.8000000000
5.4640000000,-0.0031547142,-0.6232614647,falla_engranaje,0.8000000000
5.4645000000,-0.0030793652,-0.6117259963,falla_engranaje,0.8000000000
5.4650000000,-0.0030169878,-0.6319885980,falla_engranaje,0.8000000000
5.4655000000,-0.0031210010,-0.6220438846,falla_engranaje,0.8000000000
5.4660000000,-0.0031479230,-0.6399118538,falla_engranaje,0.8000000000
5.4665000000,-0.0029960861,-0.6114364780,falla_engranaje,0.8000000000
5.4670000000,-0.0031656490,-0.6096387692,falla_engranaje,0.8000000000
5.4675000000,-0.0029487083,-0.6217802990,falla_engranaje,0.8000000000
5.4680000000,-0.0031039477,-0.6372851619,falla_engranaje,0.8000000000
5.4685000000,-0.0031073577,-0.6225824910,falla_engranaje,0.8000000000
5.4690000000,-0.0031196762,-0.6273841366,falla_engranaje,0.8000000000
5.4695000000,-0.0030474745,-0.6385461331,falla_engranaje,0.8000000000
5.4700000000,-0.0031249797,-0.6321407876,falla_engranaje,0.8000000000
5.4705000000,-0.0030639640,-0.6253101867,falla_engranaje,0.8000000000
5.4710000000,-0.0031130447,-0.6348399192,falla_engranaje,0.8000000000
5.4715000000,-0.0029833902,-0.6334375632,falla_engranaje,0.8000000000
5.4720000000,-0.0030590260,-0.6292994736,falla_engranaje,0.8000000000
5.4725000000,-0.0031146231,-0.6191801980,falla_engranaje,0.8000000000
5.4730000000,-0.0029576488,-0.6046816983,falla_engranaje,0.8000000000
5.4735000000,-0.0031133572,-0.6425439036,falla_engranaje,0.8000000000
5.4740000000,-0.0030477758,-0.6259804471,falla_engranaje,0.8000000000
5.4745000000,-0.0030857400,-0.6058752084,falla_engranaje,0.8000000000
5.4750000000,-0.0030703846,-0.6100680435,falla_engranaje,0.8000000000
5.4755000000,-0.0029927277,-0.6215704656,falla_engranaje,0.8000000000
5.4760000000,-0.0028775752,-0.6078738194,falla_engranaje,0.8000000000
5.4765000000,-0.0030072215,-0.6174611596,falla_engranaje,0.8000000000
5.4770000000,-0.0030547820,-0.6178941562,falla_engranaje,0.8000000000
5.4775000000,-0.0029484564,-0.6156793975,falla_engranaje,0.8000000000
5.4780000000,-0.0029968507,-0.6157619572,falla_engranaje,0.8000000000
5.4785000000,-0.0029302816,-0.6157192700,falla_engranaje,0.8000000000
5.4790000000,-0.0029772288,-0.6236788327,falla_engranaje,0.8000000000
5.4795000000,-0.0030664353,-0.6405088831,falla_engranaje,0.8000000000
5.4800000000,-0.0028491532,-0.6031380835,falla_engranaje,0.8000000000
5.4805000000,-0.0028878457,-0.6183362071,falla_engranaje,0.8000000000
5.4810000000,-0.0029968215,-0.6233322069,falla_engranaje,0.8000000000
5.4815000000,-0.0028742668,-0.6058756247,falla_engranaje,0.8000000000
5.4820000000,-0.0027769574,-0.6329019525,falla_engranaje,0.8000000000
5.4825000000,-0.0028906133,-0.6227361187,falla_engranaje,0.8000000000
5.4830000000,-0.0029629520,-0.6112218763,falla_engranaje,0.8000000000
5.4835000000,-0.0028190528,-0.5978639501,falla_engranaje,0.8000000000
5.4840000000,-0.0029180187,-0.6104142098,falla_engranaje,0.8000000000
5.4845000000,-0.0029168058,-0.6003503888,falla_engranaje,0.8000000000
5.4850000000,-0.0029050945,-0.6137150510,falla_engranaje,0.8000000000
5.4855000000,-0.0028601853,-0.5981654447,falla_engranaje,0.8000000000
5.4860000000,-0.0029998102,-0.6167185999,falla_engranaje,0.8000000000
5.4865000000,-0.0028747652,-0.6179675887,falla_engranaje,0.8000000000
5.4870000000,-0.0028415769,-0.6195585784,falla_engranaje,0.8000000000
5.4875000000,-0.0029462376,-0.6096399398,falla_engranaje,0.8000000000
5.4880000000,-0.0028630837,-0.6062371751,falla_engranaje,0.8000000000
5.4885000000,-0.0028578220,-0.6033824154,falla_engranaje,0.8000000000
5.4890000000,-0.0027643041,-0.6086963546,falla_engranaje,0.8000000000
5.4895000000,-0.0028644331,-0.6096321750,falla_engranaje,0.8000000000
5.4900000000,-0.0029461109,-0.6107014952,falla_engranaje,0.8000000000
5.4905000000,-0.0029044816,-0.5957644637,falla_engranaje,0.8000000000
5.4910000000,-0.0029517248,-0.5995708248,falla_engranaje,0.8000000000
5.4915000000,-0.0028286878,-0.6070994036,falla_engranaje,0.8000000000
5.4920000000,-0.0028484814,-0.5940520258,falla_engranaje,0.8000000000
5.4925000000,-0.0028598032,-0.6121158661,falla_engranaje,0.8000000000
5.4930000000,-0.0028433633,-0.5970777138,falla_engranaje,0.8000000000
5.4935000000,-0.0027505695,-0.5938917812,falla_engranaje,0.8000000000
5.4940000000,-0.0028555182,-0.5873379689,falla_engranaje,0.8000000000
5.4945000000,-0.0027853043,-0.5875832203,falla_engranaje,0.8000000000
5.4950000000,-0.0029602701,-0.5944038481,falla_engranaje,0.8000000000
5.4955000000,-0.0027702148,-0.5981075518,falla_engranaje,0.8000000000
5.4960000000,-0.0028596059,-0.6065754401,falla_engranaje,0.8000000000
5.4965000000,-0.0027080460,-0.6141958412,falla_engranaje,0.8000000000
5.4970000000,-0.0027378814,-0.6133562733,falla_engranaje,0.8000000000
5.4975000000,-0.0028349564,-0.5995548594,falla_engranaje,0.8000000000
5.4980000000,-0.0027911542,-0.5955092243,falla_engranaje,0.8000000000
5.4985000000,-0.0026726662,-0.6139387952,falla_engranaje,0.8000000000
5.4990000000,-0.0027800546,-0.5894252092,falla_engranaje,0.8000000000
5.4995000000,-0.0027095099,-0.6035990953,falla_engranaje,0.8000000000
5.5000000000,-0.0028698659,-0.6046140851,falla_engranaje,0.8000000000
5.5005000000,-0.0027225560,-0.6052018039,falla_engranaje,0.8000000000
5.5010000000,-0.0028071450,-0.5973463902,falla_engranaje,0.8000000000
5.5015000000,-0.0027714936,-0.6054121358,falla_engranaje,0.8000000000
5.5020000000,-0.0026883624,-0.5789632742,falla_engranaje,0.8000000000
5.5025000000,-0.0026679458,-0.5960222877,falla_engranaje,0.8000000000
5.5030000000,-0.0028082408,-0.5974890818,falla_engranaje,0.8000000000
5.5035000000,-0.0027479273,-0.5931015742,falla_engranaje,0.8000000000
5.5040000000,-0.0027586892,-0.6011878921,falla_engranaje,0.8000000000
5.5045000000,-0.0027228524,-0.6036846869,falla_engranaje,0.8000000000
5.5050000000,-0.0027965313,-0.5775257797,falla_engranaje,0.8000000000
5.5055000000,-0.0027321214,-0.5863188802,falla_engranaje,0.8000000000
5.5060000000,-0.0026603806,-0.5848110906,falla_engranaje,0.8000000000
5.5065000000,-0.0025999251,-0.5901280807,falla_engranaje,0.8000000000
5.5070000000,-0.0026457154,-0.5881980281,falla_engranaje,0.8000000000
5.5075000000,-0.0026397317,-0.5725066212,falla_engranaje,0.8000000000
5.5080000000,-0.0027130769,-0.5664185169,falla_engranaje,0.8000000000
5.5085000000,-0.0026510398,-0.5705152817,falla_engranaje,0.8000000000
5.5090000000,-0.0026655164,-0.5826743004,falla_engranaje,0.8000000000
5.5095000000,-0.0025087670,-0.5659543236,falla_engranaje,0.8000000000
5.5100000000,-0.0026247966,-0.5896789651,falla_engranaje,0.8000000000
5.5105000000,-0.0027045377,-0.5736876894,falla_engranaje,0.8000000000
5.5110000000,-0.0025306610,-0.5947258293,falla_engranaje,0.8000000000
5.5115000000,-0.0026824259,-0.5917903403,falla_engranaje,0.8000000000
5.5120000000,-0.0025636551,-0.5707626358,falla_engranaje,0.8000000000
5.5125000000,-0.0026189636,-0.5952289047,falla_engranaje,0.8000000000
5.5130000000,-0.0027086765,-0.5918180634,falla_engranaje,0.8000000000
5.5135000000,-0.0025394592,-0.5727422754,falla_engranaje,0.8000000000
5.5140000000,-0.0025607045,-0.5614315525,falla_engranaje,0.8000000000
5.5145000000,-0.0027501808,-0.5726686834,falla_engranaje,0.8000000000
5.5150000000,-0.0025542439,-0.5543173076,falla_engranaje,0.8000000000
5.5155000000,-0.0026290078,-0.5759466513,falla_engranaje,0.8000000000
5.5160000000,-0.0025174976,-0.5722530354,falla_engranaje,0.8000000000
5.5165000000,-0.0026710443,-0.5793005818,falla_engranaje,0.8000000000
5.5170000000,-0.0026412639,-0.5642284170,falla_engranaje,0.8000000000
5.5175000000,-0.0025054986,-0.5692323636,falla_engranaje,0.8000000000
5.5180000000,-0.0025882864,-0.5677961696,falla_engranaje,0.8000000000
5.5185000000,-0.0025234852,-0.5526341667,falla_engranaje,0.8000000000
5.5190000000,-0.0025688057,-0.5725129692,falla_engranaje,0.8000000000
5.5195000000,-0.0025682063,-0.5794258477,falla_engranaje,0.8000000000
5.5200000000,-0.0025063120,-0.5621244617,falla_engranaje,0.8000000000
5.5205000000,-0.0024857585,-0.5736289425,falla_engranaje,0.8000000000
5.5210000000,-0.0024597572,-0.5737715243,falla_engranaje,0.8000000000
5.5215000000,-0.0024745496,-0.5648781310,falla_engranaje,0.8000000000
5.5220000000,-0.0025228299,-0.5668018316,falla_engranaje,0.8000000000
5.5225000000,-0.0024558661,-0.5642306565,falla_engranaje,0.8000000000
5.5230000000,-0.0024825144,-0.5779171810,falla_engranaje,0.8000000000
5.5235000000,-0.0024871049,-0.5692477307,falla_engranaje,0.8000000000
5.5240000000,-0.0024743725,-0.5649722956,falla_engranaje,0.8000000000
5.5245000000,-0.0025269189,-0.5673914783,falla_engranaje,0.8000000000
5.5250000000,-0.0025376303,-0.5645488587,falla_engranaje,0.8000000000
5.5255000000,-0.0024754554,-0.5479170575,falla_engranaje,0.8000000000
5.5260000000,-0.0025065981,-0.5560162309,falla_engranaje,0.8000000000
5.5265000000,-0.0024901701,-0.5704837085,falla_engranaje,0.8000000000
5.5270000000,-0.0024078080,-0.5386076802,falla_engranaje,0.8000000000
5.5275000000,-0.0024415212,-0.5652947733,falla_engranaje,0.8000000000
5.5280000000,-0.0025598995,-0.5473669667,falla_engranaje,0.8000000000
5.5285000000,-0.0023454710,-0.5646655183,falla_engranaje,0.8000000000
5.5290000000,-0.0024077843,-0.5701797529,falla_engranaje,0.8000000000
5.5295000000,-0.0024955113,-0.5513509602,falla_engranaje,0.8000000000
5.5300000000,-0.0024509572,-0.5452438751,falla_engranaje,0.8000000000
5.5305000000,-0.0025885633,-0.5536535111,falla_engranaje,0.8000000000
5.5310000000,-0.0024313561,-0.5579182762,falla_engranaje,0.8000000000
5.5315000000,-0.0024377360,-0.5746190895,falla_engranaje,0.8000000000
5.5320000000,-0.0024617942,-0.5585118500,falla_engranaje,0.8000000000
5.5325000000,-0.0022936889,-0.5494607844,falla_engranaje,0.8000000000
5.5330000000,-0.0022954896,-0.5480294308,falla_engranaje,0.8000000000
5.5335000000,-0.0022720824,-0.5625310850,falla_engranaje,0.8000000000
5.5340000000,-0.0024678436,-0.5733144344,falla_engranaje,0.8000000000
5.5345000000,-0.0022722119,-0.5472454403,falla_engranaje,0.8000000000
5.5350000000,-0.0022763215,-0.5428827355,falla_engranaje,0.8000000000
5.5355000000,-0.0023304811,-0.5466754088,falla_engranaje,0.8000000000
5.5360000000,-0.0024191165,-0.5508400592,falla_engranaje,0.8000000000
5.5365000000,-0.0024552534,-0.5511989999,falla_engranaje,0.8000000000
5.5370000000,-0.0023484800,-0.5655096349,falla_engranaje,0.8000000000
5.5375000000,-0.0024245478,-0.5425996132,falla_engranaje,0.8000000000
5.5380000000,-0.0023742908,-0.5452433068,falla_engranaje,0.8000000000
5.5385000000,-0.0022863732,-0.5550474735,falla_engranaje,0.8000000000
5.5390000000,-0.0022986317,-0.5525365935,falla_engranaje,0.8000000000
5.5395000000,-0.0024449305,-0.5462460985,falla_engranaje,0.8000000000
5.5400000000,-0.0022575311,-0.5486810135,falla_engranaje,0.8000000000
5.5405000000,-0.0023119328,-0.5308589245,falla_engranaje,0.8000000000
5.5410000000,-0.0022981521,-0.5267355339,falla_engranaje,0.8000000000
5.5415000000,-0.0023354556,-0.5456008746,falla_engranaje,0.8000000000
5.5420000000,-0.0022638546,-0.5415193067,falla_engranaje,0.8000000000
5.5425000000,-0.0022202800,-0.5466376933,falla_engranaje,0.8000000000
5.5430000000,-0.0022681129,-0.5433296239,falla_engranaje,0.8000000000
5.5435000000,-0.0023095260,-0.5178261683,falla_engranaje,0.8000000000
5.5440000000,-0.0020561883,-0.5317375159,falla_engranaje,0.8000000000
5.5445000000,-0.0022166117,-0.5420408102,falla_engranaje,0.8000000000
5.5450000000,-0.0022922482,-0.5385430710,falla_engranaje,0.8000000000
5.5455000000,-0.0021334204,-0.5242642984,falla_engranaje,0.8000000000
5.5460000000,-0.0023661534,-0.5115020219,falla_engranaje,0.8000000000
5.5465000000,-0.0022815240,-0.5365678233,falla_engranaje,0.8000000000
5.5470000000,-0.0022302859,-0.5305479144,falla_engranaje,0.8000000000
5.5475000000,-0.0021191413,-0.5348288209,falla_engranaje,0.8000000000
5.5480000000,-0.0021015441,-0.5125497771,falla_engranaje,0.8000000000
5.5485000000,-0.0021359031,-0.5476247402,falla_engranaje,0.8000000000
5.5490000000,-0.0022147644,-0.5339803566,falla_engranaje,0.8000000000
5.5495000000,-0.0022297018,-0.5236847608,falla_engranaje,0.8000000000
5.5500000000,-0.0022491218,-0.5184926508,falla_engranaje,0.8000000000
5.5505000000,-0.0022829574,-0.5282194483,falla_engranaje,0.8000000000
5.5510000000,-0.0021770327,-0.5249670553,falla_engranaje,0.8000000000
5.5515000000,-0.0021797296,-0.5181928835,falla_engranaje,0.8000000000
5.5520000000,-0.0020780914,-0.5300453307,falla_engranaje,0.8000000000
5.5525000000,-0.0022086764,-0.5391392100,falla_engranaje,0.8000000000
5.5530000000,-0.0021068465,-0.5339086996,falla_engranaje,0.8000000000
5.5535000000,-0.0021549140,-0.5238452142,falla_engranaje,0.8000000000
5.5540000000,-0.0021194513,-0.5239610283,falla_engranaje,0.8000000000
5.5545000000,-0.0021878191,-0.5054061788,falla_engranaje,0.8000000000
5.5550000000,-0.0019106090,-0.4916049343,falla_engranaje,0.8000000000
5.5555000000,-0.0021937530,-0.5310624047,falla_engranaje,0.8000000000
5.5560000000,-0.0020256696,-0.5068070643,falla_engranaje,0.8000000000
5.5565000000,-0.0021665413,-0.5339318541,falla_engranaje,0.8000000000
5.5570000000,-0.0019821398,-0.5251904770,falla_engranaje,0.8000000000
5.5575000000,-0.0021298145,-0.5274835670,falla_engranaje,0.8000000000
5.5580000000,-0.0020383482,-0.4827504155,falla_engranaje,0.8000000000
5.5585000000,-0.0020627707,-0.5030890176,falla_engranaje,0.8000000000
5.5590000000,-0.0020838703,-0.5181317986,falla_engranaje,0.8000000000
5.5595000000,-0.0020147730,-0.5322248591,falla_engranaje,0.8000000000
5.5600000000,-0.0020623066,-0.5209139779,falla_engranaje,0.8000000000
5.5605000000,-0.0019998395,-0.5202790011,falla_engranaje,0.8000000000
5.5610000000,-0.0019469357,-0.5159540924,falla_engranaje,0.8000000000
5.5615000000,-0.0020188606,-0.5205312616,falla_engranaje,0.8000000000
5.5620000000,-0.0020078384,-0.5070143444,falla_engranaje,0.8000000000
5.5625000000,-0.0019692915,-0.4899719835,falla_engranaje,0.8000000000
5.5630000000,-0.0020866004,-0.5267950559,falla_engranaje,0.8000000000
5.5635000000,-0.0018525571,-0.4998427135,falla_engranaje,0.8000000000
5.5640000000,-0.0019423183,-0.5087341961,falla_engranaje,0.8000000000
5.5645000000,-0.0019519409,-0.5267999882,falla_engranaje,0.8000000000
5.5650000000,-0.0018776636,-0.4986338265,falla_engranaje,0.8000000000
5.5655000000,-0.0020700556,-0.5024142292,falla_engranaje,0.8000000000
5.5660000000,-0.0020556732,-0.5147629313,falla_engranaje,0.8000000000
5.5665000000,-0.0019418711,-0.5052252260,falla_engranaje,0.8000000000
5.5670000000,-0.0020228585,-0.5050240713,falla_engranaje,0.8000000000
5.5675000000,-0.0020775663,-0.5089722810,falla_engranaje,0.8000000000
5.5680000000,-0.0020543610,-0.4943366005,falla_engranaje,0.8000000000
5.5685000000,-0.0020008764,-0.5225980220,falla_engranaje,0.8000000000
5.5690000000,-0.0019396585,-0.5120829823,falla_engranaje,0.8000000000
5.5695000000,-0.0020133549,-0.5035048372,falla_engranaje,0.8000000000
5.5700000000,-0.0018571514,-0.4884269286,falla_engranaje,0.8000000000
5.5705000000,-0.0019765539,-0.4947183882,falla_engranaje,0.8000000000
5.5710000000,-0.0018599641,-0.5042765024,falla_engranaje,0.8000000000
5.5715000000,-0.0019633355,-0.5066179751,falla_engranaje,0.8000000000
5.5720000000,-0.0018495644,-0.5056955810,falla_engranaje,0.8000000000
5.5725000000,-0.0018522583,-0.4967447249,falla_engranaje,0.8000000000
5.5730000000,-0.0020240882,-0.5109603214,falla_engranaje,0.8000000000
5.5735000000,-0.0019069999,-0.4983299152,falla_engranaje,0.8000000000
5.5740000000,-0.0017875868,-0.4759450473,falla_engranaje,0.8000000000
5.5745000000,-0.0019123358,-0.4970078297,falla_engranaje,0.8000000000
5.5750000000,-0.0018227392,-0.4877534775,falla_engranaje,0.8000000000
5.5755000000,-0.0019092377,-0.5054199320,falla_engranaje,0.8000000000
5.5760000000,-0.0018597561,-0.4934491677,falla_engranaje,0.8000000000
5.5765000000,-0.0018803665,-0.4876592332,falla_engranaje,0.8000000000
5.5770000000,-0.0018406727,-0.4852672760,falla_engranaje,0.8000000000
5.5775000000,-0.0017775020,-0.5021481842,falla_engranaje,0.8000000000
5.5780000000,-0.0020248832,-0.4951041495,falla_engranaje,0.8000000000
5.5785000000,-0.0018841572,-0.4970584373,falla_engranaje,0.8000000000
5.5790000000,-0.0018725671,-0.4779678324,falla_engranaje,0.8000000000
5.5795000000,-0.0017211405,-0.4916420632,falla_engranaje,0.8000000000
5.5800000000,-0.0019594822,-0.4891190446,falla_engranaje,0.8000000000
5.5805000000,-0.0019534648,-0.5007368262,falla_engranaje,0.8000000000
5.5810000000,-0.0018450155,-0.4831198749,falla_engranaje,0.8000000000
5.5815000000,-0.0019154408,-0.4755925859,falla_engranaje,0.8000000000
5.5820000000,-0.0017405575,-0.4909410160,falla_engranaje,0.8000000000
5.5825000000,-0.0019374987,-0.4948175007,falla_engranaje,0.8000000000
5.5830000000,-0.0017141530,-0.4829766468,falla_engranaje,0.8000000000
5.5835000000,-0.0017676380,-0.4788359344,falla_engranaje,0.8000000000
5.5840000000,-0.0017637085,-0.4876035078,falla_engranaje,0.8000000000
5.5845000000,-0.0016880970,-0.4956945212,falla_engranaje,0.8000000000
5.5850000000,-0.0018165131,-0.4630462900,falla_engranaje,0.8000000000
5.5855000000,-0.0017474955,-0.4876029038,falla_engranaje,0.8000000000
5.5860000000,-0.0017919362,-0.4654191198,falla_engranaje,0.8000000000
5.5865000000,-0.0017752307,-0.4896623870,falla_engranaje,0.8000000000
5.5870000000,-0.0017596240,-0.4861837009,falla_engranaje,0.8000000000
5.5875000000,-0.0017711900,-0.4798379574,falla_engranaje,0.8000000000
5.5880000000,-0.0016152908,-0.4797798401,falla_engranaje,0.8000000000
5.5885000000,-0.0018587175,-0.4689475069,falla_engranaje,0.8000000000
5.5890000000,-0.0016992233,-0.4788096340,falla_engranaje,0.8000000000
5.5895000000,-0.0016949507,-0.4745674342,falla_engranaje,0.8000000000
5.5900000000,-0.0017666966,-0.4855311113,falla_engranaje,0.8000000000
5.5905000000,-0.0016491302,-0.4757104693,falla_engranaje,0.8000000000
5.5910000000,-0.0018769455,-0.4816764895,falla_engranaje,0.8000000000
5.5915000000,-0.0016950829,-0.4619442100,falla_engranaje,0.8000000000
5.5920000000,-0.0015776702,-0.4601721228,falla_engranaje,0.8000000000
5.5925000000,-0.0016952351,-0.4714572545,falla_engranaje,0.8000000000
5.5930000000,-0.0016342917,-0.4791037280,falla_engranaje,0.8000000000
5.5935000000,-0.0016743036,-0.4379149279,falla_engranaje,0.8000000000
5.5940000000,-0.0017482548,-0.4808316664,falla_engranaje,0.8000000000
5.5945000000,-0.0016199122,-0.4805202595,falla_engranaje,0.8000000000
5.5950000000,-0.0017177121,-0.4804051923,falla_engranaje,0.8000000000
5.5955000000,-0.0017899811,-0.4848732627,falla_engranaje,0.8000000000
5.5960000000,-0.0016847321,-0.4657932212,falla_engranaje,0.8000000000
5.5965000000,-0.0016686287,-0.4533791753,falla_engranaje,0.8000000000
5.5970000000,-0.0016221065,-0.4694678004,falla_engranaje,0.8000000000
5.5975000000,-0.0015914637,-0.4729266960,falla_engranaje,0.8000000000
5.5980000000,-0.0017052918,-0.4645888802,falla_engranaje,0.8000000000
5.5985000000,-0.0016167113,-0.4764335180,falla_engranaje,0.8000000000
5.5990000000,-0.0016372982,-0.4567289357,falla_engranaje,0.8000000000
5.5995000000,-0.0016229641,-0.4696750296,falla_engranaje,0.8000000000
5.6000000000,-0.0015920257,-0.4605161062,falla_engranaje,0.8000000000
5.6005000000,-0.0016183171,-0.4604059168,falla_engranaje,0.8000000000
5.6010000000,-0.0016223793,-0.4756047430,falla_engranaje,0.8000000000
5.6015000000,-0.0017066015,-0.4794477093,falla_engranaje,0.8000000000
5.6020000000,-0.0015511486,-0.4555175899,falla_engranaje,0.8000000000
5.6025000000,-0.0014937130,-0.4386816618,falla_engranaje,0.8000000000
5.6030000000,-0.0015617867,-0.4635112177,falla_engranaje,0.8000000000
5.6035000000,-0.0016123096,-0.4594182214,falla_engranaje,0.8000000000
5.6040000000,-0.0016136491,-0.4621952753,falla_engranaje,0.8000000000
5.6045000000,-0.0017295268,-0.4573974938,falla_engranaje,0.8000000000
5.6050000000,-0.0015597791,-0.4485519359,falla_engranaje,0.8000000000
5.6055000000,-0.0016598033,-0.4442666339,falla_engranaje,0.8000000000
5.6060000000,-0.0014950550,-0.4320652649,falla_engranaje,0.8000000000
5.6065000000,-0.0015125625,-0.4511788303,falla_engranaje,0.8000000000
5.6070000000,-0.0015489430,-0.4617950442,falla_engranaje,0.8000000000
5.6075000000,-0.0016200514,-0.4451111742,falla_engranaje,0.8000000000
5.6080000000,-0.0015671252,-0.4510447348,falla_engranaje,0.8000000000
5.6085000000,-0.0015323942,-0.4490889189,falla_engranaje,0.8000000000
5.6090000000,-0.0014916018,-0.4593099521,falla_engranaje,0.8000000000
5.6095000000,-0.0015107418,-0.4470619425,falla_engranaje,0.8000000000
5.6100000000,-0.0015152157,-0.4589225687,falla_engranaje,0.8000000000
5.6105000000,-0.0015556357,-0.4426615745,falla_engranaje,0.8000000000
5.6110000000,-0.0016465543,-0.4473028424,falla_engranaje,0.8000000000
5.6115000000,-0.0015204628,-0.4535235667,falla_engranaje,0.8000000000
5.6120000000,-0.0016382757,-0.4495052618,falla_engranaje,0.8000000000
5.6125000000,-0.0014504666,-0.4565959521,falla_engranaje,0.8000000000
5.6130000000,-0.0013954553,-0.4255241997,falla_engranaje,0.8000000000
5.6135000000,-0.0015944239,-0.4442512329,falla_engranaje,0.8000000000
5.6140000000,-0.0014834421,-0.4442547997,falla_engranaje,0.8000000000
5.6145000000,-0.0014402421,-0.4594428973,falla_engranaje,0.8000000000
5.6150000000,-0.0015283391,-0.4437508974,falla_engranaje,0.8000000000
5.6155000000,-0.0014183518,-0.4416319235,falla_engranaje,0.8000000000
5.6160000000,-0.0015788781,-0.4579257799,falla_engranaje,0.8000000000
5.6165000000,-0.0013681431,-0.4321346531,falla_engranaje,0.8000000000
5.6170000000,-0.0014991715,-0.4499257836,falla_engranaje,0.8000000000
5.6175000000,-0.0015754309,-0.4515499692,falla_engranaje,0.8000000000
5.6180000000,-0.0014454794,-0.4583677921,falla_engranaje,0.8000000000
5.6185000000,-0.0014320451,-0.4313289313,falla_engranaje,0.8000000000
5.6190000000,-0.0015023809,-0.4494676625,falla_engranaje,0.8000000000
5.6195000000,-0.0014299110,-0.4384122437,falla_engranaje,0.8000000000
5.6200000000,-0.0014338391,-0.4361314387,falla_engranaje,0.8000000000
5.6205000000,-0.0013902488,-0.4287593391,falla_engranaje,0.8000000000
5.6210000000,-0.0013390652,-0.4191285041,falla_engranaje,0.8000000000
5.6215000000,-0.0014609432,-0.4313955587,falla_engranaje,0.8000000000
5.6220000000,-0.0014645075,-0.4425775691,falla_engranaje,0.8000000000
5.6225000000,-0.0014713192,-0.4311713725,falla_engranaje,0.8000000000
5.6230000000,-0.0013485104,-0.4207257525,falla_engranaje,0.8000000000
5.6235000000,-0.0013600285,-0.4407885263,falla_engranaje,0.8000000000
5.6240000000,-0.0014371094,-0.4299770967,falla_engranaje,0.8000000000
5.6245000000,-0.0014259109,-0.4147713315,falla_engranaje,0.8000000000
5.6250000000,-0.0012714212,-0.4482578359,falla_engranaje,0.8000000000
5.6255000000,-0.0015102195,-0.4187373247,falla_engranaje,0.8000000000
5.6260000000,-0.0014055764,-0.4125166435,falla_engranaje,0.8000000000
5.6265000000,-0.0013709393,-0.4395330456,falla_engranaje,0.8000000000
5.6270000000,-0.0013215116,-0.4289611605,falla_engranaje,0.8000000000
5.6275000000,-0.0013972707,-0.4446518088,falla_engranaje,0.8000000000
5.6280000000,-0.0014312573,-0.4308258870,falla_engranaje,0.8000000000
5.6285000000,-0.0013595657,-0.4409963869,falla_engranaje,0.8000000000
5.6290000000,-0.0014165720,-0.4209832170,falla_engranaje,0.8000000000
5.6295000000,-0.0012555670,-0.4193613132,falla_engranaje,0.8000000000
5.6300000000,-0.0014444987,-0.4200149108,falla_engranaje,0.8000000000
5.6305000000,-0.0013452666,-0.4268521391,falla_engranaje,0.8000000000
5.6310000000,-0.0013634014,-0.4266996092,falla_engranaje,0.8000000000
5.6315000000,-0.0014306138,-0.4255375388,falla_engranaje,0.8000000000
5.6320000000,-0.0013473205,-0.4276179558,falla_engranaje,0.8000000000
5.6325000000,-0.0012959866,-0.4374263022,falla_engranaje,0.8000000000
5.6330000000,-0.0012891478,-0.4230088174,falla_engranaje,0.8000000000
5.6335000000,-0.0013789151,-0.4399464991,falla_engranaje,0.8000000000
5.6340000000,-0.0013190103,-0.4134321407,falla_engranaje,0.8000000000
5.6345000000,-0.0012831861,-0.4351118096,falla_engranaje,0.8000000000
5.6350000000,-0.0013421753,-0.4364005386,falla_engranaje,0.8000000000
5.6355000000,-0.0013977175,-0.4313108487,falla_engranaje,0.8000000000
5.6360000000,-0.0014146329,-0.4172697508,falla_engranaje,0.8000000000
5.6365000000,-0.0014790714,-0.4028597820,falla_engranaje,0.8000000000
5.6370000000,-0.0012973225,-0.4140534534,falla_engranaje,0.8000000000
5.6375000000,-0.0013351196,-0.4388833531,falla_engranaje,0.8000000000
5.6380000000,-0.0013171554,-0.4103900465,falla_engranaje,0.8000000000
5.6385000000,-0.0012079486,-0.4263200904,falla_engranaje,0.8000000000
5.6390000000,-0.0013071700,-0.4122905900,falla_engranaje,0.8000000000
5.6395000000,-0.0012997916,-0.4163238578,falla_engranaje,0.8000000000
5.6400000000,-0.0012782127,-0.4212098907,falla_engranaje,0.8000000000
5.6405000000,-0.0013649322,-0.4200199002,falla_engranaje,0.8000000000
5.6410000000,-0.0012596603,-0.4162212345,falla_engranaje,0.8000000000
5.6415000000,-0.0011856075,-0.4162935488,falla_engranaje,0.8000000000
5.6420000000,-0.0013031325,-0.4132362026,falla_engranaje,0.8000000000
5.6425000000,-0.0012971961,-0.4082090486,falla_engranaje,0.8000000000
5.6430000000,-0.0013158218,-0.4185989664,falla_engranaje,0.8000000000
5.6435000000,-0.0012877768,-0.4125620958,falla_engranaje,0.8000000000
5.6440000000,-0.0012843730,-0.4069763611,falla_engranaje,0.8000000000
5.6445000000,-0.0012610475,-0.3992247574,falla_engranaje,0.8000000000
5.6450000000,-0.0012681494,-0.4089444490,falla_engranaje,0.8000000000
5.6455000000,-0.0012062436,-0.3843558911,falla_engranaje,0.8000000000
5.6460000000,-0.0011860704,-0.4090938638,falla_engranaje,0.8000000000
5.6465000000,-0.0012961744,-0.4056616832,falla_engranaje,0.8000000000
5.6470000000,-0.0012840558,-0.4135642336,falla_engranaje,0.8000000000
5.6475000000,-0.0012466126,-0.4133248301,falla_engranaje,0.8000000000
5.6480000000,-0.0011185045,-0.3994064133,falla_engranaje,0.8000000000
5.6485000000,-0.0013378195,-0.4179709022,falla_engranaje,0.8000000000
5.6490000000,-0.0013209211,-0.4041768766,falla_engranaje,0.8000000000
5.6495000000,-0.0012615540,-0.4296019039,falla_engranaje,0.8000000000
5.6500000000,-0.0011013650,-0.4165340740,falla_engranaje,0.8000000000
5.6505000000,-0.0012388494,-0.4061149797,falla_engranaje,0.8000000000
5.6510000000,-0.0012502668,-0.4282382723,falla_engranaje,0.8000000000
5.6515000000,-0.0012600488,-0.3994305292,falla_engranaje,0.8000000000
5.6520000000,-0.0012824680,-0.4035897534,falla_engranaje,0.8000000000
5.6525000000,-0.0012135035,-0.4070040627,falla_engranaje,0.8000000000
5.6530000000,-0.0011819153,-0.4038515943,falla_engranaje,0.8000000000
5.6535000000,-0.0011733792,-0.3995775674,falla_engranaje,0.8000000000
5.6540000000,-0.0012169631,-0.3952907080,falla_engranaje,0.8000000000
5.6545000000,-0.0011893578,-0.3879221423,falla_engranaje,0.8000000000
5.6550000000,-0.0012244588,-0.4078814946,falla_engranaje,0.8000000000
5.6555000000,-0.0012648214,-0.4020562670,falla_engranaje,0.8000000000
5.6560000000,-0.0012675808,-0.3915506633,falla_engranaje,0.8000000000
5.6565000000,-0.0012249218,-0.3883540020,falla_engranaje,0.8000000000
5.6570000000,-0.0012931690,-0.3922105480,falla_engranaje,0.8000000000
5.6575000000,-0.0011887964,-0.3832584081,falla_engranaje,0.8000000000
5.6580000000,-0.0012250422,-0.4120186105,falla_engranaje,0.8000000000
5.6585000000,-0.0011562992,-0.3951055753,falla_engranaje,0.8000000000
5.6590000000,-0.0012562711,-0.4081661543,falla_engranaje,0.8000000000
5.6595000000,-0.0012543845,-0.3952978202,falla_engranaje,0.8000000000
5.6600000000,-0.0012732159,-0.3960548671,falla_engranaje,0.8000000000
5.6605000000,-0.0011966807,-0.3902679630,falla_engranaje,0.8000000000
5.6610000000,-0.0012498455,-0.3937394793,falla_engranaje,0.8000000000
5.6615000000,-0.0012262490,-0.4052056699,falla_engranaje,0.8000000000
5.6620000000,-0.0012174611,-0.3963078838,falla_engranaje,0.8000000000
5.6625000000,-0.0012481857,-0.4056544519,falla_engranaje,0.8000000000
5.6630000000,-0.0012333608,-0.3929127858,falla_engranaje,0.8000000000
5.6635000000,-0.0011948417,-0.3869333940,falla_engranaje,0.8000000000
5.6640000000,-0.0012560135,-0.3903566296,falla_engranaje,0.8000000000
5.6645000000,-0.0011528048,-0.3978444888,falla_engranaje,0.8000000000
5.6650000000,-0.0010707845,-0.3976400672,falla_engranaje,0.8000000000
5.6655000000,-0.0010928885,-0.3913590695,falla_engranaje,0.8000000000
5.6660000000,-0.0011169704,-0.4049160231,falla_engranaje,0.8000000000
5.6665000000,-0.0012293766,-0.3863565857,falla_engranaje,0.8000000000
5.6670000000,-0.0011676021,-0.3973254152,falla_engranaje,0.8000000000
5.6675000000,-0.0011988995,-0.4041399568,falla_engranaje,0.8000000000
5.6680000000,-0.0010441374,-0.3946486936,falla_engranaje,0.8000000000
5.6685000000,-0.0011876766,-0.3928048361,falla_engranaje,0.8000000000
5.6690000000,-0.0011906690,-0.3928402210,falla_engranaje,0.8000000000
5.6695000000,-0.0011163919,-0.3787485228,falla_engranaje,0.8000000000
5.6700000000,-0.0011437415,-0.3731092661,falla_engranaje,0.8000000000
5.6705000000,-0.0011470924,-0.3878228229,falla_engranaje,0.8000000000
5.6710000000,-0.0010642029,-0.3887075282,falla_engranaje,0.8000000000
5.6715000000,-0.0011860611,-0.3885866796,falla_engranaje,0.8000000000
5.6720000000,-0.0012238779,-0.3780617980,falla_engranaje,0.8000000000
5.6725000000,-0.0010876925,-0.3936253548,falla_engranaje,0.8000000000
5.6730000000,-0.0012077099,-0.3797894433,falla_engranaje,0.8000000000
5.6735000000,-0.0011704805,-0.3849662153,falla_engranaje,0.8000000000
5.6740000000,-0.0012414558,-0.3842213964,falla_engranaje,0.8000000000
5.6745000000,-0.0011707315,-0.3965080199,falla_engranaje,0.8000000000
5.6750000000,-0.0011428363,-0.3761918178,falla_engranaje,0.8000000000
5.6755000000,-0.0011615817,-0.4050343317,falla_engranaje,0.8000000000
5.6760000000,-0.0011599405,-0.3908952968,falla_engranaje,0.8000000000
5.6765000000,-0.0011209975,-0.3858423540,falla_engranaje,0.8000000000
5.6770000000,-0.0010757162,-0.3753782731,falla_engranaje,0.8000000000
5.6775000000,-0.0010649577,-0.3866402279,falla_engranaje,0.8000000000
5.6780000000,-0.0011143680,-0.3697162122,falla_engranaje,0.8000000000
5.6785000000,-0.0011505803,-0.3737061325,falla_engranaje,0.8000000000
5.6790000000,-0.0011958481,-0.3720197197,falla_engranaje,0.8000000000
5.6795000000,-0.0010260105,-0.3761517490,falla_engranaje,0.8000000000
5.6800000000,-0.0011145616,-0.3854352062,falla_engranaje,0.8000000000
5.6805000000,-0.0011925544,-0.3667192203,falla_engranaje,0.8000000000
5.6810000000,-0.0010190804,-0.3820085380,falla_engranaje,0.8000000000
5.6815000000,-0.0010431037,-0.3739201696,falla_engranaje,0.8000000000
5.6820000000,-0.0011102237,-0.3763517818,falla_engranaje,0.8000000000
5.6825000000,-0.0013222045,-0.3797149107,falla_engranaje,0.8000000000
5.6830000000,-0.0011305753,-0.3689026439,falla_engranaje,0.8000000000
5.6835000000,-0.0011803544,-0.3773554324,falla_engranaje,0.8000000000
5.6840000000,-0.0011614114,-0.4064754147,falla_engranaje,0.8000000000
5.6845000000,-0.0012037587,-0.3679841469,falla_engranaje,0.8000000000
5.6850000000,-0.0011663652,-0.3763823359,falla_engranaje,0.8000000000
5.6855000000,-0.0011770868,-0.3876385030,falla_engranaje,0.8000000000
5.6860000000,-0.0011163504,-0.3773598229,falla_engranaje,0.8000000000
5.6865000000,-0.0010830890,-0.3851456393,falla_engranaje,0.8000000000
5.6870000000,-0.0011715414,-0.3851140907,falla_engranaje,0.8000000000
5.6875000000,-0.0011120467,-0.3947562929,falla_engranaje,0.8000000000
5.6880000000,-0.0010547661,-0.3715215183,falla_engranaje,0.8000000000
5.6885000000,-0.0010580922,-0.3647637206,falla_engranaje,0.8000000000
5.6890000000,-0.0011439389,-0.3797585635,falla_engranaje,0.8000000000
5.6895000000,-0.0011354159,-0.3669065539,falla_engranaje,0.8000000000
5.6900000000,-0.0010344138,-0.3830777708,falla_engranaje,0.8000000000
5.6905000000,-0.0010466423,-0.3752716936,falla_engranaje,0.8000000000
5.6910000000,-0.0011594092,-0.3754355608,falla_engranaje,0.8000000000
5.6915000000,-0.0009948975,-0.3691029152,falla_engranaje,0.8000000000
5.6920000000,-0.0011303137,-0.3742067744,falla_engranaje,0.8000000000
5.6925000000,-0.0011733877,-0.3621042490,falla_engranaje,0.8000000000
5.6930000000,-0.0011179394,-0.3645806388,falla_engranaje,0.8000000000
5.6935000000,-0.0011178125,-0.3595494425,falla_engranaje,0.8000000000
5.6940000000,-0.0010146087,-0.3739889213,falla_engranaje,0.8000000000
5.6945000000,-0.0011310632,-0.3739110859,falla_engranaje,0.8000000000
5.6950000000,-0.0011939289,-0.3754938079,falla_engranaje,0.8000000000
5.6955000000,-0.0010413493,-0.3803314266,falla_engranaje,0.8000000000
5.6960000000,-0.0010801561,-0.3664544667,falla_engranaje,0.8000000000
5.6965000000,-0.0010794568,-0.3571148621,falla_engranaje,0.8000000000
5.6970000000,-0.0010996858,-0.3785780325,falla_engranaje,0.8000000000
5.6975000000,-0.0010078440,-0.3704676911,falla_engranaje,0.8000000000
5.6980000000,-0.0012407818,-0.3768747705,falla_engranaje,0.8000000000
5.6985000000,-0.0010623476,-0.3712504922,falla_engranaje,0.8000000000
5.6990000000,-0.0011699474,-0.3694313305,falla_engranaje,0.8000000000
5.6995000000,-0.0011125936,-0.3676382431,falla_engranaje,0.8000000000
5.7000000000,-0.0010545341,-0.3636577887,falla_engranaje,0.8000000000
5.7005000000,-0.0011695680,-0.3698019506,falla_engranaje,0.8000000000
5.7010000000,-0.0011851101,-0.3877150277,falla_engranaje,0.8000000000
5.7015000000,-0.0010699347,-0.3594250868,falla_engranaje,0.8000000000
5.7020000000,-0.0011632177,-0.3611842475,falla_engranaje,0.8000000000
5.7025000000,-0.0011842187,-0.3720474342,falla_engranaje,0.8000000000
5.7030000000,-0.0011243135,-0.3682168629,falla_engranaje,0.8000000000
5.7035000000,-0.0010929847,-0.3549743860,falla_engranaje,0.8000000000
5.7040000000,-0.0011570954,-0.3676881627,falla_engranaje,0.8000000000
5.7045000000,-0.0011697676,-0.3720005888,falla_engranaje,0.8000000000
5.7050000000,-0.0010573771,-0.3602410992,falla_engranaje,0.8000000000
5.7055000000,-0.0010879170,-0.3784255400,falla_engranaje,0.8000000000
5.7060000000,-0.0011435901,-0.3580438021,falla_engranaje,0.8000000000
5.7065000000,-0.0011765752,-0.3668411798,falla_engranaje,0.8000000000
5.7070000000,-0.0010415060,-0.3625488681,falla_engranaje,0.8000000000
5.7075000000,-0.0010739684,-0.3847523652,falla_engranaje,0.8000000000
5.7080000000,-0.0011159636,-0.3685279103,falla_engranaje,0.8000000000
5.7085000000,-0.0010245825,-0.3683794960,falla_engranaje,0.8000000000
5.7090000000,-0.0010892008,-0.3559123698,falla_engranaje,0.8000000000
5.7095000000,-0.0011631927,-0.3580197797,falla_engranaje,0.8000000000
5.7100000000,-0.0010070343,-0.3660241582,falla_engranaje,0.8000000000
5.7105000000,-0.0010581804,-0.3540865629,falla_engranaje,0.8000000000
5.7110000000,-0.0010165667,-0.3518318243,falla_engranaje,0.8000000000
5.7115000000,-0.0010754932,-0.3623512233,falla_engranaje,0.8000000000
5.7120000000,-0.0012038548,-0.3621755339,falla_engranaje,0.8000000000
5.7125000000,-0.0010889093,-0.3569209973,falla_engranaje,0.8000000000
5.7130000000,-0.0011442576,-0.3630984260,falla_engranaje,0.8000000000
5.7135000000,-0.0011432631,-0.3565256253,falla_engranaje,0.8000000000
5.7140000000,-0.0011453221,-0.3667769653,falla_engranaje,0.8000000000
5.7145000000,-0.0011414669,-0.3673290927,falla_engranaje,0.8000000000
5.7150000000,-0.0011601913,-0.3687727137,falla_engranaje,0.8000000000
5.7155000000,-0.0010371592,-0.3513623114,falla_engranaje,0.8000000000
5.7160000000,-0.0010807197,-0.3573146128,falla_engranaje,0.8000000000
5.7165000000,-0.0010741280,-0.3611869161,falla_engranaje,0.8000000000
5.7170000000,-0.0011587876,-0.3545326926,falla_engranaje,0.8000000000
5.7175000000,-0.0011018814,-0.3497709656,falla_engranaje,0.8000000000
5.7180000000,-0.0011698496,-0.3499425992,falla_engranaje,0.8000000000
5.7185000000,-0.0011999647,-0.3555829462,falla_engranaje,0.8000000000
5.7190000000,-0.0010391395,-0.3695102982,falla_engranaje,0.8000000000
5.7195000000,-0.0010115650,-0.3723061656,falla_engranaje,0.8000000000
5.7200000000,-0.0010250697,-0.3630829667,falla_engranaje,0.8000000000
5.7205000000,-0.0011111905,-0.3459235378,falla_engranaje,0.8000000000
5.7210000000,-0.0011698761,-0.3434829982,falla_engranaje,0.8000000000
5.7215000000,-0.0011405388,-0.3594065260,falla_engranaje,0.8000000000
5.7220000000,-0.0012905705,-0.3559620113,falla_engranaje,0.8000000000
5.7225000000,-0.0010896456,-0.3382733406,falla_engranaje,0.8000000000
5.7230000000,-0.0011531348,-0.3639662998,falla_engranaje,0.8000000000
5.7235000000,-0.0011675524,-0.3456633286,falla_engranaje,0.8000000000
5.7240000000,-0.0012265436,-0.3520921305,falla_engranaje,0.8000000000
5.7245000000,-0.0011282541,-0.3402788934,falla_engranaje,0.8000000000
5.7250000000,-0.0011072674,-0.3563115392,falla_engranaje,0.8000000000
5.7255000000,-0.0011738219,-0.3533948757,falla_engranaje,0.8000000000
5.7260000000,-0.0010879803,-0.3317576670,falla_engranaje,0.8000000000
5.7265000000,-0.0012597098,-0.3510122661,falla_engranaje,0.8000000000
5.7270000000,-0.0012266273,-0.3528092050,falla_engranaje,0.8000000000
5.7275000000,-0.0011630397,-0.3372529154,falla_engranaje,0.8000000000
5.7280000000,-0.0012563660,-0.3454547343,falla_engranaje,0.8000000000
5.7285000000,-0.0012561438,-0.3274900019,falla_engranaje,0.8000000000
5.7290000000,-0.0011346016,-0.3481823856,falla_engranaje,0.8000000000
5.7295000000,-0.0011540734,-0.3475387611,falla_engranaje,0.8000000000
5.7300000000,-0.0012219922,-0.3538276223,falla_engranaje,0.8000000000
5.7305000000,-0.0012050718,-0.3517778605,falla_engranaje,0.8000000000
5.7310000000,-0.0010716345,-0.3583451448,falla_engranaje,0.8000000000
5.7315000000,-0.0010815343,-0.3437467475,falla_engranaje,0.8000000000
5.7320000000,-0.0012799058,-0.3640201435,falla_engranaje,0.8000000000
5.7325000000,-0.0012793456,-0.3330456165,falla_engranaje,0.8000000000
5.7330000000,-0.0012334875,-0.3487328772,falla_engranaje,0.8000000000
5.7335000000,-0.0013042899,-0.3471231152,falla_engranaje,0.8000000000
5.7340000000,-0.0012207400,-0.3593336025,falla_engranaje,0.8000000000
5.7345000000,-0.0012238763,-0.3461767203,falla_engranaje,0.8000000000
5.7350000000,-0.0012466957,-0.3489087051,falla_engranaje,0.8000000000
5.7355000000,-0.0012232440,-0.3428840892,falla_engranaje,0.8000000000
5.7360000000,-0.0012185044,-0.3506986407,falla_engranaje,0.8000000000
5.7365000000,-0.0011668152,-0.3378483645,falla_engranaje,0.8000000000
5.7370000000,-0.0011934019,-0.3391166160,falla_engranaje,0.8000000000
5.7375000000,-0.0011649482,-0.3675686700,falla_engranaje,0.8000000000
5.7380000000,-0.0011395337,-0.3444156302,falla_engranaje,0.8000000000
5.7385000000,-0.0010861605,-0.3539009585,falla_engranaje,0.8000000000
5.7390000000,-0.0011488023,-0.3540608743,falla_engranaje,0.8000000000
5.7395000000,-0.0012257778,-0.3640010926,falla_engranaje,0.8000000000
5.7400000000,-0.0012353380,-0.3376046303,falla_engranaje,0.8000000000
5.7405000000,-0.0010974558,-0.3269808218,falla_engranaje,0.8000000000
5.7410000000,-0.0012409306,-0.3353561377,falla_engranaje,0.8000000000
5.7415000000,-0.0011862806,-0.3367915589,falla_engranaje,0.8000000000
5.7420000000,-0.0012159993,-0.3593218340,falla_engranaje,0.8000000000
5.7425000000,-0.0011911623,-0.3454363289,falla_engranaje,0.8000000000
5.7430000000,-0.0012276975,-0.3233743619,falla_engranaje,0.8000000000
5.7435000000,-0.0012663429,-0.3244202283,falla_engranaje,0.8000000000
5.7440000000,-0.0012496180,-0.3579002892,falla_engranaje,0.8000000000
5.7445000000,-0.0012580789,-0.3413250580,falla_engranaje,0.8000000000
5.7450000000,-0.0010787997,-0.3434700494,falla_engranaje,0.8000000000
5.7455000000,-0.0012612896,-0.3394381214,falla_engranaje,0.8000000000
5.7460000000,-0.0012758296,-0.3514647454,falla_engranaje,0.8000000000
5.7465000000,-0.0011251733,-0.3319976895,falla_engranaje,0.8000000000
5.7470000000,-0.0012409772,-0.3591622412,falla_engranaje,0.8000000000
5.7475000000,-0.0012956869,-0.3354332736,falla_engranaje,0.8000000000
5.7480000000,-0.0011620410,-0.3441637953,falla_engranaje,0.8000000000
5.7485000000,-0.0012541509,-0.3253206798,falla_engranaje,0.8000000000
5.7490000000,-0.0013081255,-0.3423181995,falla_engranaje,0.8000000000
5.7495000000,-0.0012115243,-0.3321145119,falla_engranaje,0.8000000000
5.7500000000,-0.0011012897,-0.3533206315,falla_engranaje,0.8000000000
5.7505000000,-0.0012640749,-0.3352306285,falla_engranaje,0.8000000000
5.7510000000,-0.0010733031,-0.3324486484,falla_engranaje,0.8000000000
5.7515000000,-0.0011738687,-0.3352855490,falla_engranaje,0.8000000000
5.7520000000,-0.0012672438,-0.3400113799,falla_engranaje,0.8000000000
5.7525000000,-0.0012543866,-0.3461179286,falla_engranaje,0.8000000000
5.7530000000,-0.0010479153,-0.3263851591,falla_engranaje,0.8000000000
5.7535000000,-0.0013451380,-0.3385035768,falla_engranaje,0.8000000000
5.7540000000,-0.0013124614,-0.3602463787,falla_engranaje,0.8000000000
5.7545000000,-0.0013379853,-0.3218116839,falla_engranaje,0.8000000000
5.7550000000,-0.0012544329,-0.3505531348,falla_engranaje,0.8000000000
5.7555000000,-0.0012731731,-0.3620037726,falla_engranaje,0.8000000000
5.7560000000,-0.0011817464,-0.3450334403,falla_engranaje,0.8000000000
5.7565000000,-0.0012991993,-0.3592633911,falla_engranaje,0.8000000000
5.7570000000,-0.0012051821,-0.3385648525,falla_engranaje,0.8000000000
5.7575000000,-0.0013091621,-0.3311363454,falla_engranaje,0.8000000000
5.7580000000,-0.0012133271,-0.3345108288,falla_engranaje,0.8000000000
5.7585000000,-0.0013627807,-0.3576552205,falla_engranaje,0.8000000000
5.7590000000,-0.0012422928,-0.3315176805,falla_engranaje,0.8000000000
5.7595000000,-0.0012233567,-0.3322823673,falla_engranaje,0.8000000000
5.7600000000,-0.0012759793,-0.3349635174,falla_engranaje,0.8000000000
5.7605000000,-0.0012923452,-0.3305734370,falla_engranaje,0.8000000000
5.7610000000,-0.0012871899,-0.3301593219,falla_engranaje,0.8000000000
5.7615000000,-0.0012584852,-0.3202637251,falla_engranaje,0.8000000000
5.7620000000,-0.0012812409,-0.3387905926,falla_engranaje,0.8000000000
5.7625000000,-0.0012703999,-0.3094932863,falla_engranaje,0.8000000000
5.7630000000,-0.0012676107,-0.3299421555,falla_engranaje,0.8000000000
5.7635000000,-0.0012191391,-0.3203907163,falla_engranaje,0.8000000000
5.7640000000,-0.0012896664,-0.3370162242,falla_engranaje,0.8000000000
5.7645000000,-0.0013860118,-0.3174547407,falla_engranaje,0.8000000000
5.7650000000,-0.0011802746,-0.3282889150,falla_engranaje,0.8000000000
5.7655000000,-0.0013275629,-0.3432803820,falla_engranaje,0.8000000000
5.7660000000,-0.0012588857,-0.3274003900,falla_engranaje,0.8000000000
5.7665000000,-0.0013398786,-0.3328510962,falla_engranaje,0.8000000000
5.7670000000,-0.0012082223,-0.3341526464,falla_engranaje,0.8000000000
5.7675000000,-0.0012792740,-0.3404765164,falla_engranaje,0.8000000000
5.7680000000,-0.0012159303,-0.3185187811,falla_engranaje,0.8000000000
5.7685000000,-0.0012151029,-0.3305101587,falla_engranaje,0.8000000000
5.7690000000,-0.0013293896,-0.3453112372,falla_engranaje,0.8000000000
5.7695000000,-0.0012838114,-0.3324801023,falla_engranaje,0.8000000000
5.7700000000,-0.0013249687,-0.3228630430,falla_engranaje,0.8000000000
5.7705000000,-0.0014005834,-0.3279092131,falla_engranaje,0.8000000000
5.7710000000,-0.0013102370,-0.3275074428,falla_engranaje,0.8000000000
5.7715000000,-0.0014079121,-0.3234971119,falla_engranaje,0.8000000000
5.7720000000,-0.0012954206,-0.3350111648,falla_engranaje,0.8000000000
5.7725000000,-0.0012938007,-0.3187410233,falla_engranaje,0.8000000000
5.7730000000,-0.0014044060,-0.3519747315,falla_engranaje,0.8000000000
5.7735000000,-0.0012723883,-0.3292920326,falla_engranaje,0.8000000000
5.7740000000,-0.0013110610,-0.3158289067,falla_engranaje,0.8000000000
5.7745000000,-0.0015038070,-0.3365827478,falla_engranaje,0.8000000000
5.7750000000,-0.0013905655,-0.3356783478,falla_engranaje,0.8000000000
5.7755000000,-0.0012887456,-0.3253424269,falla_engranaje,0.8000000000
5.7760000000,-0.0012738433,-0.3193305501,falla_engranaje,0.8000000000
5.7765000000,-0.0013366983,-0.3237459300,falla_engranaje,0.8000000000
5.7770000000,-0.0012630729,-0.3231090263,falla_engranaje,0.8000000000
5.7775000000,-0.0012676799,-0.3257315288,falla_engranaje,0.8000000000
5.7780000000,-0.0013294429,-0.3377800987,falla_engranaje,0.8000000000
5.7785000000,-0.0013365259,-0.3308659366,falla_engranaje,0.8000000000
5.7790000000,-0.0012670347,-0.3160836259,falla_engranaje,0.8000000000
5.7795000000,-0.0012453546,-0.3082513647,falla_engranaje,0.8000000000
5.7800000000,-0.0013824829,-0.3130536852,falla_engranaje,0.8000000000
5.7805000000,-0.0013832729,-0.3129853097,falla_engranaje,0.8000000000
5.7810000000,-0.0012211927,-0.3318045612,falla_engranaje,0.8000000000
5.7815000000,-0.0014378846,-0.3168821758,falla_engranaje,0.8000000000
5.7820000000,-0.0013596680,-0.3399977366,falla_engranaje,0.8000000000
5.7825000000,-0.0013892526,-0.3087039076,falla_engranaje,0.8000000000
5.7830000000,-0.0013310009,-0.3140882970,falla_engranaje,0.8000000000
5.7835000000,-0.0013483684,-0.3168302489,falla_engranaje,0.8000000000
5.7840000000,-0.0012753012,-0.3057999632,falla_engranaje,0.8000000000
5.7845000000,-0.0013538570,-0.3278673041,falla_engranaje,0.8000000000
5.7850000000,-0.0012749726,-0.3238625644,falla_engranaje,0.8000000000
5.7855000000,-0.0013069095,-0.3055181283,falla_engranaje,0.8000000000
5.7860000000,-0.0012475216,-0.3264873948,falla_engranaje,0.8000000000
5.7865000000,-0.0013840936,-0.3286573112,falla_engranaje,0.8000000000
5.7870000000,-0.0014081698,-0.3192629157,falla_engranaje,0.8000000000
5.7875000000,-0.0014287497,-0.3240845064,falla_engranaje,0.8000000000
5.7880000000,-0.0012193734,-0.3275528351,falla_engranaje,0.8000000000
5.7885000000,-0.0013299082,-0.3065238035,falla_engranaje,0.8000000000
5.7890000000,-0.0014415003,-0.3253762024,falla_engranaje,0.8000000000
5.7895000000,-0.0012649093,-0.3286830431,falla_engranaje,0.8000000000
5.7900000000,-0.0014538882,-0.3310272306,falla_engranaje,0.8000000000
5.7905000000,-0.0014358896,-0.3228935500,falla_engranaje,0.8000000000
5.7910000000,-0.0013029927,-0.3057610020,falla_engranaje,0.8000000000
5.7915000000,-0.0012317341,-0.3347702316,falla_engranaje,0.8000000000
5.7920000000,-0.0013609359,-0.3129614705,falla_engranaje,0.8000000000
5.7925000000,-0.0014818316,-0.3080972679,falla_engranaje,0.8000000000
5.7930000000,-0.0014062403,-0.3043716513,falla_engranaje,0.8000000000
5.7935000000,-0.0014055197,-0.3158718371,falla_engranaje,0.8000000000
5.7940000000,-0.0013636442,-0.3110036211,falla_engranaje,0.8000000000
5.7945000000,-0.0013357975,-0.3187853869,falla_engranaje,0.8000000000
5.7950000000,-0.0015176449,-0.3304440774,falla_engranaje,0.8000000000
5.7955000000,-0.0014664039,-0.3064867205,falla_engranaje,0.8000000000
5.7960000000,-0.0014403665,-0.3116404293,falla_engranaje,0.8000000000
5.7965000000,-0.0014550113,-0.3155000717,falla_engranaje,0.8000000000
5.7970000000,-0.0013736385,-0.3173056637,falla_engranaje,0.8000000000
5.7975000000,-0.0013481862,-0.3150072707,falla_engranaje,0.8000000000
5.7980000000,-0.0015305816,-0.3103552417,falla_engranaje,0.8000000000
5.7985000000,-0.0014478105,-0.3229252051,falla_engranaje,0.8000000000
5.7990000000,-0.0014029696,-0.3224249016,falla_engranaje,0.8000000000
5.7995000000,-0.0014849066,-0.3307075135,falla_engranaje,0.8000000000
5.8000000000,-0.0015157054,-0.3104258206,falla_engranaje,0.8000000000
5.8005000000,-0.0014292636,-0.3145958336,falla_engranaje,0.8000000000
5.8010000000,-0.0013419988,-0.3023640789,falla_engranaje,0.8000000000
5.8015000000,-0.0013734588,-0.3114397105,falla_engranaje,0.8000000000
5.8020000000,-0.0014650409,-0.2967334597,falla_engranaje,0.8000000000
5.8025000000,-0.0013900998,-0.3083145183,falla_engranaje,0.8000000000
5.8030000000,-0.0014304092,-0.3125656735,falla_engranaje,0.8000000000
5.8035000000,-0.0014208089,-0.2979813221,falla_engranaje,0.8000000000
5.8040000000,-0.0014658414,-0.3000698540,falla_engranaje,0.8000000000
5.8045000000,-0.0013169927,-0.3127702663,falla_engranaje,0.8000000000
5.8050000000,-0.0013813152,-0.3097121815,falla_engranaje,0.8000000000
5.8055000000,-0.0014918450,-0.3151466502,falla_engranaje,0.8000000000
5.8060000000,-0.0013813326,-0.3015761997,falla_engranaje,0.8000000000
5.8065000000,-0.0014735378,-0.3172717437,falla_engranaje,0.8000000000
5.8070000000,-0.0014951455,-0.3110649468,falla_engranaje,0.8000000000
5.8075000000,-0.0015711100,-0.3135739024,falla_engranaje,0.8000000000
5.8080000000,-0.0014138501,-0.3067740563,falla_engranaje,0.8000000000
5.8085000000,-0.0013971061,-0.2907860409,falla_engranaje,0.8000000000
5.8090000000,-0.0014624216,-0.3199629980,falla_engranaje,0.8000000000
5.8095000000,-0.0015892843,-0.2964512590,falla_engranaje,0.8000000000
5.8100000000,-0.0013609005,-0.2900763127,falla_engranaje,0.8000000000
5.8105000000,-0.0014098893,-0.3012427404,falla_engranaje,0.8000000000
5.8110000000,-0.0015571925,-0.3105962004,falla_engranaje,0.8000000000
5.8115000000,-0.0014366179,-0.3163697216,falla_engranaje,0.8000000000
5.8120000000,-0.0014312552,-0.3032560954,falla_engranaje,0.8000000000
5.8125000000,-0.0013497652,-0.2981262656,falla_engranaje,0.8000000000
5.8130000000,-0.0013299222,-0.2972323241,falla_engranaje,0.8000000000
5.8135000000,-0.0014560117,-0.3200354555,falla_engranaje,0.8000000000
5.8140000000,-0.0014850712,-0.2965393560,falla_engranaje,0.8000000000
5.8145000000,-0.0013463680,-0.2970478725,falla_engranaje,0.8000000000
5.8150000000,-0.0013265983,-0.2973107893,falla_engranaje,0.8000000000
5.8155000000,-0.0014362837,-0.3052757748,falla_engranaje,0.8000000000
5.8160000000,-0.0015504435,-0.3015626020,falla_engranaje,0.8000000000
5.8165000000,-0.0014243783,-0.3029525817,falla_engranaje,0.8000000000
5.8170000000,-0.0014244793,-0.3024520703,falla_engranaje,0.8000000000
5.8175000000,-0.0015217578,-0.3087242215,falla_engranaje,0.8000000000
5.8180000000,-0.0015561245,-0.2945627134,falla_engranaje,0.8000000000
5.8185000000,-0.0014146587,-0.3036941927,falla_engranaje,0.8000000000
5.8190000000,-0.0015866810,-0.3028703379,falla_engranaje,0.8000000000
5.8195000000,-0.0015279804,-0.3199215364,falla_engranaje,0.8000000000
5.8200000000,-0.0014686166,-0.3008716787,falla_engranaje,0.8000000000
5.8205000000,-0.0015331331,-0.3026221741,falla_engranaje,0.8000000000
5.8210000000,-0.0014366514,-0.2965589457,falla_engranaje,0.8000000000
5.8215000000,-0.0014752471,-0.3047935061,falla_engranaje,0.8000000000
5.8220000000,-0.0014362225,-0.2952282431,falla_engranaje,0.8000000000
5.8225000000,-0.0015776043,-0.2804300576,falla_engranaje,0.8000000000
5.8230000000,-0.0014882051,-0.3172679134,falla_engranaje,0.8000000000
5.8235000000,-0.0014588505,-0.2921791007,falla_engranaje,0.8000000000
5.8240000000,-0.0013851320,-0.2892679164,falla_engranaje,0.8000000000
5.8245000000,-0.0014738514,-0.2894381066,falla_engranaje,0.8000000000
5.8250000000,-0.0014170198,-0.2866491267,falla_engranaje,0.8000000000
5.8255000000,-0.0014993477,-0.2740032506,falla_engranaje,0.8000000000
5.8260000000,-0.0015225606,-0.2985392298,falla_engranaje,0.8000000000
5.8265000000,-0.0014260078,-0.2906674771,falla_engranaje,0.8000000000
5.8270000000,-0.0014569117,-0.2881351465,falla_engranaje,0.8000000000
5.8275000000,-0.0014973455,-0.2896835029,falla_engranaje,0.8000000000
5.8280000000,-0.0014027645,-0.2866556185,falla_engranaje,0.8000000000
5.8285000000,-0.0014254339,-0.2919620562,falla_engranaje,0.8000000000
5.8290000000,-0.0014768157,-0.2759698791,falla_engranaje,0.8000000000
5.8295000000,-0.0014001511,-0.2702126905,falla_engranaje,0.8000000000
5.8300000000,-0.0016219731,-0.2772229635,falla_engranaje,0.8000000000
5.8305000000,-0.0014459339,-0.3055280798,falla_engranaje,0.8000000000
5.8310000000,-0.0014824264,-0.2751248119,falla_engranaje,0.8000000000
5.8315000000,-0.0014205463,-0.2899899446,falla_engranaje,0.8000000000
5.8320000000,-0.0015274266,-0.2725713377,falla_engranaje,0.8000000000
5.8325000000,-0.0014629788,-0.3021994330,falla_engranaje,0.8000000000
5.8330000000,-0.0014422764,-0.2826593903,falla_engranaje,0.8000000000
5.8335000000,-0.0014510502,-0.2783254491,falla_engranaje,0.8000000000
5.8340000000,-0.0013163580,-0.2859093995,falla_engranaje,0.8000000000
5.8345000000,-0.0013680071,-0.2699980133,falla_engranaje,0.8000000000
5.8350000000,-0.0015339950,-0.2617315813,falla_engranaje,0.8000000000
5.8355000000,-0.0014648830,-0.2859122104,falla_engranaje,0.8000000000
5.8360000000,-0.0013698887,-0.2681747443,falla_engranaje,0.8000000000
5.8365000000,-0.0014990433,-0.2763250046,falla_engranaje,0.8000000000
5.8370000000,-0.0013889793,-0.2865150338,falla_engranaje,0.8000000000
5.8375000000,-0.0015188576,-0.2710496915,falla_engranaje,0.8000000000
5.8380000000,-0.0013790653,-0.2941155222,falla_engranaje,0.8000000000
5.8385000000,-0.0013894529,-0.2965803504,falla_engranaje,0.8000000000
5.8390000000,-0.0015639431,-0.2702320522,falla_engranaje,0.8000000000
5.8395000000,-0.0014300744,-0.2666573154,falla_engranaje,0.8000000000
5.8400000000,-0.0014313069,-0.2827077428,falla_engranaje,0.8000000000
5.8405000000,-0.0014709031,-0.3010657143,falla_engranaje,0.8000000000
5.8410000000,-0.0014895506,-0.2905749521,falla_engranaje,0.8000000000
5.8415000000,-0.0014659346,-0.2556996563,falla_engranaje,0.8000000000
5.8420000000,-0.0015342299,-0.2743019542,falla_engranaje,0.8000000000
5.8425000000,-0.0015235502,-0.2713758725,falla_engranaje,0.8000000000
5.8430000000,-0.0015468613,-0.2645225581,falla_engranaje,0.8000000000
5.8435000000,-0.0015092522,-0.2488630336,falla_engranaje,0.8000000000
5.8440000000,-0.0016640471,-0.2649817926,falla_engranaje,0.8000000000
5.8445000000,-0.0015061616,-0.2834232373,falla_engranaje,0.8000000000
5.8450000000,-0.0014201593,-0.2761939626,falla_engranaje,0.8000000000
5.8455000000,-0.0014992989,-0.2786857722,falla_engranaje,0.8000000000
5.8460000000,-0.0014707002,-0.2759769825,falla_engranaje,0.8000000000
5.8465000000,-0.0014762983,-0.2739239121,falla_engranaje,0.8000000000
5.8470000000,-0.0014842411,-0.2837706080,falla_engranaje,0.8000000000
5.8475000000,-0.0013871694,-0.2721953532,falla_engranaje,0.8000000000
5.8480000000,-0.0014753359,-0.2404889826,falla_engranaje,0.8000000000
5.8485000000,-0.0015019997,-0.2706274810,falla_engranaje,0.8000000000
5.8490000000,-0.0015551996,-0.2642588364,falla_engranaje,0.8000000000
5.8495000000,-0.0015615707,-0.2659187265,falla_engranaje,0.8000000000
5.8500000000,-0.0015462151,-0.2637717571,falla_engranaje,0.8000000000
5.8505000000,-0.0015864634,-0.2726161555,falla_engranaje,0.8000000000
5.8510000000,-0.0015993714,-0.2678305447,falla_engranaje,0.8000000000
5.8515000000,-0.0014690314,-0.2397643836,falla_engranaje,0.8000000000
5.8520000000,-0.0014338010,-0.2764621969,falla_engranaje,0.8000000000
5.8525000000,-0.0015655703,-0.2594325496,falla_engranaje,0.8000000000
5.8530000000,-0.0014982696,-0.2619582510,falla_engranaje,0.8000000000
5.8535000000,-0.0014664046,-0.2551516919,falla_engranaje,0.8000000000
5.8540000000,-0.0015367412,-0.2549884600,falla_engranaje,0.8000000000
5.8545000000,-0.0014751440,-0.2553695574,falla_engranaje,0.8000000000
5.8550000000,-0.0015617516,-0.2555466118,falla_engranaje,0.8000000000
5.8555000000,-0.0014398184,-0.2779654967,falla_engranaje,0.8000000000
5.8560000000,-0.0014382497,-0.2442382508,falla_engranaje,0.8000000000
5.8565000000,-0.0014302019,-0.2656040105,falla_engranaje,0.8000000000
5.8570000000,-0.0015340105,-0.2705791604,falla_engranaje,0.8000000000
5.8575000000,-0.0015479521,-0.2605691185,falla_engranaje,0.8000000000
5.8580000000,-0.0015345633,-0.2712944513,falla_engranaje,0.8000000000
5.8585000000,-0.0014276720,-0.2565780664,falla_engranaje,0.8000000000
5.8590000000,-0.0015361042,-0.2670865582,falla_engranaje,0.8000000000
5.8595000000,-0.0015243150,-0.2611105245,falla_engranaje,0.8000000000
5.8600000000,-0.0013718537,-0.2723049175,falla_engranaje,0.8000000000
5.8605000000,-0.0014403101,-0.2844942007,falla_engranaje,0.8000000000
5.8610000000,-0.0014599816,-0.2529929717,falla_engranaje,0.8000000000
5.8615000000,-0.0014208187,-0.2476276521,falla_engranaje,0.8000000000
5.8620000000,-0.0014334499,-0.2482821587,falla_engranaje,0.8000000000
5.8625000000,-0.0015128580,-0.2808566081,falla_engranaje,0.8000000000
5.8630000000,-0.0015054024,-0.2508468893,falla_engranaje,0.8000000000
5.8635000000,-0.0014966760,-0.2480850815,falla_engranaje,0.8000000000
5.8640000000,-0.0015688481,-0.2512682629,falla_engranaje,0.8000000000
5.8645000000,-0.0015031561,-0.2486510677,falla_engranaje,0.8000000000
5.8650000000,-0.0015066031,-0.2562944505,falla_engranaje,0.8000000000
5.8655000000,-0.0015412050,-0.2524527128,falla_engranaje,0.8000000000
5.8660000000,-0.0015194888,-0.2462442106,falla_engranaje,0.8000000000
5.8665000000,-0.0015026205,-0.2558165200,falla_engranaje,0.8000000000
5.8670000000,-0.0014193478,-0.2485940940,falla_engranaje,0.8000000000
5.8675000000,-0.0015077718,-0.2505790892,falla_engranaje,0.8000000000
5.8680000000,-0.0015210167,-0.2455484830,falla_engranaje,0.8000000000
5.8685000000,-0.0014338394,-0.2563903618,falla_engranaje,0.8000000000
5.8690000000,-0.0014923261,-0.2398552609,falla_engranaje,0.8000000000
5.8695000000,-0.0014077264,-0.2599423504,falla_engranaje,0.8000000000
5.8700000000,-0.0014673627,-0.2485108491,falla_engranaje,0.8000000000
5.8705000000,-0.0014446434,-0.2506509451,falla_engranaje,0.8000000000
5.8710000000,-0.0014495055,-0.2454624050,falla_engranaje,0.8000000000
5.8715000000,-0.0014189038,-0.2269265806,falla_engranaje,0.8000000000
5.8720000000,-0.0014543861,-0.2292934873,falla_engranaje,0.8000000000
5.8725000000,-0.0014269682,-0.2254833050,falla_engranaje,0.8000000000
5.8730000000,-0.0014801413,-0.2356164788,falla_engranaje,0.8000000000
5.8735000000,-0.0014632649,-0.2364112780,falla_engranaje,0.8000000000
5.8740000000,-0.0013581203,-0.2476947223,falla_engranaje,0.8000000000
5.8745000000,-0.0013903135,-0.2393262983,falla_engranaje,0.8000000000
5.8750000000,-0.0014978857,-0.2442854385,falla_engranaje,0.8000000000
5.8755000000,-0.0013647805,-0.2570287810,falla_engranaje,0.8000000000
5.8760000000,-0.0014518717,-0.2329007595,falla_engranaje,0.8000000000
5.8765000000,-0.0013801452,-0.2223781763,falla_engranaje,0.8000000000
5.8770000000,-0.0014758833,-0.2268406453,falla_engranaje,0.8000000000
5.8775000000,-0.0014374719,-0.2388330415,falla_engranaje,0.8000000000
5.8780000000,-0.0014176130,-0.2342560548,falla_engranaje,0.8000000000
5.8785000000,-0.0014845441,-0.2210878842,falla_engranaje,0.8000000000
5.8790000000,-0.0014307803,-0.2438721983,falla_engranaje,0.8000000000
5.8795000000,-0.0014880899,-0.2144925901,falla_engranaje,0.8000000000
5.8800000000,-0.0015427458,-0.2402698962,falla_engranaje,0.8000000000
5.8805000000,-0.0014437300,-0.2330281811,falla_engranaje,0.8000000000
5.8810000000,-0.0013883576,-0.2143979378,falla_engranaje,0.8000000000
5.8815000000,-0.0013038645,-0.2337657756,falla_engranaje,0.8000000000
5.8820000000,-0.0015136868,-0.2184994359,falla_engranaje,0.8000000000
5.8825000000,-0.0013613912,-0.2220054810,falla_engranaje,0.8000000000
5.8830000000,-0.0013671666,-0.2134412352,falla_engranaje,0.8000000000
5.8835000000,-0.0013587937,-0.2143375320,falla_engranaje,0.8000000000
5.8840000000,-0.0013395146,-0.2226785553,falla_engranaje,0.8000000000
5.8845000000,-0.0013570308,-0.2253346658,falla_engranaje,0.8000000000
5.8850000000,-0.0014423015,-0.2266568099,falla_engranaje,0.8000000000
5.8855000000,-0.0014255315,-0.2303815836,falla_engranaje,0.8000000000
5.8860000000,-0.0015131945,-0.2267609171,falla_engranaje,0.8000000000
5.8865000000,-0.0015006730,-0.2219975642,falla_engranaje,0.8000000000
5.8870000000,-0.0013833466,-0.2239146487,falla_engranaje,0.8000000000
5.8875000000,-0.0013297101,-0.2123795490,falla_engranaje,0.8000000000
5.8880000000,-0.0014802734,-0.2284799964,falla_engranaje,0.8000000000
5.8885000000,-0.0014476426,-0.2310314891,falla_engranaje,0.8000000000
5.8890000000,-0.0013195220,-0.2081522925,falla_engranaje,0.8000000000
5.8895000000,-0.0013188284,-0.1978779083,falla_engranaje,0.8000000000
5.8900000000,-0.0014110603,-0.2071432259,falla_engranaje,0.8000000000
5.8905000000,-0.0014670762,-0.2081857587,falla_engranaje,0.8000000000
5.8910000000,-0.0013389815,-0.2207535581,falla_engranaje,0.8000000000
5.8915000000,-0.0012559905,-0.2128228539,falla_engranaje,0.8000000000
5.8920000000,-0.0013576204,-0.2053551474,falla_engranaje,0.8000000000
5.8925000000,-0.0013818572,-0.2179610151,falla_engranaje,0.8000000000
5.8930000000,-0.0013753102,-0.2145536459,falla_engranaje,0.8000000000
5.8935000000,-0.0014418052,-0.2146619189,falla_engranaje,0.8000000000
5.8940000000,-0.0013888200,-0.2090455466,falla_engranaje,0.8000000000
5.8945000000,-0.0014065416,-0.2029304241,falla_engranaje,0.8000000000
5.8950000000,-0.0014291650,-0.2225382311,falla_engranaje,0.8000000000
5.8955000000,-0.0013590225,-0.2182438533,falla_engranaje,0.8000000000
5.8960000000,-0.0013487047,-0.2071312668,falla_engranaje,0.8000000000
5.8965000000,-0.0014526130,-0.2087822745,falla_engranaje,0.8000000000
5.8970000000,-0.0012789165,-0.2004954269,falla_engranaje,0.8000000000
5.8975000000,-0.0012092618,-0.1792595190,falla_engranaje,0.8000000000
5.8980000000,-0.0013380633,-0.2149116827,falla_engranaje,0.8000000000
5.8985000000,-0.0013087269,-0.1991004867,falla_engranaje,0.8000000000
5.8990000000,-0.0013164322,-0.1929649992,falla_engranaje,0.8000000000
5.8995000000,-0.0012689662,-0.1850964285,falla_engranaje,0.8000000000
5.9000000000,-0.0012759603,-0.2066642275,falla_engranaje,0.8000000000
5.9005000000,-0.0013554879,-0.2048946534,falla_engranaje,0.8000000000
5.9010000000,-0.0013462636,-0.1975636384,falla_engranaje,0.8000000000
5.9015000000,-0.0013431907,-0.1905790658,falla_engranaje,0.8000000000
5.9020000000,-0.0013048423,-0.1917461274,falla_engranaje,0.8000000000
5.9025000000,-0.0012526079,-0.2080074065,falla_engranaje,0.8000000000
5.9030000000,-0.0013688206,-0.1916456454,falla_engranaje,0.8000000000
5.9035000000,-0.0013110263,-0.1970531073,falla_engranaje,0.8000000000
5.9040000000,-0.0012833058,-0.1790281567,falla_engranaje,0.8000000000
5.9045000000,-0.0012051275,-0.1817642066,falla_engranaje,0.8000000000
5.9050000000,-0.0012255052,-0.1957039208,falla_engranaje,0.8000000000
5.9055000000,-0.0014087445,-0.1943273041,falla_engranaje,0.8000000000
5.9060000000,-0.0011973119,-0.1963361411,falla_engranaje,0.8000000000
5.9065000000,-0.0012586155,-0.1729048372,falla_engranaje,0.8000000000
5.9070000000,-0.0012273932,-0.1915842043,falla_engranaje,0.8000000000
5.9075000000,-0.0012780255,-0.1713104596,falla_engranaje,0.8000000000
5.9080000000,-0.0012666149,-0.1987002615,falla_engranaje,0.8000000000
5.9085000000,-0.0013719503,-0.1883886008,falla_engranaje,0.8000000000
5.9090000000,-0.0011843950,-0.1872528430,falla_engranaje,0.8000000000
5.9095000000,-0.0013837711,-0.1721937753,falla_engranaje,0.8000000000
5.9100000000,-0.0012955324,-0.1965862881,falla_engranaje,0.8000000000
5.9105000000,-0.0013219071,-0.1622954193,falla_engranaje,0.8000000000
5.9110000000,-0.0012610087,-0.1750188174,falla_engranaje,0.8000000000
5.9115000000,-0.0011982527,-0.1816877670,falla_engranaje,0.8000000000
5.9120000000,-0.0013240980,-0.1724069115,falla_engranaje,0.8000000000
5.9125000000,-0.0012646892,-0.1748149973,falla_engranaje,0.8000000000
5.9130000000,-0.0012623329,-0.1651856522,falla_engranaje,0.8000000000
5.9135000000,-0.0011876953,-0.1860744534,falla_engranaje,0.8000000000
5.9140000000,-0.0011515913,-0.1978213327,falla_engranaje,0.8000000000
5.9145000000,-0.0011963243,-0.1742584125,falla_engranaje,0.8000000000
5.9150000000,-0.0012043681,-0.1710997267,falla_engranaje,0.8000000000
5.9155000000,-0.0012660931,-0.1720268051,falla_engranaje,0.8000000000
5.9160000000,-0.0011293316,-0.1644723499,falla_engranaje,0.8000000000
5.9165000000,-0.0012612624,-0.1742548004,falla_engranaje,0.8000000000
5.9170000000,-0.0012813779,-0.1796236688,falla_engranaje,0.8000000000
5.9175000000,-0.0012698197,-0.1584844682,falla_engranaje,0.8000000000
5.9180000000,-0.0011456350,-0.1734210101,falla_engranaje,0.8000000000
5.9185000000,-0.0011933980,-0.1751086598,falla_engranaje,0.8000000000
5.9190000000,-0.0011940192,-0.1776225286,falla_engranaje,0.8000000000
5.9195000000,-0.0011370486,-0.1623336915,falla_engranaje,0.8000000000
5.9200000000,-0.0012177138,-0.1706836664,falla_engranaje,0.8000000000
5.9205000000,-0.0011480075,-0.1799402550,falla_engranaje,0.8000000000
5.9210000000,-0.0011921198,-0.1527006842,falla_engranaje,0.8000000000
5.9215000000,-0.0011925651,-0.1697678239,falla_engranaje,0.8000000000
5.9220000000,-0.0011388150,-0.1792019478,falla_engranaje,0.8000000000
5.9225000000,-0.0010165430,-0.1653150359,falla_engranaje,0.8000000000
5.9230000000,-0.0011489226,-0.1806368686,falla_engranaje,0.8000000000
5.9235000000,-0.0010814443,-0.1553040317,falla_engranaje,0.8000000000
5.9240000000,-0.0011623840,-0.1510069887,falla_engranaje,0.8000000000
5.9245000000,-0.0010708231,-0.1700999474,falla_engranaje,0.8000000000
5.9250000000,-0.0010621870,-0.1524750592,falla_engranaje,0.8000000000
5.9255000000,-0.0011894108,-0.1575202799,falla_engranaje,0.8000000000
5.9260000000,-0.0011032384,-0.1685445867,falla_engranaje,0.8000000000
5.9265000000,-0.0010664164,-0.1722121054,falla_engranaje,0.8000000000
5.9270000000,-0.0011745247,-0.1783184572,falla_engranaje,0.8000000000
5.9275000000,-0.0011767852,-0.1467253499,falla_engranaje,0.8000000000
5.9280000000,-0.0011618087,-0.1575117077,falla_engranaje,0.8000000000
5.9285000000,-0.0012009380,-0.1628415764,falla_engranaje,0.8000000000
5.9290000000,-0.0010620852,-0.1469646243,falla_engranaje,0.8000000000
5.9295000000,-0.0010059951,-0.1494111755,falla_engranaje,0.8000000000
5.9300000000,-0.0010666444,-0.1699286284,falla_engranaje,0.8000000000
5.9305000000,-0.0012027692,-0.1600072650,falla_engranaje,0.8000000000
5.9310000000,-0.0011934789,-0.1408819412,falla_engranaje,0.8000000000
5.9315000000,-0.0011907526,-0.1407169530,falla_engranaje,0.8000000000
5.9320000000,-0.0010773080,-0.1526589955,falla_engranaje,0.8000000000
5.9325000000,-0.0009832280,-0.1315359986,falla_engranaje,0.8000000000
5.9330000000,-0.0012720149,-0.1421388419,falla_engranaje,0.8000000000
5.9335000000,-0.0011824458,-0.1340010176,falla_engranaje,0.8000000000
5.9340000000,-0.0009854766,-0.1396264112,falla_engranaje,0.8000000000
5.9345000000,-0.0010201945,-0.1562635777,falla_engranaje,0.8000000000
5.9350000000,-0.0011849920,-0.1526503827,falla_engranaje,0.8000000000
5.9355000000,-0.0011087783,-0.1340265815,falla_engranaje,0.8000000000
5.9360000000,-0.0010421335,-0.1343772515,falla_engranaje,0.8000000000
5.9365000000,-0.0009997671,-0.1625901971,falla_engranaje,0.8000000000
5.9370000000,-0.0010943476,-0.1317939005,falla_engranaje,0.8000000000
5.9375000000,-0.0010133673,-0.1286070531,falla_engranaje,0.8000000000
5.9380000000,-0.0010398847,-0.1260344076,falla_engranaje,0.8000000000
5.9385000000,-0.0010285789,-0.1358923708,falla_engranaje,0.8000000000
5.9390000000,-0.0010326925,-0.1281906990,falla_engranaje,0.8000000000
5.9395000000,-0.0009458030,-0.1080736413,falla_engranaje,0.8000000000
5.9400000000,-0.0010283241,-0.1222085085,falla_engranaje,0.8000000000
5.9405000000,-0.0009710271,-0.1135038727,falla_engranaje,0.8000000000
5.9410000000,-0.0009893429,-0.1445594572,falla_engranaje,0.8000000000
5.9415000000,-0.0009897072,-0.1223094232,falla_engranaje,0.8000000000
5.9420000000,-0.0009606025,-0.1226570519,falla_engranaje,0.8000000000
5.9425000000,-0.0010119048,-0.1230046682,falla_engranaje,0.8000000000
5.9430000000,-0.0009675650,-0.1357743632,falla_engranaje,0.8000000000
5.9435000000,-0.0009949513,-0.1113263613,falla_engranaje,0.8000000000
5.9440000000,-0.0009776097,-0.1200422845,falla_engranaje,0.8000000000
5.9445000000,-0.0009657196,-0.1320071426,falla_engranaje,0.8000000000
5.9450000000,-0.0008530551,-0.1377394447,falla_engranaje,0.8000000000
5.9455000000,-0.0010116726,-0.1210523643,falla_engranaje,0.8000000000
5.9460000000,-0.0009636436,-0.1084098171,falla_engranaje,0.8000000000
5.9465000000,-0.0009750476,-0.0904210014,falla_engranaje,0.8000000000
5.9470000000,-0.0009799861,-0.1255066073,falla_engranaje,0.8000000000
5.9475000000,-0.0008328997,-0.1167380894,falla_engranaje,0.8000000000
5.9480000000,-0.0008195161,-0.1281096464,falla_engranaje,0.8000000000
5.9485000000,-0.0009394087,-0.1053913623,falla_engranaje,0.8000000000
5.9490000000,-0.0009679291,-0.1381593536,falla_engranaje,0.8000000000
5.9495000000,-0.0008689367,-0.1125333886,falla_engranaje,0.8000000000
5.9500000000,-0.0009036045,-0.1067841474,falla_engranaje,0.8000000000
5.9505000000,-0.0009063960,-0.1099234436,falla_engranaje,0.8000000000
5.9510000000,-0.0008167223,-0.1022456405,falla_engranaje,0.8000000000
5.9515000000,-0.0008991252,-0.1163200920,falla_engranaje,0.8000000000
5.9520000000,-0.0008917381,-0.0873573845,falla_engranaje,0.8000000000
5.9525000000,-0.0007451224,-0.0877421805,falla_engranaje,0.8000000000
5.9530000000,-0.0008369943,-0.0840166589,falla_engranaje,0.8000000000
5.9535000000,-0.0008162036,-0.0982217528,falla_engranaje,0.8000000000
5.9540000000,-0.0009257631,-0.1078134625,falla_engranaje,0.8000000000
5.9545000000,-0.0008567624,-0.1163162985,falla_engranaje,0.8000000000
5.9550000000,-0.0009546552,-0.0883876675,falla_engranaje,0.8000000000
5.9555000000,-0.0008750626,-0.1123226271,falla_engranaje,0.8000000000
5.9560000000,-0.0007704456,-0.0887234645,falla_engranaje,0.8000000000
5.9565000000,-0.0007768458,-0.0909307021,falla_engranaje,0.8000000000
5.9570000000,-0.0007567645,-0.0952920882,falla_engranaje,0.8000000000
5.9575000000,-0.0007739984,-0.0995647900,falla_engranaje,0.8000000000
5.9580000000,-0.0008223805,-0.0756984004,falla_engranaje,0.8000000000
5.9585000000,-0.0007405069,-0.0832110220,falla_engranaje,0.8000000000
5.9590000000,-0.0008230701,-0.0882861245,falla_engranaje,0.8000000000
5.9595000000,-0.0008401412,-0.1090982436,falla_engranaje,0.8000000000
5.9600000000,-0.0008109319,-0.0818766422,falla_engranaje,0.8000000000
5.9605000000,-0.0007058029,-0.0917266473,falla_engranaje,0.8000000000
5.9610000000,-0.0007629840,-0.0801744580,falla_engranaje,0.8000000000
5.9615000000,-0.0006186667,-0.0880143350,falla_engranaje,0.8000000000
5.9620000000,-0.0007400255,-0.0845704278,falla_engranaje,0.8000000000
5.9625000000,-0.0006960948,-0.0668911817,falla_engranaje,0.8000000000
5.9630000000,-0.0007824520,-0.0774037797,falla_engranaje,0.8000000000
5.9635000000,-0.0006025315,-0.0857295997,falla_engranaje,0.8000000000
5.9640000000,-0.0006850974,-0.0704911176,falla_engranaje,0.8000000000
5.9645000000,-0.0007215648,-0.0733850638,falla_engranaje,0.8000000000
5.9650000000,-0.0007347924,-0.0627501154,falla_engranaje,0.8000000000
5.9655000000,-0.0007022879,-0.0736498967,falla_engranaje,0.8000000000
5.9660000000,-0.0007464544,-0.0739409115,falla_engranaje,0.8000000000
5.9665000000,-0.0006630479,-0.0721989125,falla_engranaje,0.8000000000
5.9670000000,-0.0007781104,-0.0836170616,falla_engranaje,0.8000000000
5.9675000000,-0.0006145568,-0.0895746720,falla_engranaje,0.8000000000
5.9680000000,-0.0006033259,-0.0836008612,falla_engranaje,0.8000000000
5.9685000000,-0.0007812861,-0.0814583075,falla_engranaje,0.8000000000
5.9690000000,-0.0006170153,-0.0794394941,falla_engranaje,0.8000000000
5.9695000000,-0.0007738971,-0.0610914462,falla_engranaje,0.8000000000
5.9700000000,-0.0006212257,-0.0635459634,falla_engranaje,0.8000000000
5.9705000000,-0.0006036933,-0.0777783517,falla_engranaje,0.8000000000
5.9710000000,-0.0006994290,-0.0619675848,falla_engranaje,0.8000000000
5.9715000000,-0.0006985977,-0.0448081424,falla_engranaje,0.8000000000
5.9720000000,-0.0005527402,-0.0805790508,falla_engranaje,0.8000000000
5.9725000000,-0.0006264242,-0.0612020908,falla_engranaje,0.8000000000
5.9730000000,-0.0005911075,-0.0647845651,falla_engranaje,0.8000000000
5.9735000000,-0.0006326029,-0.0600833352,falla_engranaje,0.8000000000
5.9740000000,-0.0007059129,-0.0361922629,falla_engranaje,0.8000000000
5.9745000000,-0.0005046837,-0.0641659584,falla_engranaje,0.8000000000
5.9750000000,-0.0006582951,-0.0447127451,falla_engranaje,0.8000000000
5.9755000000,-0.0005621213,-0.0782652649,falla_engranaje,0.8000000000
5.9760000000,-0.0004514518,-0.0702738440,falla_engranaje,0.8000000000
5.9765000000,-0.0005958757,-0.0577101993,falla_engranaje,0.8000000000
5.9770000000,-0.0005280612,-0.0476652685,falla_engranaje,0.8000000000
5.9775000000,-0.0005222512,-0.0503130838,falla_engranaje,0.8000000000
5.9780000000,-0.0004629113,-0.0340064330,falla_engranaje,0.8000000000
5.9785000000,-0.0004249465,-0.0527986181,falla_engranaje,0.8000000000
5.9790000000,-0.0005005513,-0.0181417402,falla_engranaje,0.8000000000
5.9795000000,-0.0004619569,-0.0462696291,falla_engranaje,0.8000000000
5.9800000000,-0.0005405187,-0.0462157248,falla_engranaje,0.8000000000
5.9805000000,-0.0005273470,-0.0429020257,falla_engranaje,0.8000000000
5.9810000000,-0.0003938284,-0.0424576807,falla_engranaje,0.8000000000
5.9815000000,-0.0005225953,-0.0359508720,falla_engranaje,0.8000000000
5.9820000000,-0.0005788154,-0.0214013074,falla_engranaje,0.8000000000
5.9825000000,-0.0004838043,-0.0221945089,falla_engranaje,0.8000000000
5.9830000000,-0.0005951178,-0.0394838683,falla_engranaje,0.8000000000
5.9835000000,-0.0004726751,-0.0473739323,falla_engranaje,0.8000000000
5.9840000000,-0.0005214950,-0.0278390400,falla_engranaje,0.8000000000
5.9845000000,-0.0004255709,-0.0422732869,falla_engranaje,0.8000000000
5.9850000000,-0.0004386844,-0.0459405106,falla_engranaje,0.8000000000
5.9855000000,-0.0004794797,-0.0424963100,falla_engranaje,0.8000000000
5.9860000000,-0.0004555549,-0.0427500446,falla_engranaje,0.8000000000
5.9865000000,-0.0004430337,-0.0325747497,falla_engranaje,0.8000000000
5.9870000000,-0.0004204505,-0.0474842060,falla_engranaje,0.8000000000
5.9875000000,-0.0004661771,-0.0305459290,falla_engranaje,0.8000000000
5.9880000000,-0.0004021116,-0.0242407375,falla_engranaje,0.8000000000
5.9885000000,-0.0004437662,-0.0252609747,falla_engranaje,0.8000000000
5.9890000000,-0.0003621369,-0.0258913386,falla_engranaje,0.8000000000
5.9895000000,-0.0002800203,-0.0253667427,falla_engranaje,0.8000000000
5.9900000000,-0.0002945957,-0.0189518697,falla_engranaje,0.8000000000
5.9905000000,-0.0004087629,-0.0169762534,falla_engranaje,0.8000000000
5.9910000000,-0.0003600399,-0.0240843898,falla_engranaje,0.8000000000
5.9915000000,-0.0004441707,-0.0227520066,falla_engranaje,0.8000000000
5.9920000000,-0.0003711624,-0.0006901964,falla_engranaje,0.8000000000
5.9925000000,-0.0003385356,-0.0316020018,falla_engranaje,0.8000000000
5.9930000000,-0.0003127739,-0.0063315906,falla_engranaje,0.8000000000
5.9935000000,-0.0002169489,-0.0153030760,falla_engranaje,0.8000000000
5.9940000000,-0.0002357216,-0.0155921477,falla_engranaje,0.8000000000
5.9945000000,-0.0003797497,-0.0227030708,falla_engranaje,0.8000000000
5.9950000000,-0.0002777298,-0.0167058824,falla_engranaje,0.8000000000
5.9955000000,-0.0002022835,-0.0019675170,falla_engranaje,0.8000000000
5.9960000000,-0.0003775781,-0.0136645077,falla_engranaje,0.8000000000
5.9965000000,-0.0001471206,0.0003844285,falla_engranaje,0.8000000000
5.9970000000,-0.0002871288,-0.0101058268,falla_engranaje,0.8000000000
5.9975000000,-0.0001541699,-0.0025182730,falla_engranaje,0.8000000000
5.9980000000,-0.0002956123,0.0091248843,falla_engranaje,0.8000000000
5.9985000000,-0.0002784476,0.0039698691,falla_engranaje,0.8000000000
5.9990000000,-0.0001436420,-0.0133290804,falla_engranaje,0.8000000000
5.9995000000,-0.0001591638,-0.0279233820,falla_engranaje,0.8000000000
6.0000000000,-0.0001273172,0.0065114311,falla_engranaje,0.8000000000
6.0005000000,-0.0001784301,0.0067375907,falla_engranaje,0.8000000000
6.0010000000,-0.0002609440,0.0090079640,falla_engranaje,0.8000000000
6.0015000000,-0.0001815963,0.0098443595,falla_engranaje,0.8000000000
6.0020000000,-0.0002235550,0.0020589293,falla_engranaje,0.8000000000
6.0025000000,-0.0000982755,-0.0121708266,falla_engranaje,0.8000000000
6.0030000000,-0.0002661734,0.0108379885,falla_engranaje,0.8000000000
6.0035000000,-0.0002347404,0.0154792019,falla_engranaje,0.8000000000
6.0040000000,-0.0000706509,-0.0060076256,falla_engranaje,0.8000000000
6.0045000000,-0.0001086655,0.0328149289,falla_engranaje,0.8000000000
6.0050000000,-0.0001120431,0.0241298736,falla_engranaje,0.8000000000
6.0055000000,-0.0001516825,-0.0098769317,falla_engranaje,0.8000000000
6.0060000000,-0.0000955854,0.0143997392,falla_engranaje,0.8000000000
6.0065000000,-0.0000633302,0.0090088384,falla_engranaje,0.8000000000
6.0070000000,-0.0001426250,0.0289742387,falla_engranaje,0.8000000000
6.0075000000,-0.0000891845,0.0246717520,falla_engranaje,0.8000000000
6.0080000000,0.0000338326,0.0344384973,falla_engranaje,0.8000000000
6.0085000000,-0.0000546506,0.0098332901,falla_engranaje,0.8000000000
6.0090000000,-0.0000986989,0.0167672291,falla_engranaje,0.8000000000
6.0095000000,-0.0001050047,0.0180773161,falla_engranaje,0.8000000000
6.0100000000,-0.0000893088,0.0206348094,falla_engranaje,0.8000000000
6.0105000000,-0.0000194860,0.0158065759,falla_engranaje,0.8000000000
6.0110000000,-0.0000874177,0.0221421355,falla_engranaje,0.8000000000
6.0115000000,-0.0000708146,0.0321993764,falla_engranaje,0.8000000000
6.0120000000,-0.0000583787,0.0268161706,falla_engranaje,0.8000000000
6.0125000000,-0.0001026350,0.0168554071,falla_engranaje,0.8000000000
6.0130000000,-0.0000662732,0.0204989327,falla_engranaje,0.8000000000
6.0135000000,-0.0000196738,0.0437231660,falla_engranaje,0.8000000000
6.0140000000,-0.0000055820,0.0314490744,falla_engranaje,0.8000000000
6.0145000000,-0.0000722710,0.0303485928,falla_engranaje,0.8000000000
6.0150000000,-0.0000101681,0.0202487811,falla_engranaje,0.8000000000
6.0155000000,0.0000693051,0.0478206134,falla_engranaje,0.8000000000
6.0160000000,-0.0000504083,0.0242895711,falla_engranaje,0.8000000000
6.0165000000,0.0001156042,0.0369083166,falla_engranaje,0.8000000000
6.0170000000,0.0000148371,0.0294084232,falla_engranaje,0.8000000000
6.0175000000,-0.0000261504,0.0341189847,falla_engranaje,0.8000000000
6.0180000000,0.0000137201,0.0511350276,falla_engranaje,0.8000000000
6.0185000000,0.0000844254,0.0464816088,falla_engranaje,0.8000000000
6.0190000000,-0.0000210457,0.0520108629,falla_engranaje,0.8000000000
6.0195000000,-0.0000065833,0.0406999344,falla_engranaje,0.8000000000
6.0200000000,0.0000055463,0.0639819610,falla_engranaje,0.8000000000
6.0205000000,-0.0000212994,0.0507049982,falla_engranaje,0.8000000000
6.0210000000,0.0001883253,0.0464346805,falla_engranaje,0.8000000000
6.0215000000,0.0000616654,0.0500035969,falla_engranaje,0.8000000000
6.0220000000,0.0001115257,0.0346682837,falla_engranaje,0.8000000000
6.0225000000,0.0000745006,0.0621104976,falla_engranaje,0.8000000000
6.0230000000,0.0001118460,0.0388303923,falla_engranaje,0.8000000000
6.0235000000,0.0002686654,0.0504863444,falla_engranaje,0.8000000000
6.0240000000,0.0001618650,0.0651400742,falla_engranaje,0.8000000000
6.0245000000,0.0000654120,0.0563008849,falla_engranaje,0.8000000000
6.0250000000,0.0000940619,0.0638893355,falla_engranaje,0.8000000000
6.0255000000,0.0001247223,0.0673099619,falla_engranaje,0.8000000000
6.0260000000,0.0002688991,0.0441370136,falla_engranaje,0.8000000000
6.0265000000,0.0000636011,0.0625019387,falla_engranaje,0.8000000000
6.0270000000,0.0001680933,0.0794691730,falla_engranaje,0.8000000000
6.0275000000,0.0001474451,0.0608495459,falla_engranaje,0.8000000000
6.0280000000,0.0002041365,0.0640159039,falla_engranaje,0.8000000000
6.0285000000,0.0001733155,0.0551974712,falla_engranaje,0.8000000000
6.0290000000,0.0001917812,0.0550981745,falla_engranaje,0.8000000000
6.0295000000,0.0002331672,0.0773890178,falla_engranaje,0.8000000000
6.0300000000,0.0002779617,0.0892289518,falla_engranaje,0.8000000000
6.0305000000,0.0002927627,0.0593739203,falla_engranaje,0.8000000000
6.0310000000,0.0002463743,0.0763972666,falla_engranaje,0.8000000000
6.0315000000,0.0002940713,0.0639872686,falla_engranaje,0.8000000000
6.0320000000,0.0000877470,0.0611576883,falla_engranaje,0.8000000000
6.0325000000,0.0002323755,0.0701633673,falla_engranaje,0.8000000000
6.0330000000,0.0003294580,0.0662472621,falla_engranaje,0.8000000000
6.0335000000,0.0002245029,0.0752418849,falla_engranaje,0.8000000000
6.0340000000,0.0002939602,0.0757587845,falla_engranaje,0.8000000000
6.0345000000,0.0003127494,0.0921374077,falla_engranaje,0.8000000000
6.0350000000,0.0003527345,0.1029337637,falla_engranaje,0.8000000000
6.0355000000,0.0002989913,0.0743781557,falla_engranaje,0.8000000000
6.0360000000,0.0003295942,0.0808161849,falla_engranaje,0.8000000000
6.0365000000,0.0003145707,0.0736376361,falla_engranaje,0.8000000000
6.0370000000,0.0003695811,0.0864531578,falla_engranaje,0.8000000000
6.0375000000,0.0002993314,0.0750111363,falla_engranaje,0.8000000000
6.0380000000,0.0003313883,0.0703601437,falla_engranaje,0.8000000000
6.0385000000,0.0003554893,0.0815494778,falla_engranaje,0.8000000000
6.0390000000,0.0003091917,0.1018066943,falla_engranaje,0.8000000000
6.0395000000,0.0003898740,0.0788157669,falla_engranaje,0.8000000000
6.0400000000,0.0003716104,0.0819319935,falla_engranaje,0.8000000000
6.0405000000,0.0003519605,0.0966586785,falla_engranaje,0.8000000000
6.0410000000,0.0003048567,0.0747946880,falla_engranaje,0.8000000000
6.0415000000,0.0004235695,0.0904475313,falla_engranaje,0.8000000000
6.0420000000,0.0003426466,0.0866170597,falla_engranaje,0.8000000000
6.0425000000,0.0003649043,0.0846798043,falla_engranaje,0.8000000000
6.0430000000,0.0003912397,0.1089402755,falla_engranaje,0.8000000000
6.0435000000,0.0004028036,0.1014797624,falla_engranaje,0.8000000000
6.0440000000,0.0003916930,0.1027543853,falla_engranaje,0.8000000000
6.0445000000,0.0005189712,0.0929332379,falla_engranaje,0.8000000000
6.0450000000,0.0004367106,0.0999526146,falla_engranaje,0.8000000000
6.0455000000,0.0004952243,0.0880827804,falla_engranaje,0.8000000000
6.0460000000,0.0004627745,0.0981598220,falla_engranaje,0.8000000000
6.0465000000,0.0004787678,0.0910270636,falla_engranaje,0.8000000000
6.0470000000,0.0005483238,0.0905069239,falla_engranaje,0.8000000000
6.0475000000,0.0004592874,0.1050279902,falla_engranaje,0.8000000000
6.0480000000,0.0004941829,0.0934260475,falla_engranaje,0.8000000000
6.0485000000,0.0005373924,0.1165456543,falla_engranaje,0.8000000000
6.0490000000,0.0005102767,0.1186585526,falla_engranaje,0.8000000000
6.0495000000,0.0004323417,0.1228125314,falla_engranaje,0.8000000000
6.0500000000,0.0005453113,0.1015783808,falla_engranaje,0.8000000000
6.0505000000,0.0004674163,0.1008907473,falla_engranaje,0.8000000000
6.0510000000,0.0004988289,0.1242775827,falla_engranaje,0.8000000000
6.0515000000,0.0004877113,0.1126164200,falla_engranaje,0.8000000000
6.0520000000,0.0004452194,0.1181098515,falla_engranaje,0.8000000000
6.0525000000,0.0005467871,0.1143707522,falla_engranaje,0.8000000000
6.0530000000,0.0006013451,0.1046871332,falla_engranaje,0.8000000000
6.0535000000,0.0004997363,0.1181993182,falla_engranaje,0.8000000000
6.0540000000,0.0006008170,0.1260441626,falla_engranaje,0.8000000000
6.0545000000,0.0004904648,0.1077547652,falla_engranaje,0.8000000000
6.0550000000,0.0006540310,0.1165473328,falla_engranaje,0.8000000000
6.0555000000,0.0005742169,0.1232939279,falla_engranaje,0.8000000000
6.0560000000,0.0006204264,0.1165522675,falla_engranaje,0.8000000000
6.0565000000,0.0006043649,0.1218689873,falla_engranaje,0.8000000000
6.0570000000,0.0005571668,0.1109614922,falla_engranaje,0.8000000000
6.0575000000,0.0005950741,0.1236707665,falla_engranaje,0.8000000000
6.0580000000,0.0005901074,0.1132631677,falla_engranaje,0.8000000000
6.0585000000,0.0005448690,0.1332649004,falla_engranaje,0.8000000000
6.0590000000,0.0006232941,0.1284041768,falla_engranaje,0.8000000000
6.0595000000,0.0006355267,0.1068171740,falla_engranaje,0.8000000000
6.0600000000,0.0007761745,0.1233720134,falla_engranaje,0.8000000000
6.0605000000,0.0006017316,0.1191999708,falla_engranaje,0.8000000000
6.0610000000,0.0006297206,0.1299038155,falla_engranaje,0.8000000000
6.0615000000,0.0006744872,0.1193849020,falla_engranaje,0.8000000000
6.0620000000,0.0007475403,0.1346498658,falla_engranaje,0.8000000000
6.0625000000,0.0006212669,0.1244904970,falla_engranaje,0.8000000000
6.0630000000,0.0007217765,0.1282583302,falla_engranaje,0.8000000000
6.0635000000,0.0006763810,0.1310698537,falla_engranaje,0.8000000000
6.0640000000,0.0008244193,0.1296180943,falla_engranaje,0.8000000000
6.0645000000,0.0005763826,0.1406126965,falla_engranaje,0.8000000000
6.0650000000,0.0007606745,0.1517345460,falla_engranaje,0.8000000000
6.0655000000,0.0007402320,0.1398969536,falla_engranaje,0.8000000000
6.0660000000,0.0007105803,0.1223632958,falla_engranaje,0.8000000000
6.0665000000,0.0007676249,0.1483327682,falla_engranaje,0.8000000000
6.0670000000,0.0007566770,0.1362711623,falla_engranaje,0.8000000000
6.0675000000,0.0007733398,0.1366828878,falla_engranaje,0.8000000000
6.0680000000,0.0007241815,0.1510054505,falla_engranaje,0.8000000000
6.0685000000,0.0007505909,0.1514651661,falla_engranaje,0.8000000000
6.0690000000,0.0008463721,0.1642928384,falla_engranaje,0.8000000000
6.0695000000,0.0008615301,0.1338315460,falla_engranaje,0.8000000000
6.0700000000,0.0009058215,0.1485835279,falla_engranaje,0.8000000000
6.0705000000,0.0008023346,0.1454581528,falla_engranaje,0.8000000000
6.0710000000,0.0010305501,0.1497547870,falla_engranaje,0.8000000000
6.0715000000,0.0007911058,0.1503181295,falla_engranaje,0.8000000000
6.0720000000,0.0007702448,0.1605954035,falla_engranaje,0.8000000000
6.0725000000,0.0008030413,0.1376902934,falla_engranaje,0.8000000000
6.0730000000,0.0007836645,0.1351646680,falla_engranaje,0.8000000000
6.0735000000,0.0008555155,0.1593603510,falla_engranaje,0.8000000000
6.0740000000,0.0008371199,0.1562056156,falla_engranaje,0.8000000000
6.0745000000,0.0008320617,0.1493216143,falla_engranaje,0.8000000000
6.0750000000,0.0009801564,0.1675137147,falla_engranaje,0.8000000000
6.0755000000,0.0008136954,0.1674399683,falla_engranaje,0.8000000000
6.0760000000,0.0008031896,0.1797135185,falla_engranaje,0.8000000000
6.0765000000,0.0009259398,0.1619040061,falla_engranaje,0.8000000000
6.0770000000,0.0009476673,0.1567991344,falla_engranaje,0.8000000000
6.0775000000,0.0007891139,0.1552814469,falla_engranaje,0.8000000000
6.0780000000,0.0009726483,0.1515077853,falla_engranaje,0.8000000000
6.0785000000,0.0008032523,0.1526549427,falla_engranaje,0.8000000000
6.0790000000,0.0009249724,0.1729907678,falla_engranaje,0.8000000000
6.0795000000,0.0009425682,0.1732453118,falla_engranaje,0.8000000000
6.0800000000,0.0008004933,0.1509697500,falla_engranaje,0.8000000000
6.0805000000,0.0010703078,0.1669922799,falla_engranaje,0.8000000000
6.0810000000,0.0010301875,0.1601813233,falla_engranaje,0.8000000000
6.0815000000,0.0008917453,0.1743645300,falla_engranaje,0.8000000000
6.0820000000,0.0009925668,0.1805491354,falla_engranaje,0.8000000000
6.0825000000,0.0008811789,0.1620431137,falla_engranaje,0.8000000000
6.0830000000,0.0010127012,0.1836540142,falla_engranaje,0.8000000000
6.0835000000,0.0009637588,0.1657537040,falla_engranaje,0.8000000000
6.0840000000,0.0010778680,0.1761054357,falla_engranaje,0.8000000000
6.0845000000,0.0009501022,0.1662076661,falla_engranaje,0.8000000000
6.0850000000,0.0009260232,0.1652387754,falla_engranaje,0.8000000000
6.0855000000,0.0009332555,0.1947982723,falla_engranaje,0.8000000000
6.0860000000,0.0009437428,0.1783798609,falla_engranaje,0.8000000000
6.0865000000,0.0009364622,0.1894478473,falla_engranaje,0.8000000000
6.0870000000,0.0009097110,0.1856848247,falla_engranaje,0.8000000000
6.0875000000,0.0009944599,0.1733371132,falla_engranaje,0.8000000000
6.0880000000,0.0009825090,0.1792059592,falla_engranaje,0.8000000000
6.0885000000,0.0009944003,0.1727978955,falla_engranaje,0.8000000000
6.0890000000,0.0010598103,0.1808188742,falla_engranaje,0.8000000000
6.0895000000,0.0009451809,0.1888805353,falla_engranaje,0.8000000000
6.0900000000,0.0010281827,0.1842348910,falla_engranaje,0.8000000000
6.0905000000,0.0010525492,0.1753092485,falla_engranaje,0.8000000000
6.0910000000,0.0010111742,0.1813398189,falla_engranaje,0.8000000000
6.0915000000,0.0010681042,0.1778177894,falla_engranaje,0.8000000000
6.0920000000,0.0010529634,0.1683318091,falla_engranaje,0.8000000000
6.0925000000,0.0010543801,0.1943029547,falla_engranaje,0.8000000000
6.0930000000,0.0011037214,0.1982796485,falla_engranaje,0.8000000000
6.0935000000,0.0010507371,0.1990383412,falla_engranaje,0.8000000000
6.0940000000,0.0010500012,0.1988009536,falla_engranaje,0.8000000000
6.0945000000,0.0012161440,0.1870659716,falla_engranaje,0.8000000000
6.0950000000,0.0010573509,0.1903146770,falla_engranaje,0.8000000000
6.0955000000,0.0010682045,0.1960546250,falla_engranaje,0.8000000000
6.0960000000,0.0010821981,0.1961903739,falla_engranaje,0.8000000000
6.0965000000,0.0011247404,0.1979240172,falla_engranaje,0.8000000000
6.0970000000,0.0010789048,0.1784647090,falla_engranaje,0.8000000000
6.0975000000,0.0011029136,0.1939054280,falla_engranaje,0.8000000000
6.0980000000,0.0011036807,0.1784723442,falla_engranaje,0.8000000000
6.0985000000,0.0011608724,0.1851307574,falla_engranaje,0.8000000000
6.0990000000,0.0011276248,0.1946688945,falla_engranaje,0.8000000000
6.0995000000,0.0011609050,0.1913395699,falla_engranaje,0.8000000000
6.1000000000,0.0012056548,0.2082080763,falla_engranaje,0.8000000000
6.1005000000,0.0012033279,0.2207846322,falla_engranaje,0.8000000000
6.1010000000,0.0011912668,0.2110905621,falla_engranaje,0.8000000000
6.1015000000,0.0010744448,0.2057065379,falla_engranaje,0.8000000000
6.1020000000,0.0012457730,0.1960413779,falla_engranaje,0.8000000000
6.1025000000,0.0012009545,0.2116018532,falla_engranaje,0.8000000000
6.1030000000,0.0011731976,0.2072723844,falla_engranaje,0.8000000000
6.1035000000,0.0010445461,0.2039741017,falla_engranaje,0.8000000000
6.1040000000,0.0012302254,0.1976486949,falla_engranaje,0.8000000000
6.1045000000,0.0012680576,0.1944017208,falla_engranaje,0.8000000000
6.1050000000,0.0011393312,0.2092210904,falla_engranaje,0.8000000000
6.1055000000,0.0012568681,0.2105196526,falla_engranaje,0.8000000000
6.1060000000,0.0012466210,0.2113925191,falla_engranaje,0.8000000000
6.1065000000,0.0011346613,0.2082187409,falla_engranaje,0.8000000000
6.1070000000,0.0011943814,0.2212648317,falla_engranaje,0.8000000000
6.1075000000,0.0012916758,0.2082818468,falla_engranaje,0.8000000000
6.1080000000,0.0011211190,0.2067339112,falla_engranaje,0.8000000000
6.1085000000,0.0012645991,0.2070351996,falla_engranaje,0.8000000000
6.1090000000,0.0011784331,0.2160137768,falla_engranaje,0.8000000000
6.1095000000,0.0012556860,0.2264554705,falla_engranaje,0.8000000000
6.1100000000,0.0012040912,0.2130540849,falla_engranaje,0.8000000000
6.1105000000,0.0011510366,0.2189005703,falla_engranaje,0.8000000000
6.1110000000,0.0013416123,0.2242469157,falla_engranaje,0.8000000000
6.1115000000,0.0012523694,0.2192032888,falla_engranaje,0.8000000000
6.1120000000,0.0012187786,0.2080005948,falla_engranaje,0.8000000000
6.1125000000,0.0012924911,0.2139142551,falla_engranaje,0.8000000000
6.1130000000,0.0012980779,0.2275578749,falla_engranaje,0.8000000000
6.1135000000,0.0013422879,0.2306832467,falla_engranaje,0.8000000000
6.1140000000,0.0012694443,0.1999642350,falla_engranaje,0.8000000000
6.1145000000,0.0013615809,0.2243099652,falla_engranaje,0.8000000000
6.1150000000,0.0012854732,0.2119218224,falla_engranaje,0.8000000000
6.1155000000,0.0012721835,0.2363224038,falla_engranaje,0.8000000000
6.1160000000,0.0013871123,0.2287706733,falla_engranaje,0.8000000000
6.1165000000,0.0013626339,0.2192830025,falla_engranaje,0.8000000000
6.1170000000,0.0013718841,0.2468317950,falla_engranaje,0.8000000000
6.1175000000,0.0014113810,0.2194155725,falla_engranaje,0.8000000000
6.1180000000,0.0011972958,0.2046235028,falla_engranaje,0.8000000000
6.1185000000,0.0013153535,0.2198920356,falla_engranaje,0.8000000000
6.1190000000,0.0012241868,0.2262829515,falla_engranaje,0.8000000000
6.1195000000,0.0013574993,0.2261254993,falla_engranaje,0.8000000000
6.1200000000,0.0013910105,0.2275312552,falla_engranaje,0.8000000000
6.1205000000,0.0013421076,0.2411059838,falla_engranaje,0.8000000000
6.1210000000,0.0012801683,0.2271846717,falla_engranaje,0.8000000000
6.1215000000,0.0013380174,0.2182527682,falla_engranaje,0.8000000000
6.1220000000,0.0013507384,0.2408564935,falla_engranaje,0.8000000000
6.1225000000,0.0014031868,0.2390530284,falla_engranaje,0.8000000000
6.1230000000,0.0014342801,0.2356569168,falla_engranaje,0.8000000000
6.1235000000,0.0014402130,0.2412827243,falla_engranaje,0.8000000000
6.1240000000,0.0014790148,0.2330153015,falla_engranaje,0.8000000000
6.1245000000,0.0012987436,0.2404392825,falla_engranaje,0.8000000000
6.1250000000,0.0014897182,0.2233082028,falla_engranaje,0.8000000000
6.1255000000,0.0014153290,0.2294008565,falla_engranaje,0.8000000000
6.1260000000,0.0014240891,0.2343586384,falla_engranaje,0.8000000000
6.1265000000,0.0014093683,0.2253404756,falla_engranaje,0.8000000000
6.1270000000,0.0014134252,0.2281987410,falla_engranaje,0.8000000000
6.1275000000,0.0013784100,0.2261856332,falla_engranaje,0.8000000000
6.1280000000,0.0015094427,0.2415622603,falla_engranaje,0.8000000000
6.1285000000,0.0014968437,0.2473723177,falla_engranaje,0.8000000000
6.1290000000,0.0014054558,0.2464320420,falla_engranaje,0.8000000000
6.1295000000,0.0014599915,0.2417288572,falla_engranaje,0.8000000000
6.1300000000,0.0014837768,0.2568246218,falla_engranaje,0.8000000000
6.1305000000,0.0014511288,0.2595614566,falla_engranaje,0.8000000000
6.1310000000,0.0014117286,0.2364392844,falla_engranaje,0.8000000000
6.1315000000,0.0014676258,0.2350973815,falla_engranaje,0.8000000000
6.1320000000,0.0013621810,0.2499227472,falla_engranaje,0.8000000000
6.1325000000,0.0014367608,0.2557997946,falla_engranaje,0.8000000000
6.1330000000,0.0013553892,0.2305102609,falla_engranaje,0.8000000000
6.1335000000,0.0015323041,0.2348032033,falla_engranaje,0.8000000000
6.1340000000,0.0014131195,0.2463496726,falla_engranaje,0.8000000000
6.1345000000,0.0014964916,0.2506588792,falla_engranaje,0.8000000000
6.1350000000,0.0014536642,0.2617226882,falla_engranaje,0.8000000000
6.1355000000,0.0014197160,0.2444078568,falla_engranaje,0.8000000000
6.1360000000,0.0014861446,0.2622000350,falla_engranaje,0.8000000000
6.1365000000,0.0013976430,0.2612970101,falla_engranaje,0.8000000000
6.1370000000,0.0014399999,0.2382015814,falla_engranaje,0.8000000000
6.1375000000,0.0014673297,0.2597485369,falla_engranaje,0.8000000000
6.1380000000,0.0014149347,0.2483462648,falla_engranaje,0.8000000000
6.1385000000,0.0013212198,0.2502241772,falla_engranaje,0.8000000000
6.1390000000,0.0015669786,0.2558320673,falla_engranaje,0.8000000000
6.1395000000,0.0014554892,0.2441258835,falla_engranaje,0.8000000000
6.1400000000,0.0013569001,0.2503528275,falla_engranaje,0.8000000000
6.1405000000,0.0015334598,0.2499737101,falla_engranaje,0.8000000000
6.1410000000,0.0015529897,0.2666345725,falla_engranaje,0.8000000000
6.1415000000,0.0015744633,0.2491357895,falla_engranaje,0.8000000000
6.1420000000,0.0014767957,0.2520155222,falla_engranaje,0.8000000000
6.1425000000,0.0015515651,0.2607196750,falla_engranaje,0.8000000000
6.1430000000,0.0014486680,0.2684875293,falla_engranaje,0.8000000000
6.1435000000,0.0014892185,0.2526426016,falla_engranaje,0.8000000000
6.1440000000,0.0014621580,0.2616169154,falla_engranaje,0.8000000000
6.1445000000,0.0014778061,0.2666633635,falla_engranaje,0.8000000000
6.1450000000,0.0014845934,0.2455601007,falla_engranaje,0.8000000000
6.1455000000,0.0014091279,0.2679461220,falla_engranaje,0.8000000000
6.1460000000,0.0015621919,0.2660410326,falla_engranaje,0.8000000000
6.1465000000,0.0014810120,0.2652801736,falla_engranaje,0.8000000000
6.1470000000,0.0015155611,0.2627210727,falla_engranaje,0.8000000000
6.1475000000,0.0015701576,0.2629220736,falla_engranaje,0.8000000000
6.1480000000,0.0014277637,0.2807047938,falla_engranaje,0.8000000000
6.1485000000,0.0015322315,0.2702974862,falla_engranaje,0.8000000000
6.1490000000,0.0015896137,0.2520622282,falla_engranaje,0.8000000000
6.1495000000,0.0015464452,0.2881514442,falla_engranaje,0.8000000000
6.1500000000,0.0015675766,0.2612537260,falla_engranaje,0.8000000000
6.1505000000,0.0015597004,0.2728733059,falla_engranaje,0.8000000000
6.1510000000,0.0016267683,0.2677625769,falla_engranaje,0.8000000000
6.1515000000,0.0017059971,0.2825942155,falla_engranaje,0.8000000000
6.1520000000,0.0015524309,0.2662138447,falla_engranaje,0.8000000000
6.1525000000,0.0015575537,0.2577122410,falla_engranaje,0.8000000000
6.1530000000,0.0015690400,0.2690978473,falla_engranaje,0.8000000000
6.1535000000,0.0015401189,0.2818853785,falla_engranaje,0.8000000000
6.1540000000,0.0015423208,0.2682785497,falla_engranaje,0.8000000000
6.1545000000,0.0015016531,0.2679384051,falla_engranaje,0.8000000000
6.1550000000,0.0015345638,0.2715920947,falla_engranaje,0.8000000000
6.1555000000,0.0015893483,0.2816102314,falla_engranaje,0.8000000000
6.1560000000,0.0015753376,0.2887421740,falla_engranaje,0.8000000000
6.1565000000,0.0016091434,0.2744251650,falla_engranaje,0.8000000000
6.1570000000,0.0014923168,0.2782187364,falla_engranaje,0.8000000000
6.1575000000,0.0016654646,0.2704617026,falla_engranaje,0.8000000000
6.1580000000,0.0016933625,0.2921287217,falla_engranaje,0.8000000000
6.1585000000,0.0016691494,0.2778120139,falla_engranaje,0.8000000000
6.1590000000,0.0014756904,0.2777078783,falla_engranaje,0.8000000000
6.1595000000,0.0015127071,0.2570955003,falla_engranaje,0.8000000000
6.1600000000,0.0015296700,0.2799799488,falla_engranaje,0.8000000000
6.1605000000,0.0015618853,0.2904957416,falla_engranaje,0.8000000000
6.1610000000,0.0016338331,0.2753017658,falla_engranaje,0.8000000000
6.1615000000,0.0015511775,0.2693752875,falla_engranaje,0.8000000000
6.1620000000,0.0015804996,0.2778457026,falla_engranaje,0.8000000000
6.1625000000,0.0015309587,0.2745441337,falla_engranaje,0.8000000000
6.1630000000,0.0016400505,0.2698071338,falla_engranaje,0.8000000000
6.1635000000,0.0015056713,0.2804552365,falla_engranaje,0.8000000000
6.1640000000,0.0015912962,0.2883374702,falla_engranaje,0.8000000000
6.1645000000,0.0016411722,0.2838394884,falla_engranaje,0.8000000000
6.1650000000,0.0015759701,0.2825315973,falla_engranaje,0.8000000000
6.1655000000,0.0016726304,0.2956427870,falla_engranaje,0.8000000000
6.1660000000,0.0016880441,0.2887390403,falla_engranaje,0.8000000000
6.1665000000,0.0015408634,0.2820216255,falla_engranaje,0.8000000000
6.1670000000,0.0016202396,0.2846958378,falla_engranaje,0.8000000000
6.1675000000,0.0016612335,0.2680854716,falla_engranaje,0.8000000000
6.1680000000,0.0015413456,0.2618365195,falla_engranaje,0.8000000000
6.1685000000,0.0015408380,0.2853081270,falla_engranaje,0.8000000000
6.1690000000,0.0016759417,0.2739220102,falla_engranaje,0.8000000000
6.1695000000,0.0015635538,0.2833169999,falla_engranaje,0.8000000000
6.1700000000,0.0014840386,0.2832895784,falla_engranaje,0.8000000000
6.1705000000,0.0016315429,0.2964909614,falla_engranaje,0.8000000000
6.1710000000,0.0015584090,0.2853380581,falla_engranaje,0.8000000000
6.1715000000,0.0016405923,0.2899842457,falla_engranaje,0.8000000000
6.1720000000,0.0015126434,0.2970457493,falla_engranaje,0.8000000000
6.1725000000,0.0016348635,0.2761504595,falla_engranaje,0.8000000000
6.1730000000,0.0017290213,0.2827569246,falla_engranaje,0.8000000000
6.1735000000,0.0016777701,0.2951182003,falla_engranaje,0.8000000000
6.1740000000,0.0016565238,0.2788610617,falla_engranaje,0.8000000000
6.1745000000,0.0017924816,0.2957302784,falla_engranaje,0.8000000000
6.1750000000,0.0015775960,0.2903768722,falla_engranaje,0.8000000000
6.1755000000,0.0015758339,0.2922604823,falla_engranaje,0.8000000000
6.1760000000,0.0016203526,0.2812553416,falla_engranaje,0.8000000000
6.1765000000,0.0016038749,0.2959909264,falla_engranaje,0.8000000000
6.1770000000,0.0014662065,0.2875142610,falla_engranaje,0.8000000000
6.1775000000,0.0016803551,0.3136478585,falla_engranaje,0.8000000000
6.1780000000,0.0016447789,0.2952946754,falla_engranaje,0.8000000000
6.1785000000,0.0015325983,0.2841374800,falla_engranaje,0.8000000000
6.1790000000,0.0015580194,0.3028255649,falla_engranaje,0.8000000000
6.1795000000,0.0015514154,0.2814124316,falla_engranaje,0.8000000000
6.1800000000,0.0016774156,0.3126208675,falla_engranaje,0.8000000000
6.1805000000,0.0016178613,0.3115103668,falla_engranaje,0.8000000000
6.1810000000,0.0016694731,0.2956423614,falla_engranaje,0.8000000000
6.1815000000,0.0015722144,0.3027523082,falla_engranaje,0.8000000000
6.1820000000,0.0015879672,0.3028082534,falla_engranaje,0.8000000000
6.1825000000,0.0016724390,0.2974814314,falla_engranaje,0.8000000000
6.1830000000,0.0015486310,0.2820076363,falla_engranaje,0.8000000000
6.1835000000,0.0016517099,0.3013855873,falla_engranaje,0.8000000000
6.1840000000,0.0017095992,0.2960552990,falla_engranaje,0.8000000000
6.1845000000,0.0015494175,0.2943788173,falla_engranaje,0.8000000000
6.1850000000,0.0016053086,0.2794388201,falla_engranaje,0.8000000000
6.1855000000,0.0015637448,0.2957552291,falla_engranaje,0.8000000000
6.1860000000,0.0015987712,0.3107161944,falla_engranaje,0.8000000000
6.1865000000,0.0016583783,0.2957669475,falla_engranaje,0.8000000000
6.1870000000,0.0016310503,0.3246987407,falla_engranaje,0.8000000000
6.1875000000,0.0015747443,0.3031785240,falla_engranaje,0.8000000000
6.1880000000,0.0015956310,0.2985217869,falla_engranaje,0.8000000000
6.1885000000,0.0017083014,0.3069996511,falla_engranaje,0.8000000000
6.1890000000,0.0016395825,0.3281894163,falla_engranaje,0.8000000000
6.1895000000,0.0017317400,0.3129958805,falla_engranaje,0.8000000000
6.1900000000,0.0016682372,0.3019467817,falla_engranaje,0.8000000000
6.1905000000,0.0017171004,0.3168659936,falla_engranaje,0.8000000000
6.1910000000,0.0017207425,0.3037136549,falla_engranaje,0.8000000000
6.1915000000,0.0017009593,0.3065980366,falla_engranaje,0.8000000000
6.1920000000,0.0015805151,0.3052987364,falla_engranaje,0.8000000000
6.1925000000,0.0017471534,0.3093578325,falla_engranaje,0.8000000000
6.1930000000,0.0016903398,0.3104435173,falla_engranaje,0.8000000000
6.1935000000,0.0016613925,0.3094331991,falla_engranaje,0.8000000000
6.1940000000,0.0015146706,0.3131052700,falla_engranaje,0.8000000000
6.1945000000,0.0016258971,0.2995574879,falla_engranaje,0.8000000000
6.1950000000,0.0016512810,0.3001622785,falla_engranaje,0.8000000000
6.1955000000,0.0016928370,0.3025685389,falla_engranaje,0.8000000000
6.1960000000,0.0017273166,0.3012307074,falla_engranaje,0.8000000000
6.1965000000,0.0016057974,0.2939010670,falla_engranaje,0.8000000000
6.1970000000,0.0015736280,0.3006660676,falla_engranaje,0.8000000000
6.1975000000,0.0016224296,0.3017687459,falla_engranaje,0.8000000000
6.1980000000,0.0016103177,0.3210126471,falla_engranaje,0.8000000000
6.1985000000,0.0016216785,0.2914191872,falla_engranaje,0.8000000000
6.1990000000,0.0015566174,0.3056424403,falla_engranaje,0.8000000000
6.1995000000,0.0016366227,0.3248097682,falla_engranaje,0.8000000000
6.2000000000,0.0016351271,0.2997310907,falla_engranaje,0.8000000000
6.2005000000,0.0016461288,0.3044108144,falla_engranaje,0.8000000000
6.2010000000,0.0016452253,0.3163509684,falla_engranaje,0.8000000000
6.2015000000,0.0016079838,0.3177759974,falla_engranaje,0.8000000000
6.2020000000,0.0016443937,0.3031691458,falla_engranaje,0.8000000000
6.2025000000,0.0015992341,0.3006802196,falla_engranaje,0.8000000000
6.2030000000,0.0016066893,0.3105442085,falla_engranaje,0.8000000000
6.2035000000,0.0015330130,0.3102810139,falla_engranaje,0.8000000000
6.2040000000,0.0016341931,0.3136010900,falla_engranaje,0.8000000000
6.2045000000,0.0017223586,0.3022185461,falla_engranaje,0.8000000000
6.2050000000,0.0016415466,0.3103201619,falla_engranaje,0.8000000000
6.2055000000,0.0016182791,0.3172166940,falla_engranaje,0.8000000000
6.2060000000,0.0016600771,0.3423623372,falla_engranaje,0.8000000000
6.2065000000,0.0016910051,0.3112336690,falla_engranaje,0.8000000000
6.2070000000,0.0016498631,0.3255032353,falla_engranaje,0.8000000000
6.2075000000,0.0016103513,0.3213124638,falla_engranaje,0.8000000000
6.2080000000,0.0015938604,0.3291136859,falla_engranaje,0.8000000000
6.2085000000,0.0016478919,0.3323786751,falla_engranaje,0.8000000000
6.2090000000,0.0015946381,0.3279789534,falla_engranaje,0.8000000000
6.2095000000,0.0015927932,0.3345805086,falla_engranaje,0.8000000000
6.2100000000,0.0016660249,0.3205794069,falla_engranaje,0.8000000000
6.2105000000,0.0016488204,0.3196604308,falla_engranaje,0.8000000000
6.2110000000,0.0015296823,0.3168757596,falla_engranaje,0.8000000000
6.2115000000,0.0016333854,0.3117430808,falla_engranaje,0.8000000000
6.2120000000,0.0015831550,0.3229185273,falla_engranaje,0.8000000000
6.2125000000,0.0015424352,0.3169493639,falla_engranaje,0.8000000000
6.2130000000,0.0015625603,0.3272825181,falla_engranaje,0.8000000000
6.2135000000,0.0016339662,0.3237453740,falla_engranaje,0.8000000000
6.2140000000,0.0016121057,0.3155984904,falla_engranaje,0.8000000000
6.2145000000,0.0016297021,0.3171299582,falla_engranaje,0.8000000000
6.2150000000,0.0016855110,0.3039342713,falla_engranaje,0.8000000000
6.2155000000,0.0016725397,0.3174185707,falla_engranaje,0.8000000000
6.2160000000,0.0016457584,0.3038405134,falla_engranaje,0.8000000000
6.2165000000,0.0016096042,0.3202770577,falla_engranaje,0.8000000000
6.2170000000,0.0016342664,0.3086187439,falla_engranaje,0.8000000000
6.2175000000,0.0017786238,0.3100272971,falla_engranaje,0.8000000000
6.2180000000,0.0015266091,0.3292327270,falla_engranaje,0.8000000000
6.2185000000,0.0016119288,0.3327479327,falla_engranaje,0.8000000000
6.2190000000,0.0016121714,0.3144349410,falla_engranaje,0.8000000000
6.2195000000,0.0016511234,0.3166466051,falla_engranaje,0.8000000000
6.2200000000,0.0016167513,0.3198233412,falla_engranaje,0.8000000000
6.2205000000,0.0016297143,0.3310710313,falla_engranaje,0.8000000000
6.2210000000,0.0015572199,0.3330298524,falla_engranaje,0.8000000000
6.2215000000,0.0016173650,0.3103840627,falla_engranaje,0.8000000000
6.2220000000,0.0016927324,0.3318141040,falla_engranaje,0.8000000000
6.2225000000,0.0016385376,0.3111873422,falla_engranaje,0.8000000000
6.2230000000,0.0016509234,0.3328309487,falla_engranaje,0.8000000000
6.2235000000,0.0016412905,0.3181856527,falla_engranaje,0.8000000000
6.2240000000,0.0016665352,0.3459035740,falla_engranaje,0.8000000000
6.2245000000,0.0016530948,0.3314798874,falla_engranaje,0.8000000000
6.2250000000,0.0015220833,0.3365236112,falla_engranaje,0.8000000000
6.2255000000,0.0016464744,0.3319483773,falla_engranaje,0.8000000000
6.2260000000,0.0015971229,0.3515372171,falla_engranaje,0.8000000000
6.2265000000,0.0016672373,0.3446698976,falla_engranaje,0.8000000000
6.2270000000,0.0016197346,0.3436833828,falla_engranaje,0.8000000000
6.2275000000,0.0016226394,0.3336875878,falla_engranaje,0.8000000000
6.2280000000,0.0016599102,0.2861718771,falla_engranaje,0.8000000000
6.2285000000,0.0015460380,0.3268965233,falla_engranaje,0.8000000000
6.2290000000,0.0017359451,0.3049191472,falla_engranaje,0.8000000000
6.2295000000,0.0015975556,0.3233705826,falla_engranaje,0.8000000000
6.2300000000,0.0015850991,0.3290581747,falla_engranaje,0.8000000000
6.2305000000,0.0015440109,0.3225296544,falla_engranaje,0.8000000000
6.2310000000,0.0015462432,0.3396321870,falla_engranaje,0.8000000000
6.2315000000,0.0016110414,0.3337275455,falla_engranaje,0.8000000000
6.2320000000,0.0014982188,0.3309034835,falla_engranaje,0.8000000000
6.2325000000,0.0016421845,0.3247208484,falla_engranaje,0.8000000000
6.2330000000,0.0016746860,0.3412235939,falla_engranaje,0.8000000000
6.2335000000,0.0015724391,0.3203806345,falla_engranaje,0.8000000000
6.2340000000,0.0015724640,0.3345452393,falla_engranaje,0.8000000000
6.2345000000,0.0015098891,0.3390345278,falla_engranaje,0.8000000000
6.2350000000,0.0016523221,0.3270406707,falla_engranaje,0.8000000000
6.2355000000,0.0015636173,0.3539922209,falla_engranaje,0.8000000000
6.2360000000,0.0015642519,0.3332093148,falla_engranaje,0.8000000000
6.2365000000,0.0015949654,0.3433935691,falla_engranaje,0.8000000000
6.2370000000,0.0016536577,0.3290884479,falla_engranaje,0.8000000000
6.2375000000,0.0014838579,0.3494703394,falla_engranaje,0.8000000000
6.2380000000,0.0015848295,0.3362206179,falla_engranaje,0.8000000000
6.2385000000,0.0015836493,0.3211960789,falla_engranaje,0.8000000000
6.2390000000,0.0015441897,0.3363996587,falla_engranaje,0.8000000000
6.2395000000,0.0015874835,0.3441474058,falla_engranaje,0.8000000000
6.2400000000,0.0015181752,0.3336605896,falla_engranaje,0.8000000000
6.2405000000,0.0015746492,0.3279240584,falla_engranaje,0.8000000000
6.2410000000,0.0016279501,0.3363428009,falla_engranaje,0.8000000000
6.2415000000,0.0015665085,0.3330738817,falla_engranaje,0.8000000000
6.2420000000,0.0015069467,0.3362237385,falla_engranaje,0.8000000000
6.2425000000,0.0015525874,0.3320913579,falla_engranaje,0.8000000000
6.2430000000,0.0014450602,0.3380379650,falla_engranaje,0.8000000000
6.2435000000,0.0014698011,0.3277170871,falla_engranaje,0.8000000000
6.2440000000,0.0014341701,0.3404602807,falla_engranaje,0.8000000000
6.2445000000,0.0015025124,0.3534436434,falla_engranaje,0.8000000000
6.2450000000,0.0015523359,0.3341256752,falla_engranaje,0.8000000000
6.2455000000,0.0015062300,0.3389279424,falla_engranaje,0.8000000000
6.2460000000,0.0014603542,0.3435056712,falla_engranaje,0.8000000000
6.2465000000,0.0014661756,0.3258688216,falla_engranaje,0.8000000000
6.2470000000,0.0015591889,0.3442425221,falla_engranaje,0.8000000000
6.2475000000,0.0016405815,0.3347808964,falla_engranaje,0.8000000000
6.2480000000,0.0015616793,0.3390057750,falla_engranaje,0.8000000000
6.2485000000,0.0015963347,0.3453643524,falla_engranaje,0.8000000000
6.2490000000,0.0015532752,0.3234393160,falla_engranaje,0.8000000000
6.2495000000,0.0015651401,0.3504725591,falla_engranaje,0.8000000000
6.2500000000,0.0014913612,0.3441969227,falla_engranaje,0.8000000000
6.2505000000,0.0015883053,0.3295829800,falla_engranaje,0.8000000000
6.2510000000,0.0014993488,0.3394846842,falla_engranaje,0.8000000000
6.2515000000,0.0014400662,0.3516733019,falla_engranaje,0.8000000000
6.2520000000,0.0014923103,0.3441891634,falla_engranaje,0.8000000000
6.2525000000,0.0014942958,0.3370009080,falla_engranaje,0.8000000000
6.2530000000,0.0014629011,0.3319616771,falla_engranaje,0.8000000000
6.2535000000,0.0015244603,0.3298627092,falla_engranaje,0.8000000000
6.2540000000,0.0015147676,0.3502594788,falla_engranaje,0.8000000000
6.2545000000,0.0013901435,0.3544871539,falla_engranaje,0.8000000000
6.2550000000,0.0014688969,0.3440086274,falla_engranaje,0.8000000000
6.2555000000,0.0014852099,0.3483419783,falla_engranaje,0.8000000000
6.2560000000,0.0015258631,0.3365896518,falla_engranaje,0.8000000000
6.2565000000,0.0013993315,0.3467366554,falla_engranaje,0.8000000000
6.2570000000,0.0015120739,0.3482469622,falla_engranaje,0.8000000000
6.2575000000,0.0014387682,0.3558934333,falla_engranaje,0.8000000000
6.2580000000,0.0014137888,0.3336382421,falla_engranaje,0.8000000000
6.2585000000,0.0014830135,0.3568751305,falla_engranaje,0.8000000000
6.2590000000,0.0014576160,0.3337685817,falla_engranaje,0.8000000000
6.2595000000,0.0013904152,0.3573663585,falla_engranaje,0.8000000000
6.2600000000,0.0014518333,0.3340243687,falla_engranaje,0.8000000000
6.2605000000,0.0015137848,0.3384258429,falla_engranaje,0.8000000000
6.2610000000,0.0014864736,0.3592453703,falla_engranaje,0.8000000000
6.2615000000,0.0014848961,0.3417137130,falla_engranaje,0.8000000000
6.2620000000,0.0013550028,0.3457587351,falla_engranaje,0.8000000000
6.2625000000,0.0014595440,0.3472849460,falla_engranaje,0.8000000000
6.2630000000,0.0014340853,0.3575134735,falla_engranaje,0.8000000000
6.2635000000,0.0013843880,0.3467601842,falla_engranaje,0.8000000000
6.2640000000,0.0014062423,0.3477413603,falla_engranaje,0.8000000000
6.2645000000,0.0014703992,0.3566755862,falla_engranaje,0.8000000000
6.2650000000,0.0014493261,0.3454541382,falla_engranaje,0.8000000000
6.2655000000,0.0014000689,0.3647155156,falla_engranaje,0.8000000000
6.2660000000,0.0013270685,0.3503128372,falla_engranaje,0.8000000000
6.2665000000,0.0014221902,0.3469564658,falla_engranaje,0.8000000000
6.2670000000,0.0013652018,0.3391176398,falla_engranaje,0.8000000000
6.2675000000,0.0014324053,0.3555809837,falla_engranaje,0.8000000000
6.2680000000,0.0014254153,0.3488431620,falla_engranaje,0.8000000000
6.2685000000,0.0014936194,0.3540617508,falla_engranaje,0.8000000000
6.2690000000,0.0015107052,0.3536589323,falla_engranaje,0.8000000000
6.2695000000,0.0014239018,0.3512937118,falla_engranaje,0.8000000000
6.2700000000,0.0013484719,0.3472872155,falla_engranaje,0.8000000000
6.2705000000,0.0014048840,0.3489715379,falla_engranaje,0.8000000000
6.2710000000,0.0014097903,0.3357174298,falla_engranaje,0.8000000000
6.2715000000,0.0012823247,0.3460255990,falla_engranaje,0.8000000000
6.2720000000,0.0014970980,0.3614760362,falla_engranaje,0.8000000000
6.2725000000,0.0014511457,0.3447273640,falla_engranaje,0.8000000000
6.2730000000,0.0014863288,0.3582163444,falla_engranaje,0.8000000000
6.2735000000,0.0013522605,0.3400096423,falla_engranaje,0.8000000000
6.2740000000,0.0015124372,0.3524984715,falla_engranaje,0.8000000000
6.2745000000,0.0015330630,0.3477024867,falla_engranaje,0.8000000000
6.2750000000,0.0014421224,0.3460887269,falla_engranaje,0.8000000000
6.2755000000,0.0014950853,0.3727061796,falla_engranaje,0.8000000000
6.2760000000,0.0013588350,0.3600215214,falla_engranaje,0.8000000000
6.2765000000,0.0014875431,0.3496576167,falla_engranaje,0.8000000000
6.2770000000,0.0013283984,0.3678640005,falla_engranaje,0.8000000000
6.2775000000,0.0014567640,0.3535171825,falla_engranaje,0.8000000000
6.2780000000,0.0014331675,0.3663196968,falla_engranaje,0.8000000000
6.2785000000,0.0013199380,0.3595317608,falla_engranaje,0.8000000000
6.2790000000,0.0013159631,0.3626589813,falla_engranaje,0.8000000000
6.2795000000,0.0013429488,0.3691983062,falla_engranaje,0.8000000000
6.2800000000,0.0014314095,0.3540510426,falla_engranaje,0.8000000000
6.2805000000,0.0014388929,0.3661089796,falla_engranaje,0.8000000000
6.2810000000,0.0013459839,0.3490869734,falla_engranaje,0.8000000000
6.2815000000,0.0014542310,0.3512822759,falla_engranaje,0.8000000000
6.2820000000,0.0013010281,0.3667722001,falla_engranaje,0.8000000000
6.2825000000,0.0014416836,0.3569879143,falla_engranaje,0.8000000000
6.2830000000,0.0014241682,0.3584969613,falla_engranaje,0.8000000000
6.2835000000,0.0014945092,0.3738295073,falla_engranaje,0.8000000000
6.2840000000,0.0014583569,0.3433705572,falla_engranaje,0.8000000000
6.2845000000,0.0013315764,0.3513440371,falla_engranaje,0.8000000000
6.2850000000,0.0014638644,0.3517705127,falla_engranaje,0.8000000000
6.2855000000,0.0013591814,0.3721843552,falla_engranaje,0.8000000000
6.2860000000,0.0013470518,0.3429780240,falla_engranaje,0.8000000000
6.2865000000,0.0013804888,0.3598654908,falla_engranaje,0.8000000000
6.2870000000,0.0014089971,0.3696272782,falla_engranaje,0.8000000000
6.2875000000,0.0013408015,0.3511937102,falla_engranaje,0.8000000000
6.2880000000,0.0013715845,0.3630639935,falla_engranaje,0.8000000000
6.2885000000,0.0014281084,0.3643044110,falla_engranaje,0.8000000000
6.2890000000,0.0013462231,0.3716971422,falla_engranaje,0.8000000000
6.2895000000,0.0013599102,0.3658685157,falla_engranaje,0.8000000000
6.2900000000,0.0013970531,0.3562556717,falla_engranaje,0.8000000000
6.2905000000,0.0014039181,0.3599466560,falla_engranaje,0.8000000000
6.2910000000,0.0014242906,0.3601341112,falla_engranaje,0.8000000000
6.2915000000,0.0013852040,0.3741296689,falla_engranaje,0.8000000000
6.2920000000,0.0013769153,0.3534882729,falla_engranaje,0.8000000000
6.2925000000,0.0013266811,0.3487753261,falla_engranaje,0.8000000000
6.2930000000,0.0013687903,0.3602193951,falla_engranaje,0.8000000000
6.2935000000,0.0012976702,0.3645869598,falla_engranaje,0.8000000000
6.2940000000,0.0013535857,0.3698897874,falla_engranaje,0.8000000000
6.2945000000,0.0013442769,0.3730019530,falla_engranaje,0.8000000000
6.2950000000,0.0012836029,0.3616740181,falla_engranaje,0.8000000000
6.2955000000,0.0012885188,0.3578498493,falla_engranaje,0.8000000000
6.2960000000,0.0013173098,0.3676365211,falla_engranaje,0.8000000000
6.2965000000,0.0012540390,0.3690721410,falla_engranaje,0.8000000000
6.2970000000,0.0014676704,0.3751441141,falla_engranaje,0.8000000000
6.2975000000,0.0012973334,0.3741310901,falla_engranaje,0.8000000000
6.2980000000,0.0012268051,0.3564130920,falla_engranaje,0.8000000000
6.2985000000,0.0012181537,0.3815518172,falla_engranaje,0.8000000000
6.2990000000,0.0012745146,0.3657355549,falla_engranaje,0.8000000000
6.2995000000,0.0014155985,0.3888252768,falla_engranaje,0.8000000000
6.3000000000,0.0012838875,0.3641526499,falla_engranaje,0.8000000000
6.3005000000,0.0012715062,0.3775329235,falla_engranaje,0.8000000000
6.3010000000,0.0011870220,0.3922223195,falla_engranaje,0.8000000000
6.3015000000,0.0012675269,0.3472256627,falla_engranaje,0.8000000000
6.3020000000,0.0012755572,0.3741452906,falla_engranaje,0.8000000000
6.3025000000,0.0012914371,0.3637336433,falla_engranaje,0.8000000000
6.3030000000,0.0013011915,0.3468047936,falla_engranaje,0.8000000000
6.3035000000,0.0012742530,0.3810253285,falla_engranaje,0.8000000000
6.3040000000,0.0014734290,0.3735721673,falla_engranaje,0.8000000000
6.3045000000,0.0013307812,0.3818638744,falla_engranaje,0.8000000000
6.3050000000,0.0013162517,0.3779640879,falla_engranaje,0.8000000000
6.3055000000,0.0012697998,0.3766600619,falla_engranaje,0.8000000000
6.3060000000,0.0013547106,0.3914477821,falla_engranaje,0.8000000000
6.3065000000,0.0013177447,0.3595241944,falla_engranaje,0.8000000000
6.3070000000,0.0012685533,0.3768613549,falla_engranaje,0.8000000000
6.3075000000,0.0013904589,0.3792878707,falla_engranaje,0.8000000000
6.3080000000,0.0012441522,0.3831755564,falla_engranaje,0.8000000000
6.3085000000,0.0014341098,0.3772037608,falla_engranaje,0.8000000000
6.3090000000,0.0013179499,0.3726834405,falla_engranaje,0.8000000000
6.3095000000,0.0012833799,0.3772955079,falla_engranaje,0.8000000000
6.3100000000,0.0012731516,0.3639852596,falla_engranaje,0.8000000000
6.3105000000,0.0013031324,0.3833845433,falla_engranaje,0.8000000000
6.3110000000,0.0012038175,0.3631027605,falla_engranaje,0.8000000000
6.3115000000,0.0012881352,0.3685181514,falla_engranaje,0.8000000000
6.3120000000,0.0011277467,0.3751755237,falla_engranaje,0.8000000000
6.3125000000,0.0013402498,0.3730268793,falla_engranaje,0.8000000000
6.3130000000,0.0013002353,0.3728672543,falla_engranaje,0.8000000000
6.3135000000,0.0014008886,0.3738307959,falla_engranaje,0.8000000000
6.3140000000,0.0013144995,0.3882369343,falla_engranaje,0.8000000000
6.3145000000,0.0012752351,0.3741457862,falla_engranaje,0.8000000000
6.3150000000,0.0013779947,0.3617406860,falla_engranaje,0.8000000000
6.3155000000,0.0012860044,0.3661197341,falla_engranaje,0.8000000000
6.3160000000,0.0012884474,0.3825496376,falla_engranaje,0.8000000000
6.3165000000,0.0013707043,0.3607893758,falla_engranaje,0.8000000000
6.3170000000,0.0013887326,0.3838152737,falla_engranaje,0.8000000000
6.3175000000,0.0012735542,0.3469863147,falla_engranaje,0.8000000000
6.3180000000,0.0012590837,0.4048619037,falla_engranaje,0.8000000000
6.3185000000,0.0014599106,0.3816271360,falla_engranaje,0.8000000000
6.3190000000,0.0013564173,0.3935173572,falla_engranaje,0.8000000000
6.3195000000,0.0012484277,0.3891763500,falla_engranaje,0.8000000000
6.3200000000,0.0011235321,0.3767240366,falla_engranaje,0.8000000000
6.3205000000,0.0013011795,0.3856704805,falla_engranaje,0.8000000000
6.3210000000,0.0011902879,0.3896522868,falla_engranaje,0.8000000000
6.3215000000,0.0012313846,0.3626323167,falla_engranaje,0.8000000000
6.3220000000,0.0011806133,0.3698990271,falla_engranaje,0.8000000000
6.3225000000,0.0012551748,0.3979711948,falla_engranaje,0.8000000000
6.3230000000,0.0011473411,0.3744651213,falla_engranaje,0.8000000000
6.3235000000,0.0012971321,0.3972147939,falla_engranaje,0.8000000000
6.3240000000,0.0012773787,0.3883767403,falla_engranaje,0.8000000000
6.3245000000,0.0011817520,0.4008052967,falla_engranaje,0.8000000000
6.3250000000,0.0012651572,0.3922556739,falla_engranaje,0.8000000000
6.3255000000,0.0012144561,0.3930339700,falla_engranaje,0.8000000000
6.3260000000,0.0012543033,0.3772468684,falla_engranaje,0.8000000000
6.3265000000,0.0013078571,0.3823187149,falla_engranaje,0.8000000000
6.3270000000,0.0012831161,0.3786181720,falla_engranaje,0.8000000000
6.3275000000,0.0011675753,0.3956867479,falla_engranaje,0.8000000000
6.3280000000,0.0011528963,0.4032164432,falla_engranaje,0.8000000000
6.3285000000,0.0013394314,0.3901218486,falla_engranaje,0.8000000000
6.3290000000,0.0012389633,0.3896239963,falla_engranaje,0.8000000000
6.3295000000,0.0012409770,0.3758615746,falla_engranaje,0.8000000000
6.3300000000,0.0013222064,0.3817355698,falla_engranaje,0.8000000000
6.3305000000,0.0011942093,0.3895977361,falla_engranaje,0.8000000000
6.3310000000,0.0012256840,0.4016779211,falla_engranaje,0.8000000000
6.3315000000,0.0011625626,0.3776335777,falla_engranaje,0.8000000000
6.3320000000,0.0011792495,0.4067589205,falla_engranaje,0.8000000000
6.3325000000,0.0011196699,0.3892865531,falla_engranaje,0.8000000000
6.3330000000,0.0013004240,0.3717789281,falla_engranaje,0.8000000000
6.3335000000,0.0012618391,0.3833766046,falla_engranaje,0.8000000000
6.3340000000,0.0012521328,0.3883858475,falla_engranaje,0.8000000000
6.3345000000,0.0013181948,0.3851983012,falla_engranaje,0.8000000000
6.3350000000,0.0012677991,0.3788780297,falla_engranaje,0.8000000000
6.3355000000,0.0012891177,0.3967732814,falla_engranaje,0.8000000000
6.3360000000,0.0013040991,0.4047658325,falla_engranaje,0.8000000000
6.3365000000,0.0012627496,0.4081845844,falla_engranaje,0.8000000000
6.3370000000,0.0013082199,0.4071278689,falla_engranaje,0.8000000000
6.3375000000,0.0012219757,0.4085158764,falla_engranaje,0.8000000000
6.3380000000,0.0012555979,0.3968421432,falla_engranaje,0.8000000000
6.3385000000,0.0012387228,0.3893901205,falla_engranaje,0.8000000000
6.3390000000,0.0012861202,0.3904080979,falla_engranaje,0.8000000000
6.3395000000,0.0012841405,0.4079267605,falla_engranaje,0.8000000000
6.3400000000,0.0012142108,0.4056066332,falla_engranaje,0.8000000000
6.3405000000,0.0012096080,0.3885298537,falla_engranaje,0.8000000000
6.3410000000,0.0012882194,0.3901489092,falla_engranaje,0.8000000000
6.3415000000,0.0012544316,0.3901280681,falla_engranaje,0.8000000000
6.3420000000,0.0011790575,0.3974692503,falla_engranaje,0.8000000000
6.3425000000,0.0012391946,0.3923157770,falla_engranaje,0.8000000000
6.3430000000,0.0011447922,0.3845137389,falla_engranaje,0.8000000000
6.3435000000,0.0012951569,0.3989913223,falla_engranaje,0.8000000000
6.3440000000,0.0013797343,0.3993243775,falla_engranaje,0.8000000000
6.3445000000,0.0013208612,0.3905416640,falla_engranaje,0.8000000000
6.3450000000,0.0012344537,0.3974897882,falla_engranaje,0.8000000000
6.3455000000,0.0011900647,0.4031422356,falla_engranaje,0.8000000000
6.3460000000,0.0012130973,0.4009084704,falla_engranaje,0.8000000000
6.3465000000,0.0012290354,0.4108266464,falla_engranaje,0.8000000000
6.3470000000,0.0013509967,0.3911442836,falla_engranaje,0.8000000000
6.3475000000,0.0012784829,0.3993222666,falla_engranaje,0.8000000000
6.3480000000,0.0011369343,0.4089317559,falla_engranaje,0.8000000000
6.3485000000,0.0012900018,0.4022117959,falla_engranaje,0.8000000000
6.3490000000,0.0012574746,0.4037739627,falla_engranaje,0.8000000000
6.3495000000,0.0012994244,0.4321857270,falla_engranaje,0.8000000000
6.3500000000,0.0012308229,0.4225971198,falla_engranaje,0.8000000000
6.3505000000,0.0012466704,0.4249630127,falla_engranaje,0.8000000000
6.3510000000,0.0011860789,0.4103232730,falla_engranaje,0.8000000000
6.3515000000,0.0011843415,0.4134615488,falla_engranaje,0.8000000000
6.3520000000,0.0012978663,0.3980159714,falla_engranaje,0.8000000000
6.3525000000,0.0012932579,0.4091529993,falla_engranaje,0.8000000000
6.3530000000,0.0013162458,0.3977186454,falla_engranaje,0.8000000000
6.3535000000,0.0011662672,0.3859051419,falla_engranaje,0.8000000000
6.3540000000,0.0012429766,0.4148841502,falla_engranaje,0.8000000000
6.3545000000,0.0011992306,0.4229229104,falla_engranaje,0.8000000000
6.3550000000,0.0012027627,0.4238721451,falla_engranaje,0.8000000000
6.3555000000,0.0011924982,0.4169106880,falla_engranaje,0.8000000000
6.3560000000,0.0011627465,0.4182165958,falla_engranaje,0.8000000000
6.3565000000,0.0011734942,0.4161281225,falla_engranaje,0.8000000000
6.3570000000,0.0011754439,0.4136500364,falla_engranaje,0.8000000000
6.3575000000,0.0011963546,0.4154074944,falla_engranaje,0.8000000000
6.3580000000,0.0013027363,0.4305386585,falla_engranaje,0.8000000000
6.3585000000,0.0011477572,0.4183729848,falla_engranaje,0.8000000000
6.3590000000,0.0012047227,0.4240507680,falla_engranaje,0.8000000000
6.3595000000,0.0011983795,0.3979476765,falla_engranaje,0.8000000000
6.3600000000,0.0012204410,0.4010313972,falla_engranaje,0.8000000000
6.3605000000,0.0012804958,0.4219583754,falla_engranaje,0.8000000000
6.3610000000,0.0013213495,0.4227444390,falla_engranaje,0.8000000000
6.3615000000,0.0012842700,0.3981854859,falla_engranaje,0.8000000000
6.3620000000,0.0012147252,0.3993829724,falla_engranaje,0.8000000000
6.3625000000,0.0012794260,0.4067546444,falla_engranaje,0.8000000000
6.3630000000,0.0012511601,0.4045719105,falla_engranaje,0.8000000000
6.3635000000,0.0012374632,0.4125418503,falla_engranaje,0.8000000000
6.3640000000,0.0012170488,0.4156007683,falla_engranaje,0.8000000000
6.3645000000,0.0011950052,0.4233458565,falla_engranaje,0.8000000000
6.3650000000,0.0012222190,0.4217122431,falla_engranaje,0.8000000000
6.3655000000,0.0013987542,0.4152908838,falla_engranaje,0.8000000000
6.3660000000,0.0011970085,0.4180325209,falla_engranaje,0.8000000000
6.3665000000,0.0012229542,0.4347079682,falla_engranaje,0.8000000000
6.3670000000,0.0012202685,0.4268137976,falla_engranaje,0.8000000000
6.3675000000,0.0012628390,0.4292998291,falla_engranaje,0.8000000000
6.3680000000,0.0012911963,0.4209994027,falla_engranaje,0.8000000000
6.3685000000,0.0012498131,0.4253957275,falla_engranaje,0.8000000000
6.3690000000,0.0012256600,0.4281995340,falla_engranaje,0.8000000000
6.3695000000,0.0012705025,0.4205028703,falla_engranaje,0.8000000000
6.3700000000,0.0013714669,0.4340056370,falla_engranaje,0.8000000000
6.3705000000,0.0011914477,0.4135737821,falla_engranaje,0.8000000000
6.3710000000,0.0012071773,0.4337094436,falla_engranaje,0.8000000000
6.3715000000,0.0012406663,0.4226630085,falla_engranaje,0.8000000000
6.3720000000,0.0011984287,0.4297451702,falla_engranaje,0.8000000000
6.3725000000,0.0012163286,0.4272371940,falla_engranaje,0.8000000000
6.3730000000,0.0013271153,0.4437544601,falla_engranaje,0.8000000000
6.3735000000,0.0013478596,0.4340305586,falla_engranaje,0.8000000000
6.3740000000,0.0012543701,0.4270353028,falla_engranaje,0.8000000000
6.3745000000,0.0013247119,0.4355172383,falla_engranaje,0.8000000000
6.3750000000,0.0013362086,0.4247386146,falla_engranaje,0.8000000000
6.3755000000,0.0013371003,0.4237159195,falla_engranaje,0.8000000000
6.3760000000,0.0013159996,0.4404146806,falla_engranaje,0.8000000000
6.3765000000,0.0013326161,0.4377147440,falla_engranaje,0.8000000000
6.3770000000,0.0013991953,0.4374796317,falla_engranaje,0.8000000000
6.3775000000,0.0012944570,0.4239559107,falla_engranaje,0.8000000000
6.3780000000,0.0011804190,0.4193680465,falla_engranaje,0.8000000000
6.3785000000,0.0013371361,0.4477452636,falla_engranaje,0.8000000000
6.3790000000,0.0013118683,0.4305098987,falla_engranaje,0.8000000000
6.3795000000,0.0013666930,0.4209839716,falla_engranaje,0.8000000000
6.3800000000,0.0012639867,0.4180263423,falla_engranaje,0.8000000000
6.3805000000,0.0012863823,0.4341795088,falla_engranaje,0.8000000000
6.3810000000,0.0013712846,0.4364066368,falla_engranaje,0.8000000000
6.3815000000,0.0012769249,0.4483361571,falla_engranaje,0.8000000000
6.3820000000,0.0012880844,0.4422034729,falla_engranaje,0.8000000000
6.3825000000,0.0013852369,0.4416694355,falla_engranaje,0.8000000000
6.3830000000,0.0012970844,0.4476146328,falla_engranaje,0.8000000000
6.3835000000,0.0012843608,0.4439522360,falla_engranaje,0.8000000000
6.3840000000,0.0013770552,0.4490630790,falla_engranaje,0.8000000000
6.3845000000,0.0012902807,0.4294739445,falla_engranaje,0.8000000000
6.3850000000,0.0012672590,0.4290341900,falla_engranaje,0.8000000000
6.3855000000,0.0013465186,0.4483639697,falla_engranaje,0.8000000000
6.3860000000,0.0013438046,0.4287897241,falla_engranaje,0.8000000000
6.3865000000,0.0012871885,0.4318828101,falla_engranaje,0.8000000000
6.3870000000,0.0013660645,0.4353451946,falla_engranaje,0.8000000000
6.3875000000,0.0013305950,0.4645426570,falla_engranaje,0.8000000000
6.3880000000,0.0013070005,0.4363654440,falla_engranaje,0.8000000000
6.3885000000,0.0011814242,0.4635227593,falla_engranaje,0.8000000000
6.3890000000,0.0013536622,0.4359388676,falla_engranaje,0.8000000000
6.3895000000,0.0014305323,0.4526098034,falla_engranaje,0.8000000000
6.3900000000,0.0014032240,0.4651782329,falla_engranaje,0.8000000000
6.3905000000,0.0013843988,0.4442644090,falla_engranaje,0.8000000000
6.3910000000,0.0012777717,0.4554863513,falla_engranaje,0.8000000000
6.3915000000,0.0014216469,0.4398998937,falla_engranaje,0.8000000000
6.3920000000,0.0014559984,0.4538466013,falla_engranaje,0.8000000000
6.3925000000,0.0013749830,0.4517421424,falla_engranaje,0.8000000000
6.3930000000,0.0014692089,0.4403159520,falla_engranaje,0.8000000000
6.3935000000,0.0013258005,0.4459825108,falla_engranaje,0.8000000000
6.3940000000,0.0011941059,0.4646497508,falla_engranaje,0.8000000000
6.3945000000,0.0012483735,0.4700999629,falla_engranaje,0.8000000000
6.3950000000,0.0014262438,0.4669346669,falla_engranaje,0.8000000000
6.3955000000,0.0014227515,0.4775400232,falla_engranaje,0.8000000000
6.3960000000,0.0014211870,0.4611866135,falla_engranaje,0.8000000000
6.3965000000,0.0014713060,0.4429817016,falla_engranaje,0.8000000000
6.3970000000,0.0013510102,0.4768495898,falla_engranaje,0.8000000000
6.3975000000,0.0014594907,0.4586234049,falla_engranaje,0.8000000000
6.3980000000,0.0013595344,0.4726925251,falla_engranaje,0.8000000000
6.3985000000,0.0013703015,0.4614131856,falla_engranaje,0.8000000000
6.3990000000,0.0012528804,0.4520760930,falla_engranaje,0.8000000000
6.3995000000,0.0014735323,0.4549734387,falla_engranaje,0.8000000000
6.4000000000,0.0013142931,0.4486817414,falla_engranaje,0.8000000000
6.4005000000,0.0014647137,0.4693170685,falla_engranaje,0.8000000000
6.4010000000,0.0013955328,0.4552472219,falla_engranaje,0.8000000000
6.4015000000,0.0013109078,0.4685218209,falla_engranaje,0.8000000000
6.4020000000,0.0013682499,0.4649012248,falla_engranaje,0.8000000000
6.4025000000,0.0013988733,0.4584381407,falla_engranaje,0.8000000000
6.4030000000,0.0013613956,0.4712994613,falla_engranaje,0.8000000000
6.4035000000,0.0014255651,0.4805763576,falla_engranaje,0.8000000000
6.4040000000,0.0014011967,0.4747849362,falla_engranaje,0.8000000000
6.4045000000,0.0013253077,0.4678140365,falla_engranaje,0.8000000000
6.4050000000,0.0015261300,0.4650917370,falla_engranaje,0.8000000000
6.4055000000,0.0014424233,0.4787480146,falla_engranaje,0.8000000000
6.4060000000,0.0014615031,0.4592085353,falla_engranaje,0.8000000000
6.4065000000,0.0014013793,0.4672122933,falla_engranaje,0.8000000000
6.4070000000,0.0014223528,0.4841614835,falla_engranaje,0.8000000000
6.4075000000,0.0014487975,0.4680604170,falla_engranaje,0.8000000000
6.4080000000,0.0014293134,0.4727185005,falla_engranaje,0.8000000000
6.4085000000,0.0014662935,0.4865939771,falla_engranaje,0.8000000000
6.4090000000,0.0013509838,0.4812897590,falla_engranaje,0.8000000000
6.4095000000,0.0014268033,0.4703230101,falla_engranaje,0.8000000000
6.4100000000,0.0015877902,0.4593344122,falla_engranaje,0.8000000000
6.4105000000,0.0015035787,0.4560762041,falla_engranaje,0.8000000000
6.4110000000,0.0015264624,0.4730358076,falla_engranaje,0.8000000000
6.4115000000,0.0014826647,0.4830525693,falla_engranaje,0.8000000000
6.4120000000,0.0015205916,0.4824304624,falla_engranaje,0.8000000000
6.4125000000,0.0015068297,0.4958438277,falla_engranaje,0.8000000000
6.4130000000,0.0016072128,0.4853274317,falla_engranaje,0.8000000000
6.4135000000,0.0014984341,0.4835381199,falla_engranaje,0.8000000000
6.4140000000,0.0015018003,0.4963268895,falla_engranaje,0.8000000000
6.4145000000,0.0014350140,0.4836915677,falla_engranaje,0.8000000000
6.4150000000,0.0015436032,0.4906058528,falla_engranaje,0.8000000000
6.4155000000,0.0014335516,0.4639065599,falla_engranaje,0.8000000000
6.4160000000,0.0014137067,0.4819326115,falla_engranaje,0.8000000000
6.4165000000,0.0014412823,0.4697492213,falla_engranaje,0.8000000000
6.4170000000,0.0015244671,0.4968415129,falla_engranaje,0.8000000000
6.4175000000,0.0015544137,0.4775655630,falla_engranaje,0.8000000000
6.4180000000,0.0015755317,0.4790408578,falla_engranaje,0.8000000000
6.4185000000,0.0016091915,0.4814011374,falla_engranaje,0.8000000000
6.4190000000,0.0015738891,0.4876119623,falla_engranaje,0.8000000000
6.4195000000,0.0016717421,0.4890665799,falla_engranaje,0.8000000000
6.4200000000,0.0016082137,0.4858167399,falla_engranaje,0.8000000000
6.4205000000,0.0015241906,0.4778775789,falla_engranaje,0.8000000000
6.4210000000,0.0014505434,0.4824965083,falla_engranaje,0.8000000000
6.4215000000,0.0015410956,0.4927254827,falla_engranaje,0.8000000000
6.4220000000,0.0015905511,0.4957703806,falla_engranaje,0.8000000000
6.4225000000,0.0015895911,0.5003461930,falla_engranaje,0.8000000000
6.4230000000,0.0016016921,0.4772756061,falla_engranaje,0.8000000000
6.4235000000,0.0015649083,0.4877953660,falla_engranaje,0.8000000000
6.4240000000,0.0014638878,0.4937131423,falla_engranaje,0.8000000000
6.4245000000,0.0016642887,0.4911808968,falla_engranaje,0.8000000000
6.4250000000,0.0015793306,0.4976446350,falla_engranaje,0.8000000000
6.4255000000,0.0014763406,0.4843210706,falla_engranaje,0.8000000000
6.4260000000,0.0015559020,0.5205889860,falla_engranaje,0.8000000000
6.4265000000,0.0015979178,0.4891438508,falla_engranaje,0.8000000000
6.4270000000,0.0016651332,0.4982524674,falla_engranaje,0.8000000000
6.4275000000,0.0016321058,0.4913811823,falla_engranaje,0.8000000000
6.4280000000,0.0016914969,0.4779634409,falla_engranaje,0.8000000000
6.4285000000,0.0016408918,0.5016120175,falla_engranaje,0.8000000000
6.4290000000,0.0015009062,0.5215351676,falla_engranaje,0.8000000000
6.4295000000,0.0016990427,0.4902734745,falla_engranaje,0.8000000000
6.4300000000,0.0016655649,0.4936792359,falla_engranaje,0.8000000000
6.4305000000,0.0016219178,0.5145372511,falla_engranaje,0.8000000000
6.4310000000,0.0015415457,0.4976787424,falla_engranaje,0.8000000000
6.4315000000,0.0015740576,0.5128816339,falla_engranaje,0.8000000000
6.4320000000,0.0017559220,0.5026522719,falla_engranaje,0.8000000000
6.4325000000,0.0016932506,0.4975357793,falla_engranaje,0.8000000000
6.4330000000,0.0015878238,0.4966977972,falla_engranaje,0.8000000000
6.4335000000,0.0016634789,0.5030792388,falla_engranaje,0.8000000000
6.4340000000,0.0015941339,0.4882842415,falla_engranaje,0.8000000000
6.4345000000,0.0016876990,0.5112973790,falla_engranaje,0.8000000000
6.4350000000,0.0018186703,0.4906618387,falla_engranaje,0.8000000000
6.4355000000,0.0016852996,0.5155156001,falla_engranaje,0.8000000000
6.4360000000,0.0017191182,0.5101085900,falla_engranaje,0.8000000000
6.4365000000,0.0017087274,0.5195480419,falla_engranaje,0.8000000000
6.4370000000,0.0016898482,0.5186346332,falla_engranaje,0.8000000000
6.4375000000,0.0016723975,0.5224855657,falla_engranaje,0.8000000000
6.4380000000,0.0017194163,0.5212030773,falla_engranaje,0.8000000000
6.4385000000,0.0017387143,0.5211792251,falla_engranaje,0.8000000000
6.4390000000,0.0017483800,0.5155272750,falla_engranaje,0.8000000000
6.4395000000,0.0016347291,0.5090840720,falla_engranaje,0.8000000000
6.4400000000,0.0018211824,0.5199956568,falla_engranaje,0.8000000000
6.4405000000,0.0017196530,0.5038650928,falla_engranaje,0.8000000000
6.4410000000,0.0017241124,0.5022816517,falla_engranaje,0.8000000000
6.4415000000,0.0017467353,0.5188334956,falla_engranaje,0.8000000000
6.4420000000,0.0017360097,0.5036407190,falla_engranaje,0.8000000000
6.4425000000,0.0016443808,0.5334873974,falla_engranaje,0.8000000000
6.4430000000,0.0017938825,0.5159492849,falla_engranaje,0.8000000000
6.4435000000,0.0015223034,0.5164751209,falla_engranaje,0.8000000000
6.4440000000,0.0017551529,0.5382802173,falla_engranaje,0.8000000000
6.4445000000,0.0017986420,0.5239630607,falla_engranaje,0.8000000000
6.4450000000,0.0017473202,0.5268866659,falla_engranaje,0.8000000000
6.4455000000,0.0018326399,0.5168472511,falla_engranaje,0.8000000000
6.4460000000,0.0017690235,0.5266073882,falla_engranaje,0.8000000000
6.4465000000,0.0016948405,0.5279997392,falla_engranaje,0.8000000000
6.4470000000,0.0019087446,0.5096515935,falla_engranaje,0.8000000000
6.4475000000,0.0017549298,0.5347456261,falla_engranaje,0.8000000000
6.4480000000,0.0017766510,0.5297642455,falla_engranaje,0.8000000000
6.4485000000,0.0018033610,0.5276022274,falla_engranaje,0.8000000000
6.4490000000,0.0018108984,0.5435581922,falla_engranaje,0.8000000000
6.4495000000,0.0018295528,0.5278076157,falla_engranaje,0.8000000000
6.4500000000,0.0018802561,0.5345871463,falla_engranaje,0.8000000000
6.4505000000,0.0017834599,0.5440208883,falla_engranaje,0.8000000000
6.4510000000,0.0019361456,0.5220360962,falla_engranaje,0.8000000000
6.4515000000,0.0016984674,0.5254736347,falla_engranaje,0.8000000000
6.4520000000,0.0018537888,0.5441705016,falla_engranaje,0.8000000000
6.4525000000,0.0017976599,0.5240079098,falla_engranaje,0.8000000000
6.4530000000,0.0018618040,0.5397702897,falla_engranaje,0.8000000000
6.4535000000,0.0020552541,0.5269741476,falla_engranaje,0.8000000000
6.4540000000,0.0018250950,0.5354755657,falla_engranaje,0.8000000000
6.4545000000,0.0019414199,0.5325732534,falla_engranaje,0.8000000000
6.4550000000,0.0018926443,0.5207154473,falla_engranaje,0.8000000000
6.4555000000,0.0018483466,0.5272815602,falla_engranaje,0.8000000000
6.4560000000,0.0018644026,0.5340112106,falla_engranaje,0.8000000000
6.4565000000,0.0018807596,0.5315255985,falla_engranaje,0.8000000000
6.4570000000,0.0019390450,0.5183079386,falla_engranaje,0.8000000000
6.4575000000,0.0018821378,0.5434376820,falla_engranaje,0.8000000000
6.4580000000,0.0019295789,0.5367371849,falla_engranaje,0.8000000000
6.4585000000,0.0020146123,0.5525370307,falla_engranaje,0.8000000000
6.4590000000,0.0018536357,0.5570193798,falla_engranaje,0.8000000000
6.4595000000,0.0019484664,0.5486334083,falla_engranaje,0.8000000000
6.4600000000,0.0018717962,0.5296253003,falla_engranaje,0.8000000000
6.4605000000,0.0019355814,0.5402168159,falla_engranaje,0.8000000000
6.4610000000,0.0020607991,0.5315393894,falla_engranaje,0.8000000000
6.4615000000,0.0019175610,0.5428889627,falla_engranaje,0.8000000000
6.4620000000,0.0019509793,0.5493576833,falla_engranaje,0.8000000000
6.4625000000,0.0019743039,0.5573431809,falla_engranaje,0.8000000000
6.4630000000,0.0019271119,0.5566049272,falla_engranaje,0.8000000000
6.4635000000,0.0021063641,0.5328137659,falla_engranaje,0.8000000000
6.4640000000,0.0019746816,0.5365880992,falla_engranaje,0.8000000000
6.4645000000,0.0019863775,0.5383445730,falla_engranaje,0.8000000000
6.4650000000,0.0020305729,0.5534049951,falla_engranaje,0.8000000000
6.4655000000,0.0019581311,0.5586470542,falla_engranaje,0.8000000000
6.4660000000,0.0019831520,0.5391245285,falla_engranaje,0.8000000000
6.4665000000,0.0019375743,0.5450022553,falla_engranaje,0.8000000000
6.4670000000,0.0019130435,0.5600213498,falla_engranaje,0.8000000000
6.4675000000,0.0019778474,0.5475142006,falla_engranaje,0.8000000000
6.4680000000,0.0020151425,0.5329149551,falla_engranaje,0.8000000000
6.4685000000,0.0020422570,0.5498554559,falla_engranaje,0.8000000000
6.4690000000,0.0021706379,0.5748632007,falla_engranaje,0.8000000000
6.4695000000,0.0020187139,0.5481610934,falla_engranaje,0.8000000000
6.4700000000,0.0020016674,0.5366063254,falla_engranaje,0.8000000000
6.4705000000,0.0019908084,0.5731756991,falla_engranaje,0.8000000000
6.4710000000,0.0021199446,0.5516128330,falla_engranaje,0.8000000000
6.4715000000,0.0019516113,0.5652350947,falla_engranaje,0.8000000000
6.4720000000,0.0019598822,0.5471932211,falla_engranaje,0.8000000000
6.4725000000,0.0019940023,0.5459291753,falla_engranaje,0.8000000000
6.4730000000,0.0021623949,0.5501618046,falla_engranaje,0.8000000000
6.4735000000,0.0020339466,0.5782275671,falla_engranaje,0.8000000000
6.4740000000,0.0019672778,0.5694001373,falla_engranaje,0.8000000000
6.4745000000,0.0022004019,0.5616921431,falla_engranaje,0.8000000000
6.4750000000,0.0020325061,0.5546652417,falla_engranaje,0.8000000000
6.4755000000,0.0020705340,0.5629808881,falla_engranaje,0.8000000000
6.4760000000,0.0021076449,0.5659742702,falla_engranaje,0.8000000000
6.4765000000,0.0022204770,0.5651970672,falla_engranaje,0.8000000000
6.4770000000,0.0020785397,0.5676901420,falla_engranaje,0.8000000000
6.4775000000,0.0021571444,0.5613742004,falla_engranaje,0.8000000000
6.4780000000,0.0021675500,0.5669576439,falla_engranaje,0.8000000000
6.4785000000,0.0021123725,0.5884840410,falla_engranaje,0.8000000000
6.4790000000,0.0021395103,0.5613468227,falla_engranaje,0.8000000000
6.4795000000,0.0021673211,0.5662880940,falla_engranaje,0.8000000000
6.4800000000,0.0021505096,0.5746789763,falla_engranaje,0.8000000000
6.4805000000,0.0021778894,0.5505389092,falla_engranaje,0.8000000000
6.4810000000,0.0020955266,0.5760510260,falla_engranaje,0.8000000000
6.4815000000,0.0022618515,0.5544112253,falla_engranaje,0.8000000000
6.4820000000,0.0022062036,0.5801132162,falla_engranaje,0.8000000000
6.4825000000,0.0021613946,0.5633919762,falla_engranaje,0.8000000000
6.4830000000,0.0021524559,0.5652382965,falla_engranaje,0.8000000000
6.4835000000,0.0021771513,0.5676288982,falla_engranaje,0.8000000000
6.4840000000,0.0022511746,0.5643064833,falla_engranaje,0.8000000000
6.4845000000,0.0023837067,0.5927959535,falla_engranaje,0.8000000000
6.4850000000,0.0021221505,0.5649781760,falla_engranaje,0.8000000000
6.4855000000,0.0021139173,0.5567871257,falla_engranaje,0.8000000000
6.4860000000,0.0023077614,0.5836577556,falla_engranaje,0.8000000000
6.4865000000,0.0022593310,0.5809229663,falla_engranaje,0.8000000000
6.4870000000,0.0022853849,0.5770961802,falla_engranaje,0.8000000000
6.4875000000,0.0021493313,0.5801288660,falla_engranaje,0.8000000000
6.4880000000,0.0022726927,0.5735338519,falla_engranaje,0.8000000000
6.4885000000,0.0022700418,0.5779415267,falla_engranaje,0.8000000000
6.4890000000,0.0022200111,0.6008758092,falla_engranaje,0.8000000000
6.4895000000,0.0021668939,0.5996502934,falla_engranaje,0.8000000000
6.4900000000,0.0022464485,0.5675971383,falla_engranaje,0.8000000000
6.4905000000,0.0023496975,0.5965437495,falla_engranaje,0.8000000000
6.4910000000,0.0023844445,0.5792916264,falla_engranaje,0.8000000000
6.4915000000,0.0021575104,0.5728830443,falla_engranaje,0.8000000000
6.4920000000,0.0022972551,0.5730743906,falla_engranaje,0.8000000000
6.4925000000,0.0022138513,0.5956425691,falla_engranaje,0.8000000000
6.4930000000,0.0022900875,0.5873101686,falla_engranaje,0.8000000000
6.4935000000,0.0023081313,0.5837901211,falla_engranaje,0.8000000000
6.4940000000,0.0023786619,0.5743382504,falla_engranaje,0.8000000000
6.4945000000,0.0023231662,0.5866660613,falla_engranaje,0.8000000000
6.4950000000,0.0022687574,0.5843288732,falla_engranaje,0.8000000000
6.4955000000,0.0024260850,0.5750412803,falla_engranaje,0.8000000000
6.4960000000,0.0023188275,0.5748813924,falla_engranaje,0.8000000000
6.4965000000,0.0023538999,0.6011074968,falla_engranaje,0.8000000000
6.4970000000,0.0024016603,0.5921994115,falla_engranaje,0.8000000000
6.4975000000,0.0023369436,0.6021200635,falla_engranaje,0.8000000000
6.4980000000,0.0023236318,0.5856666073,falla_engranaje,0.8000000000
6.4985000000,0.0023687613,0.5870695522,falla_engranaje,0.8000000000
6.4990000000,0.0022896314,0.6123296957,falla_engranaje,0.8000000000
6.4995000000,0.0023434246,0.5669792417,falla_engranaje,0.8000000000
6.5000000000,0.0024630113,0.6020092471,falla_engranaje,0.8000000000
6.5005000000,0.0024501949,0.5994044164,falla_engranaje,0.8000000000
6.5010000000,0.0024007887,0.5893508209,falla_engranaje,0.8000000000
6.5015000000,0.0023447501,0.6007011341,falla_engranaje,0.8000000000
6.5020000000,0.0024975964,0.6017735367,falla_engranaje,0.8000000000
6.5025000000,0.0023207640,0.5898389774,falla_engranaje,0.8000000000
6.5030000000,0.0023677986,0.5875906842,falla_engranaje,0.8000000000
6.5035000000,0.0023585050,0.6134214286,falla_engranaje,0.8000000000
6.5040000000,0.0023412181,0.5925934109,falla_engranaje,0.8000000000
6.5045000000,0.0025366076,0.6144949826,falla_engranaje,0.8000000000
6.5050000000,0.0024125212,0.5894945156,falla_engranaje,0.8000000000
6.5055000000,0.0024672121,0.6125596802,falla_engranaje,0.8000000000
6.5060000000,0.0024952677,0.6108328094,falla_engranaje,0.8000000000
6.5065000000,0.0024679874,0.5966117607,falla_engranaje,0.8000000000
6.5070000000,0.0024354325,0.6115008688,falla_engranaje,0.8000000000
6.5075000000,0.0023173686,0.6044716035,falla_engranaje,0.8000000000
6.5080000000,0.0025550006,0.5933618208,falla_engranaje,0.8000000000
6.5085000000,0.0024506041,0.6174029401,falla_engranaje,0.8000000000
6.5090000000,0.0024877326,0.6094178480,falla_engranaje,0.8000000000
6.5095000000,0.0025141720,0.6137201821,falla_engranaje,0.8000000000
6.5100000000,0.0023886460,0.6114815033,falla_engranaje,0.8000000000
6.5105000000,0.0024671214,0.6072084462,falla_engranaje,0.8000000000
6.5110000000,0.0024872828,0.6093713866,falla_engranaje,0.8000000000
6.5115000000,0.0024482449,0.6021758036,falla_engranaje,0.8000000000
6.5120000000,0.0024784078,0.5960649033,falla_engranaje,0.8000000000
6.5125000000,0.0024621003,0.6240025130,falla_engranaje,0.8000000000
6.5130000000,0.0026389807,0.6211122729,falla_engranaje,0.8000000000
6.5135000000,0.0025944918,0.6033212046,falla_engranaje,0.8000000000
6.5140000000,0.0025650732,0.6290284468,falla_engranaje,0.8000000000
6.5145000000,0.0025348782,0.6055068537,falla_engranaje,0.8000000000
6.5150000000,0.0026019732,0.6209714205,falla_engranaje,0.8000000000
6.5155000000,0.0025315287,0.6010969090,falla_engranaje,0.8000000000
6.5160000000,0.0025033830,0.6058672114,falla_engranaje,0.8000000000
6.5165000000,0.0026276760,0.6121118637,falla_engranaje,0.8000000000
6.5170000000,0.0026410275,0.6247819760,falla_engranaje,0.8000000000
6.5175000000,0.0026493290,0.6127845947,falla_engranaje,0.8000000000
6.5180000000,0.0026098378,0.6098825869,falla_engranaje,0.8000000000
6.5185000000,0.0025373771,0.6068700263,falla_engranaje,0.8000000000
6.5190000000,0.0027547414,0.6387238176,falla_engranaje,0.8000000000
6.5195000000,0.0027080780,0.6018084303,falla_engranaje,0.8000000000
6.5200000000,0.0025980507,0.6006231198,falla_engranaje,0.8000000000
6.5205000000,0.0025681602,0.6126452691,falla_engranaje,0.8000000000
6.5210000000,0.0026951246,0.6071581296,falla_engranaje,0.8000000000
6.5215000000,0.0025138994,0.6157788537,falla_engranaje,0.8000000000
6.5220000000,0.0025593802,0.6032506452,falla_engranaje,0.8000000000
6.5225000000,0.0027266916,0.6079370522,falla_engranaje,0.8000000000
6.5230000000,0.0026553390,0.6166809916,falla_engranaje,0.8000000000
6.5235000000,0.0025839393,0.6260816681,falla_engranaje,0.8000000000
6.5240000000,0.0025885139,0.6215312545,falla_engranaje,0.8000000000
6.5245000000,0.0026035588,0.6250064425,falla_engranaje,0.8000000000
6.5250000000,0.0026298308,0.6195496657,falla_engranaje,0.8000000000
6.5255000000,0.0026641190,0.6196054605,falla_engranaje,0.8000000000
6.5260000000,0.0026797123,0.6196128142,falla_engranaje,0.8000000000
6.5265000000,0.0027450644,0.6121982944,falla_engranaje,0.8000000000
6.5270000000,0.0027138979,0.6331963645,falla_engranaje,0.8000000000
6.5275000000,0.0026430435,0.6141594925,falla_engranaje,0.8000000000
6.5280000000,0.0027140262,0.6336979700,falla_engranaje,0.8000000000
6.5285000000,0.0026180328,0.6325620930,falla_engranaje,0.8000000000
6.5290000000,0.0026895957,0.6174051948,falla_engranaje,0.8000000000
6.5295000000,0.0027118512,0.6098511341,falla_engranaje,0.8000000000
6.5300000000,0.0027610887,0.6324112270,falla_engranaje,0.8000000000
6.5305000000,0.0026897990,0.6205956448,falla_engranaje,0.8000000000
6.5310000000,0.0025771522,0.6119066490,falla_engranaje,0.8000000000
6.5315000000,0.0027222549,0.6324201548,falla_engranaje,0.8000000000
6.5320000000,0.0026296958,0.6280967831,falla_engranaje,0.8000000000
6.5325000000,0.0028328010,0.6201163793,falla_engranaje,0.8000000000
6.5330000000,0.0025805452,0.6358810618,falla_engranaje,0.8000000000
6.5335000000,0.0026515669,0.6175441605,falla_engranaje,0.8000000000
6.5340000000,0.0027657540,0.6130418613,falla_engranaje,0.8000000000
6.5345000000,0.0027107071,0.6246681680,falla_engranaje,0.8000000000
6.5350000000,0.0026808385,0.6311391653,falla_engranaje,0.8000000000
6.5355000000,0.0028777081,0.6376665638,falla_engranaje,0.8000000000
6.5360000000,0.0027832023,0.6361303557,falla_engranaje,0.8000000000
6.5365000000,0.0027214173,0.6344915506,falla_engranaje,0.8000000000
6.5370000000,0.0027533346,0.6405039814,falla_engranaje,0.8000000000
6.5375000000,0.0027775779,0.6155389561,falla_engranaje,0.8000000000
6.5380000000,0.0028015259,0.6228133157,falla_engranaje,0.8000000000
6.5385000000,0.0027663552,0.6241825067,falla_engranaje,0.8000000000
6.5390000000,0.0026973547,0.6545624580,falla_engranaje,0.8000000000
6.5395000000,0.0028273132,0.6262254542,falla_engranaje,0.8000000000
6.5400000000,0.0029003277,0.6388748767,falla_engranaje,0.8000000000
6.5405000000,0.0028337791,0.6194872180,falla_engranaje,0.8000000000
6.5410000000,0.0027535159,0.6163400127,falla_engranaje,0.8000000000
6.5415000000,0.0028725547,0.6556958385,falla_engranaje,0.8000000000
6.5420000000,0.0028818119,0.6543527604,falla_engranaje,0.8000000000
6.5425000000,0.0027758479,0.6517392026,falla_engranaje,0.8000000000
6.5430000000,0.0028091044,0.6365562913,falla_engranaje,0.8000000000
6.5435000000,0.0028462638,0.6267404714,falla_engranaje,0.8000000000
6.5440000000,0.0027926328,0.6176540264,falla_engranaje,0.8000000000
6.5445000000,0.0028405854,0.6421007005,falla_engranaje,0.8000000000
6.5450000000,0.0028161691,0.6383536359,falla_engranaje,0.8000000000
6.5455000000,0.0029219868,0.6360184569,falla_engranaje,0.8000000000
6.5460000000,0.0029595482,0.6424161236,falla_engranaje,0.8000000000
6.5465000000,0.0027641200,0.6240068349,falla_engranaje,0.8000000000
6.5470000000,0.0029708973,0.6298532266,falla_engranaje,0.8000000000
6.5475000000,0.0029225294,0.6227394910,falla_engranaje,0.8000000000
6.5480000000,0.0028942284,0.6155579293,falla_engranaje,0.8000000000
6.5485000000,0.0028450153,0.6278051116,falla_engranaje,0.8000000000
6.5490000000,0.0028761140,0.6465556342,falla_engranaje,0.8000000000
6.5495000000,0.0029337737,0.6380734701,falla_engranaje,0.8000000000
6.5500000000,0.0028242017,0.6538418966,falla_engranaje,0.8000000000
6.5505000000,0.0028110406,0.6403777152,falla_engranaje,0.8000000000
6.5510000000,0.0027619436,0.6465699510,falla_engranaje,0.8000000000
6.5515000000,0.0031032614,0.6170158080,falla_engranaje,0.8000000000
6.5520000000,0.0029680903,0.6483128576,falla_engranaje,0.8000000000
6.5525000000,0.0028865751,0.6509494576,falla_engranaje,0.8000000000
6.5530000000,0.0029326409,0.6360343237,falla_engranaje,0.8000000000
6.5535000000,0.0030102486,0.6416991777,falla_engranaje,0.8000000000
6.5540000000,0.0030207786,0.6253361190,falla_engranaje,0.8000000000
6.5545000000,0.0029664906,0.6461108469,falla_engranaje,0.8000000000
6.5550000000,0.0029247835,0.6454095696,falla_engranaje,0.8000000000
6.5555000000,0.0030205036,0.6432347109,falla_engranaje,0.8000000000
6.5560000000,0.0029103610,0.6355739467,falla_engranaje,0.8000000000
6.5565000000,0.0029130871,0.6309985887,falla_engranaje,0.8000000000
6.5570000000,0.0030923063,0.6343178951,falla_engranaje,0.8000000000
6.5575000000,0.0030094153,0.6507877042,falla_engranaje,0.8000000000
6.5580000000,0.0029340777,0.6492935087,falla_engranaje,0.8000000000
6.5585000000,0.0028776413,0.6387409956,falla_engranaje,0.8000000000
6.5590000000,0.0030643513,0.6368681032,falla_engranaje,0.8000000000
6.5595000000,0.0030143786,0.6496740464,falla_engranaje,0.8000000000
6.5600000000,0.0028932961,0.6555506333,falla_engranaje,0.8000000000
6.5605000000,0.0030137310,0.6456491882,falla_engranaje,0.8000000000
6.5610000000,0.0030887635,0.6312624964,falla_engranaje,0.8000000000
6.5615000000,0.0029077321,0.6421746811,falla_engranaje,0.8000000000
6.5620000000,0.0029513629,0.6489641800,falla_engranaje,0.8000000000
6.5625000000,0.0029066971,0.6344656131,falla_engranaje,0.8000000000
6.5630000000,0.0029502695,0.6597035091,falla_engranaje,0.8000000000
6.5635000000,0.0029312069,0.6526087214,falla_engranaje,0.8000000000
6.5640000000,0.0029276708,0.6731885409,falla_engranaje,0.8000000000
6.5645000000,0.0029015719,0.6531644481,falla_engranaje,0.8000000000
6.5650000000,0.0030717228,0.6513618230,falla_engranaje,0.8000000000
6.5655000000,0.0030198895,0.6448091719,falla_engranaje,0.8000000000
6.5660000000,0.0031959189,0.6359399254,falla_engranaje,0.8000000000
6.5665000000,0.0030089026,0.6334905475,falla_engranaje,0.8000000000
6.5670000000,0.0030497875,0.6573005148,falla_engranaje,0.8000000000
6.5675000000,0.0029071273,0.6500242382,falla_engranaje,0.8000000000
6.5680000000,0.0030320724,0.6543895928,falla_engranaje,0.8000000000
6.5685000000,0.0030765375,0.6619303891,falla_engranaje,0.8000000000
6.5690000000,0.0031042060,0.6517290495,falla_engranaje,0.8000000000
6.5695000000,0.0031964265,0.6366902534,falla_engranaje,0.8000000000
6.5700000000,0.0029965608,0.6450715029,falla_engranaje,0.8000000000
6.5705000000,0.0031434641,0.6506672905,falla_engranaje,0.8000000000
6.5710000000,0.0030818518,0.6383238460,falla_engranaje,0.8000000000
6.5715000000,0.0030583021,0.6641562255,falla_engranaje,0.8000000000
6.5720000000,0.0030480103,0.6561255722,falla_engranaje,0.8000000000
6.5725000000,0.0031019704,0.6521992764,falla_engranaje,0.8000000000
6.5730000000,0.0031559305,0.6735364506,falla_engranaje,0.8000000000
6.5735000000,0.0031686247,0.6220754432,falla_engranaje,0.8000000000
6.5740000000,0.0031590388,0.6402092549,falla_engranaje,0.8000000000
6.5745000000,0.0030517193,0.6425518965,falla_engranaje,0.8000000000
6.5750000000,0.0031411265,0.6531475773,falla_engranaje,0.8000000000
6.5755000000,0.0031962278,0.6465717453,falla_engranaje,0.8000000000
6.5760000000,0.0031614680,0.6669930087,falla_engranaje,0.8000000000
6.5765000000,0.0030083649,0.6443581816,falla_engranaje,0.8000000000
6.5770000000,0.0030787828,0.6522994061,falla_engranaje,0.8000000000
6.5775000000,0.0031492601,0.6449080318,falla_engranaje,0.8000000000
6.5780000000,0.0029974856,0.6660894900,falla_engranaje,0.8000000000
6.5785000000,0.0031469835,0.6426797004,falla_engranaje,0.8000000000
6.5790000000,0.0031921874,0.6400996869,falla_engranaje,0.8000000000
6.5795000000,0.0030198371,0.6464877550,falla_engranaje,0.8000000000
6.5800000000,0.0031147468,0.6500119129,falla_engranaje,0.8000000000
6.5805000000,0.0030820686,0.6590800819,falla_engranaje,0.8000000000
6.5810000000,0.0031769699,0.6722069589,falla_engranaje,0.8000000000
6.5815000000,0.0031324908,0.6353033344,falla_engranaje,0.8000000000
6.5820000000,0.0032340283,0.6481516042,falla_engranaje,0.8000000000
6.5825000000,0.0031257413,0.6566261402,falla_engranaje,0.8000000000
6.5830000000,0.0032053086,0.6551015245,falla_engranaje,0.8000000000
6.5835000000,0.0030548446,0.6520590427,falla_engranaje,0.8000000000
6.5840000000,0.0031909077,0.6574379083,falla_engranaje,0.8000000000
6.5845000000,0.0029803082,0.6439870828,falla_engranaje,0.8000000000
6.5850000000,0.0032057813,0.6565070494,falla_engranaje,0.8000000000
6.5855000000,0.0031802418,0.6455514259,falla_engranaje,0.8000000000
6.5860000000,0.0032645003,0.6456119997,falla_engranaje,0.8000000000
6.5865000000,0.0031650977,0.6535634719,falla_engranaje,0.8000000000
6.5870000000,0.0030675598,0.6468326848,falla_engranaje,0.8000000000
6.5875000000,0.0032300984,0.6392519982,falla_engranaje,0.8000000000
6.5880000000,0.0031682962,0.6508074406,falla_engranaje,0.8000000000
6.5885000000,0.0031860813,0.6574190467,falla_engranaje,0.8000000000
6.5890000000,0.0031851312,0.6331441412,falla_engranaje,0.8000000000
6.5895000000,0.0033134168,0.6471589749,falla_engranaje,0.8000000000
6.5900000000,0.0032369996,0.6654901068,falla_engranaje,0.8000000000
6.5905000000,0.0031112473,0.6509201948,falla_engranaje,0.8000000000
6.5910000000,0.0030543804,0.6526619607,falla_engranaje,0.8000000000
6.5915000000,0.0031689577,0.6702990945,falla_engranaje,0.8000000000
6.5920000000,0.0031987320,0.6591458509,falla_engranaje,0.8000000000
6.5925000000,0.0032196773,0.6329144323,falla_engranaje,0.8000000000
6.5930000000,0.0031718343,0.6502935008,falla_engranaje,0.8000000000
6.5935000000,0.0030323617,0.6552784600,falla_engranaje,0.8000000000
6.5940000000,0.0030746538,0.6611622358,falla_engranaje,0.8000000000
6.5945000000,0.0032223983,0.6440758414,falla_engranaje,0.8000000000
6.5950000000,0.0031620137,0.6445660139,falla_engranaje,0.8000000000
6.5955000000,0.0032177924,0.6372266061,falla_engranaje,0.8000000000
6.5960000000,0.0031393723,0.6247893787,falla_engranaje,0.8000000000
6.5965000000,0.0031588907,0.6630222685,falla_engranaje,0.8000000000
6.5970000000,0.0031704490,0.6546173190,falla_engranaje,0.8000000000
6.5975000000,0.0031778905,0.6593063404,falla_engranaje,0.8000000000
6.5980000000,0.0032668862,0.6417967999,falla_engranaje,0.8000000000
6.5985000000,0.0031461663,0.6685671864,falla_engranaje,0.8000000000
6.5990000000,0.0033038469,0.6510288118,falla_engranaje,0.8000000000
6.5995000000,0.0032850749,0.6478910549,falla_engranaje,0.8000000000
6.6000000000,0.0031297389,0.6562164365,falla_engranaje,0.8000000000
6.6005000000,0.0032468641,0.6536206580,falla_engranaje,0.8000000000
6.6010000000,0.0031381051,0.6595711411,falla_engranaje,0.8000000000
6.6015000000,0.0033329443,0.6566695618,falla_engranaje,0.8000000000
6.6020000000,0.0032884437,0.6460666773,falla_engranaje,0.8000000000
6.6025000000,0.0032674335,0.6474186700,falla_engranaje,0.8000000000
6.6030000000,0.0032165367,0.6467156631,falla_engranaje,0.8000000000
6.6035000000,0.0032164747,0.6568225823,falla_engranaje,0.8000000000
6.6040000000,0.0033025035,0.6452095820,falla_engranaje,0.8000000000
6.6045000000,0.0030761096,0.6503692540,falla_engranaje,0.8000000000
6.6050000000,0.0030604988,0.6670853044,falla_engranaje,0.8000000000
6.6055000000,0.0031715390,0.6680672515,falla_engranaje,0.8000000000
6.6060000000,0.0032723655,0.6698412644,falla_engranaje,0.8000000000
6.6065000000,0.0031451582,0.6431258140,falla_engranaje,0.8000000000
6.6070000000,0.0031546362,0.6611067488,falla_engranaje,0.8000000000
6.6075000000,0.0032976095,0.6621971357,falla_engranaje,0.8000000000
6.6080000000,0.0032428016,0.6567748271,falla_engranaje,0.8000000000
6.6085000000,0.0033203619,0.6444866198,falla_engranaje,0.8000000000
6.6090000000,0.0031388911,0.6735341039,falla_engranaje,0.8000000000
6.6095000000,0.0031462964,0.6583748528,falla_engranaje,0.8000000000
6.6100000000,0.0031719335,0.6637102100,falla_engranaje,0.8000000000
6.6105000000,0.0031484440,0.6616343495,falla_engranaje,0.8000000000
6.6110000000,0.0031828355,0.6677940701,falla_engranaje,0.8000000000
6.6115000000,0.0031009649,0.6641530885,falla_engranaje,0.8000000000
6.6120000000,0.0031888895,0.6710331762,falla_engranaje,0.8000000000
6.6125000000,0.0032098755,0.6634296333,falla_engranaje,0.8000000000
6.6130000000,0.0033295341,0.6460643877,falla_engranaje,0.8000000000
6.6135000000,0.0032592745,0.6558639288,falla_engranaje,0.8000000000
6.6140000000,0.0032933841,0.6431006663,falla_engranaje,0.8000000000
6.6145000000,0.0031626877,0.6447546067,falla_engranaje,0.8000000000
6.6150000000,0.0032652090,0.6655302946,falla_engranaje,0.8000000000
6.6155000000,0.0031843940,0.6505747068,falla_engranaje,0.8000000000
6.6160000000,0.0032375648,0.6656880640,falla_engranaje,0.8000000000
6.6165000000,0.0033463495,0.6453817443,falla_engranaje,0.8000000000
6.6170000000,0.0032770008,0.6555561835,falla_engranaje,0.8000000000
6.6175000000,0.0032688355,0.6666087831,falla_engranaje,0.8000000000
6.6180000000,0.0031550696,0.6328928351,falla_engranaje,0.8000000000
6.6185000000,0.0032644556,0.6497062264,falla_engranaje,0.8000000000
6.6190000000,0.0031775922,0.6491484769,falla_engranaje,0.8000000000
6.6195000000,0.0033039982,0.6360948971,falla_engranaje,0.8000000000
6.6200000000,0.0033374380,0.6748051420,falla_engranaje,0.8000000000
6.6205000000,0.0032206213,0.6587205215,falla_engranaje,0.8000000000
6.6210000000,0.0031184662,0.6505836352,falla_engranaje,0.8000000000
6.6215000000,0.0031850891,0.6518028878,falla_engranaje,0.8000000000
6.6220000000,0.0032238561,0.6467044590,falla_engranaje,0.8000000000
6.6225000000,0.0032335127,0.6636836409,falla_engranaje,0.8000000000
6.6230000000,0.0032956223,0.6438245574,falla_engranaje,0.8000000000
6.6235000000,0.0032113117,0.6506653505,falla_engranaje,0.8000000000
6.6240000000,0.0032916929,0.6390304826,falla_engranaje,0.8000000000
6.6245000000,0.0032323425,0.6404734396,falla_engranaje,0.8000000000
6.6250000000,0.0033225938,0.6521382968,falla_engranaje,0.8000000000
6.6255000000,0.0033548013,0.6411694805,falla_engranaje,0.8000000000
6.6260000000,0.0031816902,0.6329618362,falla_engranaje,0.8000000000
6.6265000000,0.0032156331,0.6560505875,falla_engranaje,0.8000000000
6.6270000000,0.0032561814,0.6587738555,falla_engranaje,0.8000000000
6.6275000000,0.0031972838,0.6627961228,falla_engranaje,0.8000000000
6.6280000000,0.0031906972,0.6419235600,falla_engranaje,0.8000000000
6.6285000000,0.0032823548,0.6191493952,falla_engranaje,0.8000000000
6.6290000000,0.0031480424,0.6433503038,falla_engranaje,0.8000000000
6.6295000000,0.0032541883,0.6353943891,falla_engranaje,0.8000000000
6.6300000000,0.0031699524,0.6568621077,falla_engranaje,0.8000000000
6.6305000000,0.0032417810,0.6563462727,falla_engranaje,0.8000000000
6.6310000000,0.0032116872,0.6413195075,falla_engranaje,0.8000000000
6.6315000000,0.0031747207,0.6452043098,falla_engranaje,0.8000000000
6.6320000000,0.0032378053,0.6428126802,falla_engranaje,0.8000000000
6.6325000000,0.0033472488,0.6443673108,falla_engranaje,0.8000000000
6.6330000000,0.0033020820,0.6378864125,falla_engranaje,0.8000000000
6.6335000000,0.0032527994,0.6517041122,falla_engranaje,0.8000000000
6.6340000000,0.0031587087,0.6425915825,falla_engranaje,0.8000000000
6.6345000000,0.0031592254,0.6449199639,falla_engranaje,0.8000000000
6.6350000000,0.0032525142,0.6305827345,falla_engranaje,0.8000000000
6.6355000000,0.0032117575,0.6412966147,falla_engranaje,0.8000000000
6.6360000000,0.0031613870,0.6311157996,falla_engranaje,0.8000000000
6.6365000000,0.0032639690,0.6245561222,falla_engranaje,0.8000000000
6.6370000000,0.0032798544,0.6558993926,falla_engranaje,0.8000000000
6.6375000000,0.0032381250,0.6207006101,falla_engranaje,0.8000000000
6.6380000000,0.0031993014,0.6371227721,falla_engranaje,0.8000000000
6.6385000000,0.0031877567,0.6468408396,falla_engranaje,0.8000000000
6.6390000000,0.0033156710,0.6396618580,falla_engranaje,0.8000000000
6.6395000000,0.0031566427,0.6311379305,falla_engranaje,0.8000000000
6.6400000000,0.0031171894,0.6358732118,falla_engranaje,0.8000000000
6.6405000000,0.0032166433,0.6400875835,falla_engranaje,0.8000000000
6.6410000000,0.0031576102,0.6206240244,falla_engranaje,0.8000000000
6.6415000000,0.0033488266,0.6417569947,falla_engranaje,0.8000000000
6.6420000000,0.0032905417,0.6423227980,falla_engranaje,0.8000000000
6.6425000000,0.0031804900,0.6179799681,falla_engranaje,0.8000000000
6.6430000000,0.0031339840,0.6320422001,falla_engranaje,0.8000000000
6.6435000000,0.0030483036,0.6429317087,falla_engranaje,0.8000000000
6.6440000000,0.0032968299,0.6307755140,falla_engranaje,0.8000000000
6.6445000000,0.0030745067,0.6432689696,falla_engranaje,0.8000000000
6.6450000000,0.0031244190,0.6335994080,falla_engranaje,0.8000000000
6.6455000000,0.0031156168,0.6466052611,falla_engranaje,0.8000000000
6.6460000000,0.0031628063,0.6418716500,falla_engranaje,0.8000000000
6.6465000000,0.0030981760,0.6319454359,falla_engranaje,0.8000000000
6.6470000000,0.0031971983,0.6317058864,falla_engranaje,0.8000000000
6.6475000000,0.0031452644,0.6524885625,falla_engranaje,0.8000000000
6.6480000000,0.0031441175,0.6464920943,falla_engranaje,0.8000000000
6.6485000000,0.0031308035,0.6472914904,falla_engranaje,0.8000000000
6.6490000000,0.0032550545,0.6518050329,falla_engranaje,0.8000000000
6.6495000000,0.0032580310,0.6219086477,falla_engranaje,0.8000000000
6.6500000000,0.0031949640,0.6313113097,falla_engranaje,0.8000000000
6.6505000000,0.0032361801,0.6340431455,falla_engranaje,0.8000000000
6.6510000000,0.0032138890,0.6358777760,falla_engranaje,0.8000000000
6.6515000000,0.0031645006,0.6344624761,falla_engranaje,0.8000000000
6.6520000000,0.0031296005,0.6174282410,falla_engranaje,0.8000000000
6.6525000000,0.0031933928,0.5995938179,falla_engranaje,0.8000000000
6.6530000000,0.0031548121,0.6355366517,falla_engranaje,0.8000000000
6.6535000000,0.0031265452,0.6272843874,falla_engranaje,0.8000000000
6.6540000000,0.0031775327,0.6391536063,falla_engranaje,0.8000000000
6.6545000000,0.0031840975,0.6478611300,falla_engranaje,0.8000000000
6.6550000000,0.0032159932,0.6247303232,falla_engranaje,0.8000000000
6.6555000000,0.0031736008,0.6618429640,falla_engranaje,0.8000000000
6.6560000000,0.0031565653,0.6191313097,falla_engranaje,0.8000000000
6.6565000000,0.0030714773,0.6437690281,falla_engranaje,0.8000000000
6.6570000000,0.0030652467,0.6229457149,falla_engranaje,0.8000000000
6.6575000000,0.0031925305,0.6337618319,falla_engranaje,0.8000000000
6.6580000000,0.0030471757,0.6266895225,falla_engranaje,0.8000000000
6.6585000000,0.0030602755,0.6310448507,falla_engranaje,0.8000000000
6.6590000000,0.0030511199,0.6210215674,falla_engranaje,0.8000000000
6.6595000000,0.0031595715,0.6320286537,falla_engranaje,0.8000000000
6.6600000000,0.0031169873,0.6425920805,falla_engranaje,0.8000000000
6.6605000000,0.0031708831,0.6132897872,falla_engranaje,0.8000000000
6.6610000000,0.0030210339,0.6308652519,falla_engranaje,0.8000000000
6.6615000000,0.0030554494,0.6238162188,falla_engranaje,0.8000000000
6.6620000000,0.0031311909,0.6520484730,falla_engranaje,0.8000000000
6.6625000000,0.0030488566,0.6098116301,falla_engranaje,0.8000000000
6.6630000000,0.0030567375,0.6426879806,falla_engranaje,0.8000000000
6.6635000000,0.0030664367,0.6266903711,falla_engranaje,0.8000000000
6.6640000000,0.0030212902,0.6136117344,falla_engranaje,0.8000000000
6.6645000000,0.0029191775,0.6164174673,falla_engranaje,0.8000000000
6.6650000000,0.0030481598,0.6265622415,falla_engranaje,0.8000000000
6.6655000000,0.0030046937,0.6195786044,falla_engranaje,0.8000000000
6.6660000000,0.0031288397,0.6111367587,falla_engranaje,0.8000000000
6.6665000000,0.0030565247,0.6077228841,falla_engranaje,0.8000000000
6.6670000000,0.0030556709,0.6274905157,falla_engranaje,0.8000000000
6.6675000000,0.0030682670,0.6116160401,falla_engranaje,0.8000000000
6.6680000000,0.0030694753,0.6061699593,falla_engranaje,0.8000000000
6.6685000000,0.0030369810,0.6179701619,falla_engranaje,0.8000000000
6.6690000000,0.0030537782,0.6234369098,falla_engranaje,0.8000000000
6.6695000000,0.0030383800,0.6214097905,falla_engranaje,0.8000000000
6.6700000000,0.0031465220,0.6301910359,falla_engranaje,0.8000000000
6.6705000000,0.0030633166,0.6132992826,falla_engranaje,0.8000000000
6.6710000000,0.0030359463,0.6099347522,falla_engranaje,0.8000000000
6.6715000000,0.0030552359,0.6152171900,falla_engranaje,0.8000000000
6.6720000000,0.0030657792,0.6009970684,falla_engranaje,0.8000000000
6.6725000000,0.0028429646,0.6215659218,falla_engranaje,0.8000000000
6.6730000000,0.0031415122,0.6367206533,falla_engranaje,0.8000000000
6.6735000000,0.0030913802,0.6230322920,falla_engranaje,0.8000000000
6.6740000000,0.0029294976,0.6326851226,falla_engranaje,0.8000000000
6.6745000000,0.0031312499,0.6073411838,falla_engranaje,0.8000000000
6.6750000000,0.0029874144,0.5927421283,falla_engranaje,0.8000000000
6.6755000000,0.0029541835,0.6104453055,falla_engranaje,0.8000000000
6.6760000000,0.0030629348,0.6063508858,falla_engranaje,0.8000000000
6.6765000000,0.0029182539,0.6142503824,falla_engranaje,0.8000000000
6.6770000000,0.0030285860,0.6146970284,falla_engranaje,0.8000000000
6.6775000000,0.0030051225,0.5957498525,falla_engranaje,0.8000000000
6.6780000000,0.0029992966,0.5937891274,falla_engranaje,0.8000000000
6.6785000000,0.0029896848,0.6082991961,falla_engranaje,0.8000000000
6.6790000000,0.0029426643,0.6081510785,falla_engranaje,0.8000000000
6.6795000000,0.0030071023,0.6091733250,falla_engranaje,0.8000000000
6.6800000000,0.0030799552,0.6203628988,falla_engranaje,0.8000000000
6.6805000000,0.0030647811,0.6038292285,falla_engranaje,0.8000000000
6.6810000000,0.0030288341,0.6100657852,falla_engranaje,0.8000000000
6.6815000000,0.0028791035,0.6059163030,falla_engranaje,0.8000000000
6.6820000000,0.0028609146,0.5885108651,falla_engranaje,0.8000000000
6.6825000000,0.0029598657,0.6103825038,falla_engranaje,0.8000000000
6.6830000000,0.0028960334,0.5998821221,falla_engranaje,0.8000000000
6.6835000000,0.0029039466,0.6099442610,falla_engranaje,0.8000000000
6.6840000000,0.0028324726,0.6025440776,falla_engranaje,0.8000000000
6.6845000000,0.0029887205,0.6018857148,falla_engranaje,0.8000000000
6.6850000000,0.0030418918,0.5995195841,falla_engranaje,0.8000000000
6.6855000000,0.0029601669,0.5767832054,falla_engranaje,0.8000000000
6.6860000000,0.0029835237,0.6018396182,falla_engranaje,0.8000000000
6.6865000000,0.0029376543,0.6051689339,falla_engranaje,0.8000000000
6.6870000000,0.0029105995,0.5909147753,falla_engranaje,0.8000000000
6.6875000000,0.0029580681,0.5941302055,falla_engranaje,0.8000000000
6.6880000000,0.0028969723,0.5926266368,falla_engranaje,0.8000000000
6.6885000000,0.0028641519,0.5824315632,falla_engranaje,0.8000000000
6.6890000000,0.0028811538,0.6033339140,falla_engranaje,0.8000000000
6.6895000000,0.0029003763,0.6065595653,falla_engranaje,0.8000000000
6.6900000000,0.0029552189,0.5904538470,falla_engranaje,0.8000000000
6.6905000000,0.0030208991,0.5885422439,falla_engranaje,0.8000000000
6.6910000000,0.0027371449,0.6225938862,falla_engranaje,0.8000000000
6.6915000000,0.0028479308,0.5848903127,falla_engranaje,0.8000000000
6.6920000000,0.0028675387,0.6094812443,falla_engranaje,0.8000000000
6.6925000000,0.0029230088,0.5803602724,falla_engranaje,0.8000000000
6.6930000000,0.0027264752,0.5634274781,falla_engranaje,0.8000000000
6.6935000000,0.0028018133,0.6010035192,falla_engranaje,0.8000000000
6.6940000000,0.0028275238,0.5994685916,falla_engranaje,0.8000000000
6.6945000000,0.0028773600,0.5846647090,falla_engranaje,0.8000000000
6.6950000000,0.0028720037,0.5986254517,falla_engranaje,0.8000000000
6.6955000000,0.0027588088,0.6158815235,falla_engranaje,0.8000000000
6.6960000000,0.0027927203,0.5734984813,falla_engranaje,0.8000000000
6.6965000000,0.0028585876,0.5820982864,falla_engranaje,0.8000000000
6.6970000000,0.0028247940,0.5953878400,falla_engranaje,0.8000000000
6.6975000000,0.0029323163,0.5751958900,falla_engranaje,0.8000000000
6.6980000000,0.0027905322,0.5762116317,falla_engranaje,0.8000000000
6.6985000000,0.0028351783,0.5887438509,falla_engranaje,0.8000000000
6.6990000000,0.0026823379,0.5918646516,falla_engranaje,0.8000000000
6.6995000000,0.0028454789,0.5884807565,falla_engranaje,0.8000000000
6.7000000000,0.0027325829,0.5728913531,falla_engranaje,0.8000000000
6.7005000000,0.0028190429,0.5832994676,falla_engranaje,0.8000000000
6.7010000000,0.0027222653,0.5717472769,falla_engranaje,0.8000000000
6.7015000000,0.0027332037,0.5946784992,falla_engranaje,0.8000000000
6.7020000000,0.0027379844,0.5777063742,falla_engranaje,0.8000000000
6.7025000000,0.0028079117,0.5812225899,falla_engranaje,0.8000000000
6.7030000000,0.0027152632,0.5862782305,falla_engranaje,0.8000000000
6.7035000000,0.0028651586,0.5782142120,falla_engranaje,0.8000000000
6.7040000000,0.0027228149,0.5803342123,falla_engranaje,0.8000000000
6.7045000000,0.0027728294,0.5916123342,falla_engranaje,0.8000000000
6.7050000000,0.0027289142,0.5759649074,falla_engranaje,0.8000000000
6.7055000000,0.0026181788,0.5885617269,falla_engranaje,0.8000000000
6.7060000000,0.0027033618,0.5895635246,falla_engranaje,0.8000000000
6.7065000000,0.0027232196,0.5758439497,falla_engranaje,0.8000000000
6.7070000000,0.0026976212,0.5718461775,falla_engranaje,0.8000000000
6.7075000000,0.0026654958,0.5879716238,falla_engranaje,0.8000000000
6.7080000000,0.0027161279,0.5679293597,falla_engranaje,0.8000000000
6.7085000000,0.0027024766,0.5889009279,falla_engranaje,0.8000000000
6.7090000000,0.0028231494,0.5614749065,falla_engranaje,0.8000000000
6.7095000000,0.0026949264,0.5826357193,falla_engranaje,0.8000000000
6.7100000000,0.0026721943,0.5592050765,falla_engranaje,0.8000000000
6.7105000000,0.0026444951,0.5659281077,falla_engranaje,0.8000000000
6.7110000000,0.0027733323,0.5651643832,falla_engranaje,0.8000000000
6.7115000000,0.0027306305,0.5651702548,falla_engranaje,0.8000000000
6.7120000000,0.0025599679,0.5832663960,falla_engranaje,0.8000000000
6.7125000000,0.0027310065,0.5630333213,falla_engranaje,0.8000000000
6.7130000000,0.0027407518,0.5591270483,falla_engranaje,0.8000000000
6.7135000000,0.0026506675,0.5579982760,falla_engranaje,0.8000000000
6.7140000000,0.0027248050,0.5703521217,falla_engranaje,0.8000000000
6.7145000000,0.0026163743,0.5512673277,falla_engranaje,0.8000000000
6.7150000000,0.0026713647,0.5700071455,falla_engranaje,0.8000000000
6.7155000000,0.0025969161,0.5651989015,falla_engranaje,0.8000000000
6.7160000000,0.0026047397,0.5515139290,falla_engranaje,0.8000000000
6.7165000000,0.0026952834,0.5652736935,falla_engranaje,0.8000000000
6.7170000000,0.0025682243,0.5677765422,falla_engranaje,0.8000000000
6.7175000000,0.0026328410,0.5673909638,falla_engranaje,0.8000000000
6.7180000000,0.0025433581,0.5687907039,falla_engranaje,0.8000000000
6.7185000000,0.0026066267,0.5623130203,falla_engranaje,0.8000000000
6.7190000000,0.0024818181,0.5700047608,falla_engranaje,0.8000000000
6.7195000000,0.0026491701,0.5574308637,falla_engranaje,0.8000000000
6.7200000000,0.0026073091,0.5611335168,falla_engranaje,0.8000000000
6.7205000000,0.0025880086,0.5357469871,falla_engranaje,0.8000000000
6.7210000000,0.0023282803,0.5706544948,falla_engranaje,0.8000000000
6.7215000000,0.0026220344,0.5530673352,falla_engranaje,0.8000000000
6.7220000000,0.0025545223,0.5605204665,falla_engranaje,0.8000000000
6.7225000000,0.0026297747,0.5540011615,falla_engranaje,0.8000000000
6.7230000000,0.0025246613,0.5473749509,falla_engranaje,0.8000000000
6.7235000000,0.0026178840,0.5478383551,falla_engranaje,0.8000000000
6.7240000000,0.0024992541,0.5623243854,falla_engranaje,0.8000000000
6.7245000000,0.0024323881,0.5284636777,falla_engranaje,0.8000000000
6.7250000000,0.0025220219,0.5476301439,falla_engranaje,0.8000000000
6.7255000000,0.0025354893,0.5506207365,falla_engranaje,0.8000000000
6.7260000000,0.0025572006,0.5540110586,falla_engranaje,0.8000000000
6.7265000000,0.0025572104,0.5699238515,falla_engranaje,0.8000000000
6.7270000000,0.0024879432,0.5527411477,falla_engranaje,0.8000000000
6.7275000000,0.0023856013,0.5660172499,falla_engranaje,0.8000000000
6.7280000000,0.0024277605,0.5618938354,falla_engranaje,0.8000000000
6.7285000000,0.0022670824,0.5486320951,falla_engranaje,0.8000000000
6.7290000000,0.0024459981,0.5320228305,falla_engranaje,0.8000000000
6.7295000000,0.0024672377,0.5485608288,falla_engranaje,0.8000000000
6.7300000000,0.0024282542,0.5556836054,falla_engranaje,0.8000000000
6.7305000000,0.0023959395,0.5437946208,falla_engranaje,0.8000000000
6.7310000000,0.0024671944,0.5360262897,falla_engranaje,0.8000000000
6.7315000000,0.0024486587,0.5534592244,falla_engranaje,0.8000000000
6.7320000000,0.0022741861,0.5511059422,falla_engranaje,0.8000000000
6.7325000000,0.0024169321,0.5373495241,falla_engranaje,0.8000000000
6.7330000000,0.0023800157,0.5460551732,falla_engranaje,0.8000000000
6.7335000000,0.0023932436,0.5585780466,falla_engranaje,0.8000000000
6.7340000000,0.0023981728,0.5428838189,falla_engranaje,0.8000000000
6.7345000000,0.0024369049,0.5439141906,falla_engranaje,0.8000000000
6.7350000000,0.0023494283,0.5263850951,falla_engranaje,0.8000000000
6.7355000000,0.0022865472,0.5477288930,falla_engranaje,0.8000000000
6.7360000000,0.0024685417,0.5190483884,falla_engranaje,0.8000000000
6.7365000000,0.0023931129,0.5313349077,falla_engranaje,0.8000000000
6.7370000000,0.0024053538,0.5236020043,falla_engranaje,0.8000000000
6.7375000000,0.0023295612,0.5312430002,falla_engranaje,0.8000000000
6.7380000000,0.0023321189,0.5423069741,falla_engranaje,0.8000000000
6.7385000000,0.0023278958,0.5260086541,falla_engranaje,0.8000000000
6.7390000000,0.0023974059,0.5409390147,falla_engranaje,0.8000000000
6.7395000000,0.0023149313,0.5323851065,falla_engranaje,0.8000000000
6.7400000000,0.0022987476,0.5385711076,falla_engranaje,0.8000000000
6.7405000000,0.0023736416,0.5327252628,falla_engranaje,0.8000000000
6.7410000000,0.0022224513,0.5403603480,falla_engranaje,0.8000000000
6.7415000000,0.0022802003,0.5252705714,falla_engranaje,0.8000000000
6.7420000000,0.0022533856,0.5338121174,falla_engranaje,0.8000000000
6.7425000000,0.0022714654,0.5302494920,falla_engranaje,0.8000000000
6.7430000000,0.0022756251,0.5383719561,falla_engranaje,0.8000000000
6.7435000000,0.0022745824,0.5131349136,falla_engranaje,0.8000000000
6.7440000000,0.0022349434,0.5298885640,falla_engranaje,0.8000000000
6.7445000000,0.0022673638,0.5244203144,falla_engranaje,0.8000000000
6.7450000000,0.0023426179,0.5251043577,falla_engranaje,0.8000000000
6.7455000000,0.0022798514,0.5233508542,falla_engranaje,0.8000000000
6.7460000000,0.0022434322,0.5368661620,falla_engranaje,0.8000000000
6.7465000000,0.0021075451,0.5181267174,falla_engranaje,0.8000000000
6.7470000000,0.0022507411,0.5224288654,falla_engranaje,0.8000000000
6.7475000000,0.0022085328,0.5026965819,falla_engranaje,0.8000000000
6.7480000000,0.0021747656,0.5265682776,falla_engranaje,0.8000000000
6.7485000000,0.0021721023,0.5119674945,falla_engranaje,0.8000000000
6.7490000000,0.0023439526,0.5194208036,falla_engranaje,0.8000000000
6.7495000000,0.0021112312,0.5296668384,falla_engranaje,0.8000000000
6.7500000000,0.0022287898,0.5237970829,falla_engranaje,0.8000000000
6.7505000000,0.0020921104,0.5185805107,falla_engranaje,0.8000000000
6.7510000000,0.0020943624,0.5097936325,falla_engranaje,0.8000000000
6.7515000000,0.0021596041,0.4956384243,falla_engranaje,0.8000000000
6.7520000000,0.0021759348,0.5097240869,falla_engranaje,0.8000000000
6.7525000000,0.0021641421,0.5124104788,falla_engranaje,0.8000000000
6.7530000000,0.0021799998,0.5177761642,falla_engranaje,0.8000000000
6.7535000000,0.0020811582,0.5104292781,falla_engranaje,0.8000000000
6.7540000000,0.0021921893,0.5354059154,falla_engranaje,0.8000000000
6.7545000000,0.0020733385,0.5039360303,falla_engranaje,0.8000000000
6.7550000000,0.0019900329,0.5140394109,falla_engranaje,0.8000000000
6.7555000000,0.0021924916,0.5116671410,falla_engranaje,0.8000000000
6.7560000000,0.0020682872,0.5245885427,falla_engranaje,0.8000000000
6.7565000000,0.0021532446,0.4994113454,falla_engranaje,0.8000000000
6.7570000000,0.0020914066,0.5130026089,falla_engranaje,0.8000000000
6.7575000000,0.0019839052,0.5224068211,falla_engranaje,0.8000000000
6.7580000000,0.0021553507,0.4868028567,falla_engranaje,0.8000000000
6.7585000000,0.0020792063,0.4944589306,falla_engranaje,0.8000000000
6.7590000000,0.0019969880,0.5037825698,falla_engranaje,0.8000000000
6.7595000000,0.0020975284,0.4939662077,falla_engranaje,0.8000000000
6.7600000000,0.0020815427,0.5071697001,falla_engranaje,0.8000000000
6.7605000000,0.0020631797,0.5110849682,falla_engranaje,0.8000000000
6.7610000000,0.0020660543,0.4960572459,falla_engranaje,0.8000000000
6.7615000000,0.0019603804,0.5061878883,falla_engranaje,0.8000000000
6.7620000000,0.0020209149,0.4996558347,falla_engranaje,0.8000000000
6.7625000000,0.0019160485,0.5260389968,falla_engranaje,0.8000000000
6.7630000000,0.0019876096,0.4846342750,falla_engranaje,0.8000000000
6.7635000000,0.0021071242,0.5207671215,falla_engranaje,0.8000000000
6.7640000000,0.0020672294,0.4928386573,falla_engranaje,0.8000000000
6.7645000000,0.0020502554,0.4842353871,falla_engranaje,0.8000000000
6.7650000000,0.0020544370,0.5122344479,falla_engranaje,0.8000000000
6.7655000000,0.0019952153,0.4973927710,falla_engranaje,0.8000000000
6.7660000000,0.0020749575,0.4872512394,falla_engranaje,0.8000000000
6.7665000000,0.0019395662,0.5115049132,falla_engranaje,0.8000000000
6.7670000000,0.0020359779,0.5069812073,falla_engranaje,0.8000000000
6.7675000000,0.0019655354,0.4815864020,falla_engranaje,0.8000000000
6.7680000000,0.0018749196,0.5099163839,falla_engranaje,0.8000000000
6.7685000000,0.0019975300,0.4926106599,falla_engranaje,0.8000000000
6.7690000000,0.0018978569,0.5073671184,falla_engranaje,0.8000000000
6.7695000000,0.0019126391,0.4965279242,falla_engranaje,0.8000000000
6.7700000000,0.0020560656,0.4891191031,falla_engranaje,0.8000000000
6.7705000000,0.0018589450,0.4988540857,falla_engranaje,0.8000000000
6.7710000000,0.0020012915,0.5011837564,falla_engranaje,0.8000000000
6.7715000000,0.0018612586,0.4911579018,falla_engranaje,0.8000000000
6.7720000000,0.0017704741,0.4990219302,falla_engranaje,0.8000000000
6.7725000000,0.0019142271,0.5005685876,falla_engranaje,0.8000000000
6.7730000000,0.0018495185,0.4995630044,falla_engranaje,0.8000000000
6.7735000000,0.0021039637,0.4916369979,falla_engranaje,0.8000000000
6.7740000000,0.0019792642,0.4853667200,falla_engranaje,0.8000000000
6.7745000000,0.0019265547,0.4859217995,falla_engranaje,0.8000000000
6.7750000000,0.0019274031,0.5044673053,falla_engranaje,0.8000000000
6.7755000000,0.0018121935,0.4880016287,falla_engranaje,0.8000000000
6.7760000000,0.0019143872,0.5063192622,falla_engranaje,0.8000000000
6.7765000000,0.0018304223,0.5056379869,falla_engranaje,0.8000000000
6.7770000000,0.0020319578,0.4875887230,falla_engranaje,0.8000000000
6.7775000000,0.0018197784,0.4795095119,falla_engranaje,0.8000000000
6.7780000000,0.0018832549,0.4757282172,falla_engranaje,0.8000000000
6.7785000000,0.0019372078,0.4777453958,falla_engranaje,0.8000000000
6.7790000000,0.0018727607,0.4881123014,falla_engranaje,0.8000000000
6.7795000000,0.0018323754,0.4743845255,falla_engranaje,0.8000000000
6.7800000000,0.0018008848,0.4667129776,falla_engranaje,0.8000000000
6.7805000000,0.0018809350,0.4865049164,falla_engranaje,0.8000000000
6.7810000000,0.0018060605,0.4699004608,falla_engranaje,0.8000000000
6.7815000000,0.0017076987,0.4760078250,falla_engranaje,0.8000000000
6.7820000000,0.0018336046,0.4773705312,falla_engranaje,0.8000000000
6.7825000000,0.0017249599,0.4942099500,falla_engranaje,0.8000000000
6.7830000000,0.0016951642,0.4861481758,falla_engranaje,0.8000000000
6.7835000000,0.0017429093,0.4745571404,falla_engranaje,0.8000000000
6.7840000000,0.0017109233,0.4786316783,falla_engranaje,0.8000000000
6.7845000000,0.0017600048,0.4667607298,falla_engranaje,0.8000000000
6.7850000000,0.0016309026,0.4605831279,falla_engranaje,0.8000000000
6.7855000000,0.0017624432,0.4564980424,falla_engranaje,0.8000000000
6.7860000000,0.0017100441,0.4716215223,falla_engranaje,0.8000000000
6.7865000000,0.0018128086,0.4873765839,falla_engranaje,0.8000000000
6.7870000000,0.0016860925,0.4741653586,falla_engranaje,0.8000000000
6.7875000000,0.0017292075,0.4769350332,falla_engranaje,0.8000000000
6.7880000000,0.0017686661,0.4592171923,falla_engranaje,0.8000000000
6.7885000000,0.0016884392,0.4883404086,falla_engranaje,0.8000000000
6.7890000000,0.0017827155,0.4556809262,falla_engranaje,0.8000000000
6.7895000000,0.0017033529,0.4849632123,falla_engranaje,0.8000000000
6.7900000000,0.0016608765,0.4631525112,falla_engranaje,0.8000000000
6.7905000000,0.0017128838,0.4729215975,falla_engranaje,0.8000000000
6.7910000000,0.0017120686,0.4713986673,falla_engranaje,0.8000000000
6.7915000000,0.0017315944,0.4615373113,falla_engranaje,0.8000000000
6.7920000000,0.0016236793,0.4620686582,falla_engranaje,0.8000000000
6.7925000000,0.0015882572,0.4780681199,falla_engranaje,0.8000000000
6.7930000000,0.0016687818,0.4735068315,falla_engranaje,0.8000000000
6.7935000000,0.0017615931,0.4728173063,falla_engranaje,0.8000000000
6.7940000000,0.0016818685,0.4512132735,falla_engranaje,0.8000000000
6.7945000000,0.0015988453,0.4646567507,falla_engranaje,0.8000000000
6.7950000000,0.0016649859,0.4668107409,falla_engranaje,0.8000000000
6.7955000000,0.0016174526,0.4760512411,falla_engranaje,0.8000000000
6.7960000000,0.0016654166,0.4491885876,falla_engranaje,0.8000000000
6.7965000000,0.0016612090,0.4857299413,falla_engranaje,0.8000000000
6.7970000000,0.0017008554,0.4643377494,falla_engranaje,0.8000000000
6.7975000000,0.0016913088,0.4554997222,falla_engranaje,0.8000000000
6.7980000000,0.0016701505,0.4650822625,falla_engranaje,0.8000000000
6.7985000000,0.0014928880,0.4630627322,falla_engranaje,0.8000000000
6.7990000000,0.0015935045,0.4616293352,falla_engranaje,0.8000000000
6.7995000000,0.0015201100,0.4655173113,falla_engranaje,0.8000000000
6.8000000000,0.0014773696,0.4510640247,falla_engranaje,0.8000000000
6.8005000000,0.0015516698,0.4322407285,falla_engranaje,0.8000000000
6.8010000000,0.0014314503,0.4604478244,falla_engranaje,0.8000000000
6.8015000000,0.0014776185,0.4520309179,falla_engranaje,0.8000000000
6.8020000000,0.0015826278,0.4683281412,falla_engranaje,0.8000000000
6.8025000000,0.0014925143,0.4616925101,falla_engranaje,0.8000000000
6.8030000000,0.0016261481,0.4607992351,falla_engranaje,0.8000000000
6.8035000000,0.0015100671,0.4598368313,falla_engranaje,0.8000000000
6.8040000000,0.0015778677,0.4674677105,falla_engranaje,0.8000000000
6.8045000000,0.0014720943,0.4584914126,falla_engranaje,0.8000000000
6.8050000000,0.0015637547,0.4447780417,falla_engranaje,0.8000000000
6.8055000000,0.0015016970,0.4316340071,falla_engranaje,0.8000000000
6.8060000000,0.0016167919,0.4444546852,falla_engranaje,0.8000000000
6.8065000000,0.0015034322,0.4396394736,falla_engranaje,0.8000000000
6.8070000000,0.0015361491,0.4590877141,falla_engranaje,0.8000000000
6.8075000000,0.0015432154,0.4485266477,falla_engranaje,0.8000000000
6.8080000000,0.0015400547,0.4353264006,falla_engranaje,0.8000000000
6.8085000000,0.0014898159,0.4448663761,falla_engranaje,0.8000000000
6.8090000000,0.0014496362,0.4406831623,falla_engranaje,0.8000000000
6.8095000000,0.0015760571,0.4672161472,falla_engranaje,0.8000000000
6.8100000000,0.0015006764,0.4575301150,falla_engranaje,0.8000000000
6.8105000000,0.0015422519,0.4404086892,falla_engranaje,0.8000000000
6.8110000000,0.0014753615,0.4458286844,falla_engranaje,0.8000000000
6.8115000000,0.0014386785,0.4528847211,falla_engranaje,0.8000000000
6.8120000000,0.0014567231,0.4417390699,falla_engranaje,0.8000000000
6.8125000000,0.0013670805,0.4454417846,falla_engranaje,0.8000000000
6.8130000000,0.0015825284,0.4636795791,falla_engranaje,0.8000000000
6.8135000000,0.0013694101,0.4447288309,falla_engranaje,0.8000000000
6.8140000000,0.0014892732,0.4511941198,falla_engranaje,0.8000000000
6.8145000000,0.0014231395,0.4458478041,falla_engranaje,0.8000000000
6.8150000000,0.0016341663,0.4484598192,falla_engranaje,0.8000000000
6.8155000000,0.0014339968,0.4422936785,falla_engranaje,0.8000000000
6.8160000000,0.0014900222,0.4336969540,falla_engranaje,0.8000000000
6.8165000000,0.0015916628,0.4397215169,falla_engranaje,0.8000000000
6.8170000000,0.0014600552,0.4477689176,falla_engranaje,0.8000000000
6.8175000000,0.0014773285,0.4553714840,falla_engranaje,0.8000000000
6.8180000000,0.0015114533,0.4497796952,falla_engranaje,0.8000000000
6.8185000000,0.0014263747,0.4261408667,falla_engranaje,0.8000000000
6.8190000000,0.0013492684,0.4337852432,falla_engranaje,0.8000000000
6.8195000000,0.0014101771,0.4219430800,falla_engranaje,0.8000000000
6.8200000000,0.0013437483,0.4342305841,falla_engranaje,0.8000000000
6.8205000000,0.0014652672,0.4390189978,falla_engranaje,0.8000000000
6.8210000000,0.0013078871,0.4343119474,falla_engranaje,0.8000000000
6.8215000000,0.0014693990,0.4301942749,falla_engranaje,0.8000000000
6.8220000000,0.0014113594,0.4392792750,falla_engranaje,0.8000000000
6.8225000000,0.0013470053,0.4386578637,falla_engranaje,0.8000000000
6.8230000000,0.0015025529,0.4315237419,falla_engranaje,0.8000000000
6.8235000000,0.0014488064,0.4108668554,falla_engranaje,0.8000000000
6.8240000000,0.0013591163,0.4289538457,falla_engranaje,0.8000000000
6.8245000000,0.0013325288,0.4240114030,falla_engranaje,0.8000000000
6.8250000000,0.0013581255,0.4362465370,falla_engranaje,0.8000000000
6.8255000000,0.0012628599,0.4227847289,falla_engranaje,0.8000000000
6.8260000000,0.0014092376,0.4427144390,falla_engranaje,0.8000000000
6.8265000000,0.0013628150,0.4331123021,falla_engranaje,0.8000000000
6.8270000000,0.0012433986,0.4368062257,falla_engranaje,0.8000000000
6.8275000000,0.0013076931,0.4264128918,falla_engranaje,0.8000000000
6.8280000000,0.0013212701,0.4105738475,falla_engranaje,0.8000000000
6.8285000000,0.0012387043,0.4437286897,falla_engranaje,0.8000000000
6.8290000000,0.0013963810,0.4249101807,falla_engranaje,0.8000000000
6.8295000000,0.0014067125,0.4376937534,falla_engranaje,0.8000000000
6.8300000000,0.0013147455,0.4304536623,falla_engranaje,0.8000000000
6.8305000000,0.0014252346,0.4168186875,falla_engranaje,0.8000000000
6.8310000000,0.0013317239,0.4402970722,falla_engranaje,0.8000000000
6.8315000000,0.0013644359,0.4152516432,falla_engranaje,0.8000000000
6.8320000000,0.0012358059,0.4257377037,falla_engranaje,0.8000000000
6.8325000000,0.0014389065,0.4270786671,falla_engranaje,0.8000000000
6.8330000000,0.0013818029,0.4369174588,falla_engranaje,0.8000000000
6.8335000000,0.0012183114,0.4274752502,falla_engranaje,0.8000000000
6.8340000000,0.0012779758,0.4214711667,falla_engranaje,0.8000000000
6.8345000000,0.0013690132,0.4469887395,falla_engranaje,0.8000000000
6.8350000000,0.0012350200,0.4299985556,falla_engranaje,0.8000000000
6.8355000000,0.0012165202,0.4421500755,falla_engranaje,0.8000000000
6.8360000000,0.0013402538,0.4229311977,falla_engranaje,0.8000000000
6.8365000000,0.0012575318,0.4235007141,falla_engranaje,0.8000000000
6.8370000000,0.0012440684,0.4192126221,falla_engranaje,0.8000000000
6.8375000000,0.0013048160,0.4213256502,falla_engranaje,0.8000000000
6.8380000000,0.0012722063,0.4326314474,falla_engranaje,0.8000000000
6.8385000000,0.0012623410,0.4023070006,falla_engranaje,0.8000000000
6.8390000000,0.0011610166,0.4174207552,falla_engranaje,0.8000000000
6.8395000000,0.0012634350,0.4267059371,falla_engranaje,0.8000000000
6.8400000000,0.0012525322,0.4287657836,falla_engranaje,0.8000000000
6.8405000000,0.0011698891,0.4151616280,falla_engranaje,0.8000000000
6.8410000000,0.0014553934,0.4410561177,falla_engranaje,0.8000000000
6.8415000000,0.0012489855,0.4338309244,falla_engranaje,0.8000000000
6.8420000000,0.0014031917,0.4196773521,falla_engranaje,0.8000000000
6.8425000000,0.0013699812,0.4200261572,falla_engranaje,0.8000000000
6.8430000000,0.0011895762,0.4192797855,falla_engranaje,0.8000000000
6.8435000000,0.0011934195,0.4110117579,falla_engranaje,0.8000000000
6.8440000000,0.0012780557,0.4274400164,falla_engranaje,0.8000000000
6.8445000000,0.0012591570,0.4256354169,falla_engranaje,0.8000000000
6.8450000000,0.0012949626,0.4185459554,falla_engranaje,0.8000000000
6.8455000000,0.0011889242,0.4233658227,falla_engranaje,0.8000000000
6.8460000000,0.0011423776,0.4219999450,falla_engranaje,0.8000000000
6.8465000000,0.0012345899,0.4072440717,falla_engranaje,0.8000000000
6.8470000000,0.0012724298,0.4034267118,falla_engranaje,0.8000000000
6.8475000000,0.0012074676,0.4137804287,falla_engranaje,0.8000000000
6.8480000000,0.0011046066,0.4315011163,falla_engranaje,0.8000000000
6.8485000000,0.0012148027,0.4021323766,falla_engranaje,0.8000000000
6.8490000000,0.0012858180,0.4083540840,falla_engranaje,0.8000000000
6.8495000000,0.0012454532,0.4191924983,falla_engranaje,0.8000000000
6.8500000000,0.0012440260,0.4107140369,falla_engranaje,0.8000000000
6.8505000000,0.0011390036,0.4306691667,falla_engranaje,0.8000000000
6.8510000000,0.0012051651,0.4130007442,falla_engranaje,0.8000000000
6.8515000000,0.0010808923,0.4036121894,falla_engranaje,0.8000000000
6.8520000000,0.0011515738,0.4105539837,falla_engranaje,0.8000000000
6.8525000000,0.0013111750,0.4229291306,falla_engranaje,0.8000000000
6.8530000000,0.0012637179,0.4064464488,falla_engranaje,0.8000000000
6.8535000000,0.0012279433,0.4222786780,falla_engranaje,0.8000000000
6.8540000000,0.0011530366,0.4127015242,falla_engranaje,0.8000000000
6.8545000000,0.0011167550,0.4040534336,falla_engranaje,0.8000000000
6.8550000000,0.0011648298,0.4145590268,falla_engranaje,0.8000000000
6.8555000000,0.0012031541,0.4012616230,falla_engranaje,0.8000000000
6.8560000000,0.0011121996,0.4085326155,falla_engranaje,0.8000000000
6.8565000000,0.0010923351,0.3984518754,falla_engranaje,0.8000000000
6.8570000000,0.0011881536,0.4061130636,falla_engranaje,0.8000000000
6.8575000000,0.0011438030,0.4217770171,falla_engranaje,0.8000000000
6.8580000000,0.0010989920,0.4108789363,falla_engranaje,0.8000000000
6.8585000000,0.0010751491,0.4166598187,falla_engranaje,0.8000000000
6.8590000000,0.0011667912,0.3902336611,falla_engranaje,0.8000000000
6.8595000000,0.0011432546,0.4025728171,falla_engranaje,0.8000000000
6.8600000000,0.0011289044,0.4180323475,falla_engranaje,0.8000000000
6.8605000000,0.0010963811,0.3985768838,falla_engranaje,0.8000000000
6.8610000000,0.0012054162,0.3939477115,falla_engranaje,0.8000000000
6.8615000000,0.0011905308,0.4149883281,falla_engranaje,0.8000000000
6.8620000000,0.0011198043,0.4252070041,falla_engranaje,0.8000000000
6.8625000000,0.0012041677,0.4255149003,falla_engranaje,0.8000000000
6.8630000000,0.0010771404,0.4145795628,falla_engranaje,0.8000000000
6.8635000000,0.0011913112,0.4040539294,falla_engranaje,0.8000000000
6.8640000000,0.0011513155,0.3933285431,falla_engranaje,0.8000000000
6.8645000000,0.0010703920,0.3935549296,falla_engranaje,0.8000000000
6.8650000000,0.0011173958,0.4097492332,falla_engranaje,0.8000000000
6.8655000000,0.0010557654,0.3940267887,falla_engranaje,0.8000000000
6.8660000000,0.0011454575,0.4132431288,falla_engranaje,0.8000000000
6.8665000000,0.0011099696,0.4030591038,falla_engranaje,0.8000000000
6.8670000000,0.0010200278,0.3971278124,falla_engranaje,0.8000000000
6.8675000000,0.0011642034,0.3883603856,falla_engranaje,0.8000000000
6.8680000000,0.0010377057,0.3862619838,falla_engranaje,0.8000000000
6.8685000000,0.0011168520,0.4095866092,falla_engranaje,0.8000000000
6.8690000000,0.0011341867,0.4119476388,falla_engranaje,0.8000000000
6.8695000000,0.0011358923,0.4097445747,falla_engranaje,0.8000000000
6.8700000000,0.0010974434,0.3993334013,falla_engranaje,0.8000000000
6.8705000000,0.0011804012,0.3952486048,falla_engranaje,0.8000000000
6.8710000000,0.0009985767,0.3963424587,falla_engranaje,0.8000000000
6.8715000000,0.0011702594,0.4094801138,falla_engranaje,0.8000000000
6.8720000000,0.0011275888,0.4060194522,falla_engranaje,0.8000000000
6.8725000000,0.0011787958,0.3991162609,falla_engranaje,0.8000000000
6.8730000000,0.0009909461,0.4043671266,falla_engranaje,0.8000000000
6.8735000000,0.0012061639,0.4111593556,falla_engranaje,0.8000000000
6.8740000000,0.0009267173,0.4024344619,falla_engranaje,0.8000000000
6.8745000000,0.0010513393,0.3678890446,falla_engranaje,0.8000000000
6.8750000000,0.0010435991,0.3972451214,falla_engranaje,0.8000000000
6.8755000000,0.0011312439,0.4058357341,falla_engranaje,0.8000000000
6.8760000000,0.0011611339,0.3949571643,falla_engranaje,0.8000000000
6.8765000000,0.0010672881,0.4100244404,falla_engranaje,0.8000000000
6.8770000000,0.0012127563,0.4011104703,falla_engranaje,0.8000000000
6.8775000000,0.0010533971,0.3912522105,falla_engranaje,0.8000000000
6.8780000000,0.0011379438,0.4063739418,falla_engranaje,0.8000000000
6.8785000000,0.0011458775,0.3990891376,falla_engranaje,0.8000000000
6.8790000000,0.0010990151,0.3882222159,falla_engranaje,0.8000000000
6.8795000000,0.0011542231,0.3995836516,falla_engranaje,0.8000000000
6.8800000000,0.0010850220,0.3938841352,falla_engranaje,0.8000000000
6.8805000000,0.0011093862,0.4001326749,falla_engranaje,0.8000000000
6.8810000000,0.0011697364,0.3997675971,falla_engranaje,0.8000000000
6.8815000000,0.0011782278,0.3981149122,falla_engranaje,0.8000000000
6.8820000000,0.0011247893,0.3847401942,falla_engranaje,0.8000000000
6.8825000000,0.0010921535,0.3926015056,falla_engranaje,0.8000000000
6.8830000000,0.0010216547,0.4023175984,falla_engranaje,0.8000000000
6.8835000000,0.0010462438,0.4003536602,falla_engranaje,0.8000000000
6.8840000000,0.0011237955,0.3954676012,falla_engranaje,0.8000000000
6.8845000000,0.0011466174,0.3878325163,falla_engranaje,0.8000000000
6.8850000000,0.0010831259,0.4094248917,falla_engranaje,0.8000000000
6.8855000000,0.0010437362,0.3994044756,falla_engranaje,0.8000000000
6.8860000000,0.0010651702,0.3730561214,falla_engranaje,0.8000000000
6.8865000000,0.0010958166,0.4058857961,falla_engranaje,0.8000000000
6.8870000000,0.0010762634,0.3779309532,falla_engranaje,0.8000000000
6.8875000000,0.0011003057,0.4042823659,falla_engranaje,0.8000000000
6.8880000000,0.0010418466,0.4017906079,falla_engranaje,0.8000000000
6.8885000000,0.0010592162,0.3941571581,falla_engranaje,0.8000000000
6.8890000000,0.0011198398,0.3932087379,falla_engranaje,0.8000000000
6.8895000000,0.0010851034,0.3912136064,falla_engranaje,0.8000000000
6.8900000000,0.0010947049,0.3949727332,falla_engranaje,0.8000000000
6.8905000000,0.0009781787,0.3970032497,falla_engranaje,0.8000000000
6.8910000000,0.0010691037,0.3797485929,falla_engranaje,0.8000000000
6.8915000000,0.0011533835,0.3875107221,falla_engranaje,0.8000000000
6.8920000000,0.0010050883,0.3820087374,falla_engranaje,0.8000000000
6.8925000000,0.0011115788,0.3993588801,falla_engranaje,0.8000000000
6.8930000000,0.0012050618,0.4014894353,falla_engranaje,0.8000000000
6.8935000000,0.0010851254,0.3907431967,falla_engranaje,0.8000000000
6.8940000000,0.0010540117,0.3745245483,falla_engranaje,0.8000000000
6.8945000000,0.0010753604,0.4102794400,falla_engranaje,0.8000000000
6.8950000000,0.0010226451,0.3859597693,falla_engranaje,0.8000000000
6.8955000000,0.0011337810,0.3883794954,falla_engranaje,0.8000000000
6.8960000000,0.0010996504,0.3884499861,falla_engranaje,0.8000000000
6.8965000000,0.0011296264,0.3954425258,falla_engranaje,0.8000000000
6.8970000000,0.0010978261,0.3876345121,falla_engranaje,0.8000000000
6.8975000000,0.0011341551,0.3960659583,falla_engranaje,0.8000000000
6.8980000000,0.0010814472,0.3931817669,falla_engranaje,0.8000000000
6.8985000000,0.0011425228,0.3816410249,falla_engranaje,0.8000000000
6.8990000000,0.0011611686,0.3799065205,falla_engranaje,0.8000000000
6.8995000000,0.0011170183,0.3996513180,falla_engranaje,0.8000000000
6.9000000000,0.0010847490,0.3880380028,falla_engranaje,0.8000000000
6.9005000000,0.0011748237,0.3925518110,falla_engranaje,0.8000000000
6.9010000000,0.0011654380,0.3804263956,falla_engranaje,0.8000000000
6.9015000000,0.0010832987,0.3960817785,falla_engranaje,0.8000000000
6.9020000000,0.0010650735,0.3897784792,falla_engranaje,0.8000000000
6.9025000000,0.0011521558,0.3882192744,falla_engranaje,0.8000000000
6.9030000000,0.0011390818,0.3745009392,falla_engranaje,0.8000000000
6.9035000000,0.0010583199,0.3870828834,falla_engranaje,0.8000000000
6.9040000000,0.0010957463,0.3847904648,falla_engranaje,0.8000000000
6.9045000000,0.0011480487,0.3544619629,falla_engranaje,0.8000000000
6.9050000000,0.0011263915,0.4105391692,falla_engranaje,0.8000000000
6.9055000000,0.0010503857,0.3890260206,falla_engranaje,0.8000000000
6.9060000000,0.0011114581,0.3895022103,falla_engranaje,0.8000000000
6.9065000000,0.0011282606,0.3852149877,falla_engranaje,0.8000000000
6.9070000000,0.0011516275,0.3573998806,falla_engranaje,0.8000000000
6.9075000000,0.0010613302,0.3998453220,falla_engranaje,0.8000000000
6.9080000000,0.0010421900,0.3867348709,falla_engranaje,0.8000000000
6.9085000000,0.0010896477,0.3874145558,falla_engranaje,0.8000000000
6.9090000000,0.0012311106,0.4092196438,falla_engranaje,0.8000000000
6.9095000000,0.0011195091,0.3675882250,falla_engranaje,0.8000000000
6.9100000000,0.0012067877,0.3770997619,falla_engranaje,0.8000000000
6.9105000000,0.0010847240,0.3775076853,falla_engranaje,0.8000000000
6.9110000000,0.0010688806,0.3641883864,falla_engranaje,0.8000000000
6.9115000000,0.0013017692,0.3695419480,falla_engranaje,0.8000000000
6.9120000000,0.0011578602,0.3765543020,falla_engranaje,0.8000000000
6.9125000000,0.0010834206,0.3707085412,falla_engranaje,0.8000000000
6.9130000000,0.0011415010,0.3861731944,falla_engranaje,0.8000000000
6.9135000000,0.0011900515,0.3812546581,falla_engranaje,0.8000000000
6.9140000000,0.0011345615,0.3765335788,falla_engranaje,0.8000000000
6.9145000000,0.0011917568,0.3961381444,falla_engranaje,0.8000000000
6.9150000000,0.0010514807,0.3758217982,falla_engranaje,0.8000000000
6.9155000000,0.0012196454,0.3928418983,falla_engranaje,0.8000000000
6.9160000000,0.0011952835,0.4029987714,falla_engranaje,0.8000000000
6.9165000000,0.0011434571,0.3783656204,falla_engranaje,0.8000000000
6.9170000000,0.0010873632,0.3734526488,falla_engranaje,0.8000000000
6.9175000000,0.0011829197,0.3653797729,falla_engranaje,0.8000000000
6.9180000000,0.0011197038,0.3764665212,falla_engranaje,0.8000000000
6.9185000000,0.0012341954,0.3957118490,falla_engranaje,0.8000000000
6.9190000000,0.0010797394,0.3708101035,falla_engranaje,0.8000000000
6.9195000000,0.0011100505,0.3714748937,falla_engranaje,0.8000000000
6.9200000000,0.0010762992,0.3785170250,falla_engranaje,0.8000000000
6.9205000000,0.0011006635,0.3866783037,falla_engranaje,0.8000000000
6.9210000000,0.0011441729,0.3726117371,falla_engranaje,0.8000000000
6.9215000000,0.0011674398,0.3760022389,falla_engranaje,0.8000000000
6.9220000000,0.0011892829,0.3656964104,falla_engranaje,0.8000000000
6.9225000000,0.0012288318,0.3759580460,falla_engranaje,0.8000000000
6.9230000000,0.0012512506,0.3673339231,falla_engranaje,0.8000000000
6.9235000000,0.0010906029,0.3824716536,falla_engranaje,0.8000000000
6.9240000000,0.0011202435,0.3862607053,falla_engranaje,0.8000000000
6.9245000000,0.0011110273,0.3724972614,falla_engranaje,0.8000000000
6.9250000000,0.0011227957,0.3766425546,falla_engranaje,0.8000000000
6.9255000000,0.0012855712,0.3855605072,falla_engranaje,0.8000000000
6.9260000000,0.0011625081,0.3862698359,falla_engranaje,0.8000000000
6.9265000000,0.0012268866,0.3820114197,falla_engranaje,0.8000000000
6.9270000000,0.0011763295,0.3714451450,falla_engranaje,0.8000000000
6.9275000000,0.0011394395,0.3728684404,falla_engranaje,0.8000000000
6.9280000000,0.0011285795,0.3882725399,falla_engranaje,0.8000000000
6.9285000000,0.0011628584,0.3754371480,falla_engranaje,0.8000000000
6.9290000000,0.0011247446,0.3706401477,falla_engranaje,0.8000000000
6.9295000000,0.0012145099,0.3847436746,falla_engranaje,0.8000000000
6.9300000000,0.0011994804,0.3718518023,falla_engranaje,0.8000000000
6.9305000000,0.0012505796,0.3642024019,falla_engranaje,0.8000000000
6.9310000000,0.0012107077,0.3616674775,falla_engranaje,0.8000000000
6.9315000000,0.0010988122,0.3760546007,falla_engranaje,0.8000000000
6.9320000000,0.0012225818,0.3788440436,falla_engranaje,0.8000000000
6.9325000000,0.0012758361,0.3458257207,falla_engranaje,0.8000000000
6.9330000000,0.0012820604,0.3697634352,falla_engranaje,0.8000000000
6.9335000000,0.0013348256,0.3793365083,falla_engranaje,0.8000000000
6.9340000000,0.0012284824,0.3893253442,falla_engranaje,0.8000000000
6.9345000000,0.0011341097,0.3787049172,falla_engranaje,0.8000000000
6.9350000000,0.0012658254,0.3678413134,falla_engranaje,0.8000000000
6.9355000000,0.0012644218,0.3562219081,falla_engranaje,0.8000000000
6.9360000000,0.0012511755,0.3598763951,falla_engranaje,0.8000000000
6.9365000000,0.0011809361,0.3657065369,falla_engranaje,0.8000000000
6.9370000000,0.0012196433,0.3563049834,falla_engranaje,0.8000000000
6.9375000000,0.0013250818,0.3613237607,falla_engranaje,0.8000000000
6.9380000000,0.0012119299,0.3699091993,falla_engranaje,0.8000000000
6.9385000000,0.0011711035,0.3780531800,falla_engranaje,0.8000000000
6.9390000000,0.0011973655,0.3687913902,falla_engranaje,0.8000000000
6.9395000000,0.0011848378,0.3714610552,falla_engranaje,0.8000000000
6.9400000000,0.0012941240,0.3674684155,falla_engranaje,0.8000000000
6.9405000000,0.0011870564,0.3805589445,falla_engranaje,0.8000000000
6.9410000000,0.0011141472,0.3812826752,falla_engranaje,0.8000000000
6.9415000000,0.0013087105,0.3735207657,falla_engranaje,0.8000000000
6.9420000000,0.0013227778,0.3694309231,falla_engranaje,0.8000000000
6.9425000000,0.0012831918,0.3713136134,falla_engranaje,0.8000000000
6.9430000000,0.0013041763,0.3609721730,falla_engranaje,0.8000000000
6.9435000000,0.0012619956,0.3619990242,falla_engranaje,0.8000000000
6.9440000000,0.0012633393,0.3555287730,falla_engranaje,0.8000000000
6.9445000000,0.0012278307,0.3762601289,falla_engranaje,0.8000000000
6.9450000000,0.0013605055,0.3680255797,falla_engranaje,0.8000000000
6.9455000000,0.0012679080,0.3800769924,falla_engranaje,0.8000000000
6.9460000000,0.0012297033,0.3806016620,falla_engranaje,0.8000000000
6.9465000000,0.0012574948,0.3455129187,falla_engranaje,0.8000000000
6.9470000000,0.0012909096,0.3494381294,falla_engranaje,0.8000000000
6.9475000000,0.0012639782,0.3609293847,falla_engranaje,0.8000000000
6.9480000000,0.0013358411,0.3755561154,falla_engranaje,0.8000000000
6.9485000000,0.0012455528,0.3729711016,falla_engranaje,0.8000000000
6.9490000000,0.0013028182,0.3713101130,falla_engranaje,0.8000000000
6.9495000000,0.0013081430,0.3675396542,falla_engranaje,0.8000000000
6.9500000000,0.0012617389,0.3685702566,falla_engranaje,0.8000000000
6.9505000000,0.0013240320,0.3933311497,falla_engranaje,0.8000000000
6.9510000000,0.0011909030,0.3729968930,falla_engranaje,0.8000000000
6.9515000000,0.0011104567,0.3581370946,falla_engranaje,0.8000000000
6.9520000000,0.0011395550,0.3885494113,falla_engranaje,0.8000000000
6.9525000000,0.0012692326,0.3483497457,falla_engranaje,0.8000000000
6.9530000000,0.0012279384,0.3677146357,falla_engranaje,0.8000000000
6.9535000000,0.0012803882,0.3606375632,falla_engranaje,0.8000000000
6.9540000000,0.0012352090,0.3558613762,falla_engranaje,0.8000000000
6.9545000000,0.0012458466,0.3574767031,falla_engranaje,0.8000000000
6.9550000000,0.0012724103,0.3523650581,falla_engranaje,0.8000000000
6.9555000000,0.0013010828,0.3774283681,falla_engranaje,0.8000000000
6.9560000000,0.0013565667,0.3536519029,falla_engranaje,0.8000000000
6.9565000000,0.0013520487,0.3307399605,falla_engranaje,0.8000000000
6.9570000000,0.0013256761,0.3573069726,falla_engranaje,0.8000000000
6.9575000000,0.0014090098,0.3681256659,falla_engranaje,0.8000000000
6.9580000000,0.0013290981,0.3864092296,falla_engranaje,0.8000000000
6.9585000000,0.0012986197,0.3601944706,falla_engranaje,0.8000000000
6.9590000000,0.0013894420,0.3703305571,falla_engranaje,0.8000000000
6.9595000000,0.0012907423,0.3526769204,falla_engranaje,0.8000000000
6.9600000000,0.0013434840,0.3546827613,falla_engranaje,0.8000000000
6.9605000000,0.0014503295,0.3657644415,falla_engranaje,0.8000000000
6.9610000000,0.0013307430,0.3665843486,falla_engranaje,0.8000000000
6.9615000000,0.0013272845,0.3516302009,falla_engranaje,0.8000000000
6.9620000000,0.0013820567,0.3491521933,falla_engranaje,0.8000000000
6.9625000000,0.0013177730,0.3718260812,falla_engranaje,0.8000000000
6.9630000000,0.0013725755,0.3588082742,falla_engranaje,0.8000000000
6.9635000000,0.0013539421,0.3576754594,falla_engranaje,0.8000000000
6.9640000000,0.0013902964,0.3589163555,falla_engranaje,0.8000000000
6.9645000000,0.0013122342,0.3613254899,falla_engranaje,0.8000000000
6.9650000000,0.0015002254,0.3642082162,falla_engranaje,0.8000000000
6.9655000000,0.0015593634,0.3525894521,falla_engranaje,0.8000000000
6.9660000000,0.0013487389,0.3445906363,falla_engranaje,0.8000000000
6.9665000000,0.0014812284,0.3519892064,falla_engranaje,0.8000000000
6.9670000000,0.0013567512,0.3724014384,falla_engranaje,0.8000000000
6.9675000000,0.0013426773,0.3632325046,falla_engranaje,0.8000000000
6.9680000000,0.0014122713,0.3650113048,falla_engranaje,0.8000000000
6.9685000000,0.0013982655,0.3362589269,falla_engranaje,0.8000000000
6.9690000000,0.0014235639,0.3464601883,falla_engranaje,0.8000000000
6.9695000000,0.0013630898,0.3573602364,falla_engranaje,0.8000000000
6.9700000000,0.0013502202,0.3438911712,falla_engranaje,0.8000000000
6.9705000000,0.0014131194,0.3520229468,falla_engranaje,0.8000000000
6.9710000000,0.0013575261,0.3491914726,falla_engranaje,0.8000000000
6.9715000000,0.0013420997,0.3624565745,falla_engranaje,0.8000000000
6.9720000000,0.0014099008,0.3666814799,falla_engranaje,0.8000000000
6.9725000000,0.0013978067,0.3601279716,falla_engranaje,0.8000000000
6.9730000000,0.0013230069,0.3364040353,falla_engranaje,0.8000000000
6.9735000000,0.0014208861,0.3540147071,falla_engranaje,0.8000000000
6.9740000000,0.0013929049,0.3435469176,falla_engranaje,0.8000000000
6.9745000000,0.0013819226,0.3505975099,falla_engranaje,0.8000000000
6.9750000000,0.0012569287,0.3609464306,falla_engranaje,0.8000000000
6.9755000000,0.0014124634,0.3567998967,falla_engranaje,0.8000000000
6.9760000000,0.0014835898,0.3400939339,falla_engranaje,0.8000000000
6.9765000000,0.0013000599,0.3650600625,falla_engranaje,0.8000000000
6.9770000000,0.0014531812,0.3523671747,falla_engranaje,0.8000000000
6.9775000000,0.0014980261,0.3551596847,falla_engranaje,0.8000000000
6.9780000000,0.0014707295,0.3623790288,falla_engranaje,0.8000000000
6.9785000000,0.0015262106,0.3437556814,falla_engranaje,0.8000000000
6.9790000000,0.0014517920,0.3433079188,falla_engranaje,0.8000000000
6.9795000000,0.0015006277,0.3450007802,falla_engranaje,0.8000000000
6.9800000000,0.0015155208,0.3730273805,falla_engranaje,0.8000000000
6.9805000000,0.0013862152,0.3488313494,falla_engranaje,0.8000000000
6.9810000000,0.0014764395,0.3356598438,falla_engranaje,0.8000000000
6.9815000000,0.0013742392,0.3302888545,falla_engranaje,0.8000000000
6.9820000000,0.0013229345,0.3473631291,falla_engranaje,0.8000000000
6.9825000000,0.0014361479,0.3303939832,falla_engranaje,0.8000000000
6.9830000000,0.0014987354,0.3436407502,falla_engranaje,0.8000000000
6.9835000000,0.0015855300,0.3395765442,falla_engranaje,0.8000000000
6.9840000000,0.0015323730,0.3562936791,falla_engranaje,0.8000000000
6.9845000000,0.0015600995,0.3485754641,falla_engranaje,0.8000000000
6.9850000000,0.0014284866,0.3485879228,falla_engranaje,0.8000000000
6.9855000000,0.0014656252,0.3377869579,falla_engranaje,0.8000000000
6.9860000000,0.0015680944,0.3566372923,falla_engranaje,0.8000000000
6.9865000000,0.0014292337,0.3440265862,falla_engranaje,0.8000000000
6.9870000000,0.0016278477,0.3355173831,falla_engranaje,0.8000000000
6.9875000000,0.0014635214,0.3375300416,falla_engranaje,0.8000000000
6.9880000000,0.0014949579,0.3550373326,falla_engranaje,0.8000000000
6.9885000000,0.0014305865,0.3366059298,falla_engranaje,0.8000000000
6.9890000000,0.0014494479,0.3372083611,falla_engranaje,0.8000000000
6.9895000000,0.0015426715,0.3455482170,falla_engranaje,0.8000000000
6.9900000000,0.0014881712,0.3382589498,falla_engranaje,0.8000000000
6.9905000000,0.0015249511,0.3390375003,falla_engranaje,0.8000000000
6.9910000000,0.0014426517,0.3295145614,falla_engranaje,0.8000000000
6.9915000000,0.0015021091,0.3454647544,falla_engranaje,0.8000000000
6.9920000000,0.0015050257,0.3440321307,falla_engranaje,0.8000000000
6.9925000000,0.0014540397,0.3535075341,falla_engranaje,0.8000000000
6.9930000000,0.0015666208,0.3260319004,falla_engranaje,0.8000000000
6.9935000000,0.0015323913,0.3561795096,falla_engranaje,0.8000000000
6.9940000000,0.0014854396,0.3604497614,falla_engranaje,0.8000000000
6.9945000000,0.0015183874,0.3502798196,falla_engranaje,0.8000000000
6.9950000000,0.0014842472,0.3273541046,falla_engranaje,0.8000000000
6.9955000000,0.0014938335,0.3493436159,falla_engranaje,0.8000000000
6.9960000000,0.0015742366,0.3446367730,falla_engranaje,0.8000000000
6.9965000000,0.0016420234,0.3346996224,falla_engranaje,0.8000000000
6.9970000000,0.0015287383,0.3243655176,falla_engranaje,0.8000000000
6.9975000000,0.0015712387,0.3335855933,falla_engranaje,0.8000000000
6.9980000000,0.0014905774,0.3497379807,falla_engranaje,0.8000000000
6.9985000000,0.0014900641,0.3191073056,falla_engranaje,0.8000000000
6.9990000000,0.0015121257,0.3216743790,falla_engranaje,0.8000000000
6.9995000000,0.0014657282,0.3298052014,falla_engranaje,0.8000000000
7.0000000000,0.0015236671,0.3344114263,falla_engranaje,0.8000000000
7.0005000000,0.0015330139,0.3250654038,falla_engranaje,0.8000000000
7.0010000000,0.0015484909,0.3390055364,falla_engranaje,0.8000000000
7.0015000000,0.0015679733,0.3327592931,falla_engranaje,0.8000000000
7.0020000000,0.0016697345,0.3350321327,falla_engranaje,0.8000000000
7.0025000000,0.0015700785,0.3214134439,falla_engranaje,0.8000000000
7.0030000000,0.0014881062,0.3138942783,falla_engranaje,0.8000000000
7.0035000000,0.0016262897,0.3198837675,falla_engranaje,0.8000000000
7.0040000000,0.0014842557,0.3357220512,falla_engranaje,0.8000000000
7.0045000000,0.0016413889,0.3293578011,falla_engranaje,0.8000000000
7.0050000000,0.0015716586,0.3265131312,falla_engranaje,0.8000000000
7.0055000000,0.0015745687,0.3286788371,falla_engranaje,0.8000000000
7.0060000000,0.0016938134,0.3279762189,falla_engranaje,0.8000000000
7.0065000000,0.0016259059,0.3233144773,falla_engranaje,0.8000000000
7.0070000000,0.0016051060,0.3105644337,falla_engranaje,0.8000000000
7.0075000000,0.0016231892,0.3170113681,falla_engranaje,0.8000000000
7.0080000000,0.0015978489,0.3290830270,falla_engranaje,0.8000000000
7.0085000000,0.0015973424,0.3259102967,falla_engranaje,0.8000000000
7.0090000000,0.0015328378,0.3250349862,falla_engranaje,0.8000000000
7.0095000000,0.0014379708,0.3248939792,falla_engranaje,0.8000000000
7.0100000000,0.0015600845,0.3352716945,falla_engranaje,0.8000000000
7.0105000000,0.0016437927,0.3211334069,falla_engranaje,0.8000000000
7.0110000000,0.0015758152,0.3622197768,falla_engranaje,0.8000000000
7.0115000000,0.0014678830,0.3121634551,falla_engranaje,0.8000000000
7.0120000000,0.0015684449,0.3190875463,falla_engranaje,0.8000000000
7.0125000000,0.0015420372,0.3180893562,falla_engranaje,0.8000000000
7.0130000000,0.0015465358,0.3099152848,falla_engranaje,0.8000000000
7.0135000000,0.0016366385,0.3111769508,falla_engranaje,0.8000000000
7.0140000000,0.0017218192,0.3046361386,falla_engranaje,0.8000000000
7.0145000000,0.0016671196,0.3101302812,falla_engranaje,0.8000000000
7.0150000000,0.0016059506,0.3274115828,falla_engranaje,0.8000000000
7.0155000000,0.0016048778,0.3322292715,falla_engranaje,0.8000000000
7.0160000000,0.0016733499,0.2987275791,falla_engranaje,0.8000000000
7.0165000000,0.0016370010,0.3213817093,falla_engranaje,0.8000000000
7.0170000000,0.0016584032,0.3255431968,falla_engranaje,0.8000000000
7.0175000000,0.0016330427,0.3188194419,falla_engranaje,0.8000000000
7.0180000000,0.0016035971,0.3149948945,falla_engranaje,0.8000000000
7.0185000000,0.0015375085,0.3147282106,falla_engranaje,0.8000000000
7.0190000000,0.0015902433,0.2968928724,falla_engranaje,0.8000000000
7.0195000000,0.0015114135,0.2983470302,falla_engranaje,0.8000000000
7.0200000000,0.0017714438,0.3193261729,falla_engranaje,0.8000000000
7.0205000000,0.0016553488,0.3110642104,falla_engranaje,0.8000000000
7.0210000000,0.0016355826,0.3106220478,falla_engranaje,0.8000000000
7.0215000000,0.0015407280,0.3102961028,falla_engranaje,0.8000000000
7.0220000000,0.0017399839,0.3126344043,falla_engranaje,0.8000000000
7.0225000000,0.0015961359,0.3124661468,falla_engranaje,0.8000000000
7.0230000000,0.0015704104,0.3207345751,falla_engranaje,0.8000000000
7.0235000000,0.0016310485,0.3112761359,falla_engranaje,0.8000000000
7.0240000000,0.0016896853,0.3125440365,falla_engranaje,0.8000000000
7.0245000000,0.0016961741,0.3128314960,falla_engranaje,0.8000000000
7.0250000000,0.0016799460,0.3063235955,falla_engranaje,0.8000000000
7.0255000000,0.0015202693,0.2963518799,falla_engranaje,0.8000000000
7.0260000000,0.0016242920,0.3171676243,falla_engranaje,0.8000000000
7.0265000000,0.0015723614,0.3165084688,falla_engranaje,0.8000000000
7.0270000000,0.0017562044,0.2940695712,falla_engranaje,0.8000000000
7.0275000000,0.0016392247,0.3112620031,falla_engranaje,0.8000000000
7.0280000000,0.0016772834,0.3077338826,falla_engranaje,0.8000000000
7.0285000000,0.0016875044,0.3136390700,falla_engranaje,0.8000000000
7.0290000000,0.0017252374,0.2847490506,falla_engranaje,0.8000000000
7.0295000000,0.0016617547,0.3135544271,falla_engranaje,0.8000000000
7.0300000000,0.0018240749,0.3163764156,falla_engranaje,0.8000000000
7.0305000000,0.0016136818,0.2970697705,falla_engranaje,0.8000000000
7.0310000000,0.0017406156,0.2970259770,falla_engranaje,0.8000000000
7.0315000000,0.0016706827,0.3011096349,falla_engranaje,0.8000000000
7.0320000000,0.0018135108,0.2936707803,falla_engranaje,0.8000000000
7.0325000000,0.0017082402,0.2954212118,falla_engranaje,0.8000000000
7.0330000000,0.0016666851,0.2844489277,falla_engranaje,0.8000000000
7.0335000000,0.0015542822,0.2860293697,falla_engranaje,0.8000000000
7.0340000000,0.0017479543,0.2886612659,falla_engranaje,0.8000000000
7.0345000000,0.0016991354,0.3133498121,falla_engranaje,0.8000000000
7.0350000000,0.0017160827,0.2896620465,falla_engranaje,0.8000000000
7.0355000000,0.0016849282,0.2854986111,falla_engranaje,0.8000000000
7.0360000000,0.0017171768,0.2869412187,falla_engranaje,0.8000000000
7.0365000000,0.0017693761,0.2838451184,falla_engranaje,0.8000000000
7.0370000000,0.0016727443,0.2906376963,falla_engranaje,0.8000000000
7.0375000000,0.0017077804,0.2834638410,falla_engranaje,0.8000000000
7.0380000000,0.0016703149,0.3019069615,falla_engranaje,0.8000000000
7.0385000000,0.0016272595,0.2791731892,falla_engranaje,0.8000000000
7.0390000000,0.0016428306,0.2754161889,falla_engranaje,0.8000000000
7.0395000000,0.0017429132,0.2855461252,falla_engranaje,0.8000000000
7.0400000000,0.0017201781,0.2961957364,falla_engranaje,0.8000000000
7.0405000000,0.0015654815,0.2736878901,falla_engranaje,0.8000000000
7.0410000000,0.0016962700,0.2786790739,falla_engranaje,0.8000000000
7.0415000000,0.0018485335,0.2919896319,falla_engranaje,0.8000000000
7.0420000000,0.0016902971,0.2779729562,falla_engranaje,0.8000000000
7.0425000000,0.0016016262,0.2821313788,falla_engranaje,0.8000000000
7.0430000000,0.0017036594,0.2803514040,falla_engranaje,0.8000000000
7.0435000000,0.0017150749,0.2831364398,falla_engranaje,0.8000000000
7.0440000000,0.0017369952,0.2859313815,falla_engranaje,0.8000000000
7.0445000000,0.0016201754,0.2819350992,falla_engranaje,0.8000000000
7.0450000000,0.0017246400,0.2627719553,falla_engranaje,0.8000000000
7.0455000000,0.0017730783,0.2622949574,falla_engranaje,0.8000000000
7.0460000000,0.0015523808,0.2772575289,falla_engranaje,0.8000000000
7.0465000000,0.0018051785,0.2764828428,falla_engranaje,0.8000000000
7.0470000000,0.0016420222,0.2867120917,falla_engranaje,0.8000000000
7.0475000000,0.0018035624,0.2613187433,falla_engranaje,0.8000000000
7.0480000000,0.0016802576,0.2789852813,falla_engranaje,0.8000000000
7.0485000000,0.0016886656,0.2658717592,falla_engranaje,0.8000000000
7.0490000000,0.0017746420,0.2852933770,falla_engranaje,0.8000000000
7.0495000000,0.0016597591,0.2567920549,falla_engranaje,0.8000000000
7.0500000000,0.0015893451,0.2792263992,falla_engranaje,0.8000000000
7.0505000000,0.0016175590,0.2803384199,falla_engranaje,0.8000000000
7.0510000000,0.0017625929,0.2657950445,falla_engranaje,0.8000000000
7.0515000000,0.0016480180,0.2694880609,falla_engranaje,0.8000000000
7.0520000000,0.0017396427,0.2645645100,falla_engranaje,0.8000000000
7.0525000000,0.0016825893,0.2620734620,falla_engranaje,0.8000000000
7.0530000000,0.0018086505,0.2635063684,falla_engranaje,0.8000000000
7.0535000000,0.0017163781,0.2551423377,falla_engranaje,0.8000000000
7.0540000000,0.0015958186,0.2664449601,falla_engranaje,0.8000000000
7.0545000000,0.0017237806,0.2734164347,falla_engranaje,0.8000000000
7.0550000000,0.0017589841,0.2675566714,falla_engranaje,0.8000000000
7.0555000000,0.0016079954,0.2727185473,falla_engranaje,0.8000000000
7.0560000000,0.0017878084,0.2628716698,falla_engranaje,0.8000000000
7.0565000000,0.0017065246,0.2667352874,falla_engranaje,0.8000000000
7.0570000000,0.0017133654,0.2390371762,falla_engranaje,0.8000000000
7.0575000000,0.0016367555,0.2684450598,falla_engranaje,0.8000000000
7.0580000000,0.0016821813,0.2558283130,falla_engranaje,0.8000000000
7.0585000000,0.0017146693,0.2648335089,falla_engranaje,0.8000000000
7.0590000000,0.0017121190,0.2417462510,falla_engranaje,0.8000000000
7.0595000000,0.0016875262,0.2491342788,falla_engranaje,0.8000000000
7.0600000000,0.0015963277,0.2515545631,falla_engranaje,0.8000000000
7.0605000000,0.0015206716,0.2592875762,falla_engranaje,0.8000000000
7.0610000000,0.0017198278,0.2499735339,falla_engranaje,0.8000000000
7.0615000000,0.0016724954,0.2624562105,falla_engranaje,0.8000000000
7.0620000000,0.0017279100,0.2428821028,falla_engranaje,0.8000000000
7.0625000000,0.0016164731,0.2622397152,falla_engranaje,0.8000000000
7.0630000000,0.0016180084,0.2461569136,falla_engranaje,0.8000000000
7.0635000000,0.0017049974,0.2444815751,falla_engranaje,0.8000000000
7.0640000000,0.0017384307,0.2545033952,falla_engranaje,0.8000000000
7.0645000000,0.0018314027,0.2603121078,falla_engranaje,0.8000000000
7.0650000000,0.0015815636,0.2304097948,falla_engranaje,0.8000000000
7.0655000000,0.0017287522,0.2490566957,falla_engranaje,0.8000000000
7.0660000000,0.0015071587,0.2316460250,falla_engranaje,0.8000000000
7.0665000000,0.0017240000,0.2460642754,falla_engranaje,0.8000000000
7.0670000000,0.0016592392,0.2440593954,falla_engranaje,0.8000000000
7.0675000000,0.0017108414,0.2596276187,falla_engranaje,0.8000000000
7.0680000000,0.0016896492,0.2240006697,falla_engranaje,0.8000000000
7.0685000000,0.0016248041,0.2417088389,falla_engranaje,0.8000000000
7.0690000000,0.0015828171,0.2480775521,falla_engranaje,0.8000000000
7.0695000000,0.0016208929,0.2236161709,falla_engranaje,0.8000000000
7.0700000000,0.0015547776,0.2259844734,falla_engranaje,0.8000000000
7.0705000000,0.0017267835,0.2324295688,falla_engranaje,0.8000000000
7.0710000000,0.0017085980,0.2240138174,falla_engranaje,0.8000000000
7.0715000000,0.0017429333,0.2269554611,falla_engranaje,0.8000000000
7.0720000000,0.0016449329,0.2247108955,falla_engranaje,0.8000000000
7.0725000000,0.0015915604,0.2308311142,falla_engranaje,0.8000000000
7.0730000000,0.0017516558,0.2290996656,falla_engranaje,0.8000000000
7.0735000000,0.0016513065,0.2278822888,falla_engranaje,0.8000000000
7.0740000000,0.0016225740,0.2278738780,falla_engranaje,0.8000000000
7.0745000000,0.0016439958,0.2222730263,falla_engranaje,0.8000000000
7.0750000000,0.0016398426,0.2277017632,falla_engranaje,0.8000000000
7.0755000000,0.0015781676,0.2113159368,falla_engranaje,0.8000000000
7.0760000000,0.0016997132,0.2343739989,falla_engranaje,0.8000000000
7.0765000000,0.0017149242,0.2149353604,falla_engranaje,0.8000000000
7.0770000000,0.0016806673,0.2261455907,falla_engranaje,0.8000000000
7.0775000000,0.0016400713,0.2101001962,falla_engranaje,0.8000000000
7.0780000000,0.0016757410,0.2013650704,falla_engranaje,0.8000000000
7.0785000000,0.0016272949,0.2110715048,falla_engranaje,0.8000000000
7.0790000000,0.0017001937,0.2212946506,falla_engranaje,0.8000000000
7.0795000000,0.0015024096,0.2192861165,falla_engranaje,0.8000000000
7.0800000000,0.0014866653,0.2201769734,falla_engranaje,0.8000000000
7.0805000000,0.0015584405,0.2099403141,falla_engranaje,0.8000000000
7.0810000000,0.0016614788,0.1859261662,falla_engranaje,0.8000000000
7.0815000000,0.0015358221,0.2027503127,falla_engranaje,0.8000000000
7.0820000000,0.0015823750,0.2380948433,falla_engranaje,0.8000000000
7.0825000000,0.0015417415,0.2083930377,falla_engranaje,0.8000000000
7.0830000000,0.0015337639,0.1991284805,falla_engranaje,0.8000000000
7.0835000000,0.0016061567,0.2152436736,falla_engranaje,0.8000000000
7.0840000000,0.0016040595,0.1951683133,falla_engranaje,0.8000000000
7.0845000000,0.0016466430,0.1889406949,falla_engranaje,0.8000000000
7.0850000000,0.0015560539,0.2171434586,falla_engranaje,0.8000000000
7.0855000000,0.0016179207,0.1983628681,falla_engranaje,0.8000000000
7.0860000000,0.0014827118,0.2056065963,falla_engranaje,0.8000000000
7.0865000000,0.0015331036,0.2104065220,falla_engranaje,0.8000000000
7.0870000000,0.0015436146,0.2043518838,falla_engranaje,0.8000000000
7.0875000000,0.0016304696,0.1890724197,falla_engranaje,0.8000000000
7.0880000000,0.0014637723,0.2020660997,falla_engranaje,0.8000000000
7.0885000000,0.0015063286,0.1891825065,falla_engranaje,0.8000000000
7.0890000000,0.0015974132,0.1930837688,falla_engranaje,0.8000000000
7.0895000000,0.0015368682,0.1882366459,falla_engranaje,0.8000000000
7.0900000000,0.0015322592,0.1937039518,falla_engranaje,0.8000000000
7.0905000000,0.0015947948,0.2079372130,falla_engranaje,0.8000000000
7.0910000000,0.0015118056,0.1884178953,falla_engranaje,0.8000000000
7.0915000000,0.0015521241,0.1800570753,falla_engranaje,0.8000000000
7.0920000000,0.0015081304,0.2035435627,falla_engranaje,0.8000000000
7.0925000000,0.0014865109,0.1655054363,falla_engranaje,0.8000000000
7.0930000000,0.0013906506,0.1714144278,falla_engranaje,0.8000000000
7.0935000000,0.0015093596,0.1946862576,falla_engranaje,0.8000000000
7.0940000000,0.0016198145,0.1693736802,falla_engranaje,0.8000000000
7.0945000000,0.0014203860,0.1812498141,falla_engranaje,0.8000000000
7.0950000000,0.0016073626,0.1860349664,falla_engranaje,0.8000000000
7.0955000000,0.0015962629,0.1873125300,falla_engranaje,0.8000000000
7.0960000000,0.0015191535,0.1631007564,falla_engranaje,0.8000000000
7.0965000000,0.0016850988,0.1678715376,falla_engranaje,0.8000000000
7.0970000000,0.0013767814,0.1700376392,falla_engranaje,0.8000000000
7.0975000000,0.0015924847,0.1728677057,falla_engranaje,0.8000000000
7.0980000000,0.0015258358,0.1619686184,falla_engranaje,0.8000000000
7.0985000000,0.0013773943,0.1784257004,falla_engranaje,0.8000000000
7.0990000000,0.0015262188,0.1796916176,falla_engranaje,0.8000000000
7.0995000000,0.0014699596,0.1532249164,falla_engranaje,0.8000000000
7.1000000000,0.0014480934,0.1510212258,falla_engranaje,0.8000000000
7.1005000000,0.0014660683,0.1801791419,falla_engranaje,0.8000000000
7.1010000000,0.0014867545,0.1706093689,falla_engranaje,0.8000000000
7.1015000000,0.0014814470,0.1605969947,falla_engranaje,0.8000000000
7.1020000000,0.0014992507,0.1575380150,falla_engranaje,0.8000000000
7.1025000000,0.0013582710,0.1638616247,falla_engranaje,0.8000000000
7.1030000000,0.0014788938,0.1593790404,falla_engranaje,0.8000000000
7.1035000000,0.0014760937,0.1606582296,falla_engranaje,0.8000000000
7.1040000000,0.0014504843,0.1293130186,falla_engranaje,0.8000000000
7.1045000000,0.0014542651,0.1459977922,falla_engranaje,0.8000000000
7.1050000000,0.0013813225,0.1312155533,falla_engranaje,0.8000000000
7.1055000000,0.0013974251,0.1461643010,falla_engranaje,0.8000000000
7.1060000000,0.0015254069,0.1330503677,falla_engranaje,0.8000000000
7.1065000000,0.0014043754,0.1534004994,falla_engranaje,0.8000000000
7.1070000000,0.0014143167,0.1416212860,falla_engranaje,0.8000000000
7.1075000000,0.0014127811,0.1473042172,falla_engranaje,0.8000000000
7.1080000000,0.0013773087,0.1432386340,falla_engranaje,0.8000000000
7.1085000000,0.0014441363,0.1579505409,falla_engranaje,0.8000000000
7.1090000000,0.0013721475,0.1424695918,falla_engranaje,0.8000000000
7.1095000000,0.0013150964,0.1504963538,falla_engranaje,0.8000000000
7.1100000000,0.0013377958,0.1313376115,falla_engranaje,0.8000000000
7.1105000000,0.0013263980,0.1322810113,falla_engranaje,0.8000000000
7.1110000000,0.0014046206,0.1244439452,falla_engranaje,0.8000000000
7.1115000000,0.0013273552,0.1442872539,falla_engranaje,0.8000000000
7.1120000000,0.0013344735,0.1395658856,falla_engranaje,0.8000000000
7.1125000000,0.0012850540,0.1365198100,falla_engranaje,0.8000000000
7.1130000000,0.0012297840,0.1452708652,falla_engranaje,0.8000000000
7.1135000000,0.0013142850,0.1252527222,falla_engranaje,0.8000000000
7.1140000000,0.0014828825,0.1206320870,falla_engranaje,0.8000000000
7.1145000000,0.0013257583,0.1303843767,falla_engranaje,0.8000000000
7.1150000000,0.0014352912,0.1217848755,falla_engranaje,0.8000000000
7.1155000000,0.0013430883,0.1297406429,falla_engranaje,0.8000000000
7.1160000000,0.0012172402,0.1113496304,falla_engranaje,0.8000000000
7.1165000000,0.0012877055,0.1206383817,falla_engranaje,0.8000000000
7.1170000000,0.0013299460,0.1113759745,falla_engranaje,0.8000000000
7.1175000000,0.0012761518,0.1126502176,falla_engranaje,0.8000000000
7.1180000000,0.0014305051,0.1130011537,falla_engranaje,0.8000000000
7.1185000000,0.0011961832,0.1245843492,falla_engranaje,0.8000000000
7.1190000000,0.0013530896,0.1026557395,falla_engranaje,0.8000000000
7.1195000000,0.0011399488,0.1007654930,falla_engranaje,0.8000000000
7.1200000000,0.0012581401,0.1088056038,falla_engranaje,0.8000000000
7.1205000000,0.0011982627,0.0912926913,falla_engranaje,0.8000000000
7.1210000000,0.0013502403,0.0927033105,falla_engranaje,0.8000000000
7.1215000000,0.0011660120,0.0960770707,falla_engranaje,0.8000000000
7.1220000000,0.0011413420,0.0958990783,falla_engranaje,0.8000000000
7.1225000000,0.0013349351,0.1043546357,falla_engranaje,0.8000000000
7.1230000000,0.0012351838,0.0870499120,falla_engranaje,0.8000000000
7.1235000000,0.0011812192,0.1114453624,falla_engranaje,0.8000000000
7.1240000000,0.0013090998,0.1146487714,falla_engranaje,0.8000000000
7.1245000000,0.0012112673,0.0813222581,falla_engranaje,0.8000000000
7.1250000000,0.0011969273,0.0950892646,falla_engranaje,0.8000000000
7.1255000000,0.0013034160,0.1021612037,falla_engranaje,0.8000000000
7.1260000000,0.0011400398,0.1049659879,falla_engranaje,0.8000000000
7.1265000000,0.0011792272,0.0916828164,falla_engranaje,0.8000000000
7.1270000000,0.0011154128,0.0938233834,falla_engranaje,0.8000000000
7.1275000000,0.0010041075,0.0842658013,falla_engranaje,0.8000000000
7.1280000000,0.0011360743,0.0893576839,falla_engranaje,0.8000000000
7.1285000000,0.0010562933,0.0781867862,falla_engranaje,0.8000000000
7.1290000000,0.0010221787,0.0917684794,falla_engranaje,0.8000000000
7.1295000000,0.0010898646,0.0974021418,falla_engranaje,0.8000000000
7.1300000000,0.0012139110,0.0744660208,falla_engranaje,0.8000000000
7.1305000000,0.0010484816,0.0756339929,falla_engranaje,0.8000000000
7.1310000000,0.0010867176,0.0692488393,falla_engranaje,0.8000000000
7.1315000000,0.0009709447,0.0910067118,falla_engranaje,0.8000000000
7.1320000000,0.0010949434,0.0761003822,falla_engranaje,0.8000000000
7.1325000000,0.0010617398,0.0777412712,falla_engranaje,0.8000000000
7.1330000000,0.0011855571,0.0858270852,falla_engranaje,0.8000000000
7.1335000000,0.0011901762,0.0782043583,falla_engranaje,0.8000000000
7.1340000000,0.0010781239,0.0623807296,falla_engranaje,0.8000000000
7.1345000000,0.0010525448,0.0627955649,falla_engranaje,0.8000000000
7.1350000000,0.0009882664,0.0855601428,falla_engranaje,0.8000000000
7.1355000000,0.0010328899,0.0653076025,falla_engranaje,0.8000000000
7.1360000000,0.0009640315,0.0610838834,falla_engranaje,0.8000000000
7.1365000000,0.0008881123,0.0510518922,falla_engranaje,0.8000000000
7.1370000000,0.0008795749,0.0676153807,falla_engranaje,0.8000000000
7.1375000000,0.0009800120,0.0551014686,falla_engranaje,0.8000000000
7.1380000000,0.0010332573,0.0691772090,falla_engranaje,0.8000000000
7.1385000000,0.0010351207,0.0544214997,falla_engranaje,0.8000000000
7.1390000000,0.0009645116,0.0564131069,falla_engranaje,0.8000000000
7.1395000000,0.0009229474,0.0566626877,falla_engranaje,0.8000000000
7.1400000000,0.0009505871,0.0518900026,falla_engranaje,0.8000000000
7.1405000000,0.0009930986,0.0441597709,falla_engranaje,0.8000000000
7.1410000000,0.0009702886,0.0526561344,falla_engranaje,0.8000000000
7.1415000000,0.0009562330,0.0281223429,falla_engranaje,0.8000000000
7.1420000000,0.0009146637,0.0375782808,falla_engranaje,0.8000000000
7.1425000000,0.0009085955,0.0513207236,falla_engranaje,0.8000000000
7.1430000000,0.0009070284,0.0355128895,falla_engranaje,0.8000000000
7.1435000000,0.0009369054,0.0390039134,falla_engranaje,0.8000000000
7.1440000000,0.0009156569,0.0433176814,falla_engranaje,0.8000000000
7.1445000000,0.0008696545,0.0388960992,falla_engranaje,0.8000000000
7.1450000000,0.0008235295,0.0418692585,falla_engranaje,0.8000000000
7.1455000000,0.0007924609,0.0348908473,falla_engranaje,0.8000000000
7.1460000000,0.0008705913,0.0254460647,falla_engranaje,0.8000000000
7.1465000000,0.0009186786,0.0435708645,falla_engranaje,0.8000000000
7.1470000000,0.0008428168,0.0303007025,falla_engranaje,0.8000000000
7.1475000000,0.0008065799,0.0270742951,falla_engranaje,0.8000000000
7.1480000000,0.0010034435,0.0244461828,falla_engranaje,0.8000000000
7.1485000000,0.0007609429,0.0200642228,falla_engranaje,0.8000000000
7.1490000000,0.0007986868,0.0196759408,falla_engranaje,0.8000000000
7.1495000000,0.0007984285,0.0273700547,falla_engranaje,0.8000000000
7.1500000000,0.0008216130,0.0360732263,falla_engranaje,0.8000000000
7.1505000000,0.0008338769,0.0264974986,falla_engranaje,0.8000000000
7.1510000000,0.0006839824,0.0167897902,falla_engranaje,0.8000000000
7.1515000000,0.0006683798,0.0178327512,falla_engranaje,0.8000000000
7.1520000000,0.0007845405,0.0236527235,falla_engranaje,0.8000000000
7.1525000000,0.0008088924,0.0195668461,falla_engranaje,0.8000000000
7.1530000000,0.0006814217,0.0210779718,falla_engranaje,0.8000000000
7.1535000000,0.0006947493,0.0004750441,falla_engranaje,0.8000000000
7.1540000000,0.0007107617,0.0197514739,falla_engranaje,0.8000000000
7.1545000000,0.0007654839,0.0009726881,falla_engranaje,0.8000000000
7.1550000000,0.0006812079,0.0095151886,falla_engranaje,0.8000000000
7.1555000000,0.0007358602,0.0079277680,falla_engranaje,0.8000000000
7.1560000000,0.0007036286,0.0153446967,falla_engranaje,0.8000000000
7.1565000000,0.0005694434,-0.0073601629,falla_engranaje,0.8000000000
7.1570000000,0.0007358328,-0.0033759284,falla_engranaje,0.8000000000
7.1575000000,0.0007389821,0.0063353369,falla_engranaje,0.8000000000
7.1580000000,0.0005982617,-0.0071017994,falla_engranaje,0.8000000000
7.1585000000,0.0006575989,-0.0170034010,falla_engranaje,0.8000000000
7.1590000000,0.0006020066,-0.0020509159,falla_engranaje,0.8000000000
7.1595000000,0.0005387067,-0.0030219658,falla_engranaje,0.8000000000
7.1600000000,0.0006674357,-0.0116690626,falla_engranaje,0.8000000000
7.1605000000,0.0005446419,0.0015358113,falla_engranaje,0.8000000000
7.1610000000,0.0006604382,-0.0213063283,falla_engranaje,0.8000000000
7.1615000000,0.0006298315,-0.0042169508,falla_engranaje,0.8000000000
7.1620000000,0.0006331890,-0.0115092167,falla_engranaje,0.8000000000
7.1625000000,0.0005388613,-0.0174916774,falla_engranaje,0.8000000000
7.1630000000,0.0007328714,-0.0327260978,falla_engranaje,0.8000000000
7.1635000000,0.0005065191,-0.0381294191,falla_engranaje,0.8000000000
7.1640000000,0.0004699746,-0.0159242757,falla_engranaje,0.8000000000
7.1645000000,0.0006932001,-0.0174510858,falla_engranaje,0.8000000000
7.1650000000,0.0006274293,-0.0183541253,falla_engranaje,0.8000000000
7.1655000000,0.0005172244,-0.0461813914,falla_engranaje,0.8000000000
7.1660000000,0.0003799185,-0.0476479324,falla_engranaje,0.8000000000
7.1665000000,0.0004122877,-0.0285154521,falla_engranaje,0.8000000000
7.1670000000,0.0005541131,-0.0303732877,falla_engranaje,0.8000000000
7.1675000000,0.0005105028,-0.0269596739,falla_engranaje,0.8000000000
7.1680000000,0.0006725722,-0.0276287453,falla_engranaje,0.8000000000
7.1685000000,0.0004778791,-0.0313278685,falla_engranaje,0.8000000000
7.1690000000,0.0004768314,-0.0341767303,falla_engranaje,0.8000000000
7.1695000000,0.0003540733,-0.0555840473,falla_engranaje,0.8000000000
7.1700000000,0.0004035625,-0.0223326517,falla_engranaje,0.8000000000
7.1705000000,0.0003849986,-0.0440543150,falla_engranaje,0.8000000000
7.1710000000,0.0004815368,-0.0520696086,falla_engranaje,0.8000000000
7.1715000000,0.0003883534,-0.0630061501,falla_engranaje,0.8000000000
7.1720000000,0.0003457941,-0.0483967159,falla_engranaje,0.8000000000
7.1725000000,0.0003538144,-0.0469447137,falla_engranaje,0.8000000000
7.1730000000,0.0004051623,-0.0505115556,falla_engranaje,0.8000000000
7.1735000000,0.0003405350,-0.0654114842,falla_engranaje,0.8000000000
7.1740000000,0.0004182799,-0.0508631287,falla_engranaje,0.8000000000
7.1745000000,0.0004963421,-0.0471923786,falla_engranaje,0.8000000000
7.1750000000,0.0003929571,-0.0813713883,falla_engranaje,0.8000000000
7.1755000000,0.0003263611,-0.0581946191,falla_engranaje,0.8000000000
7.1760000000,0.0003568770,-0.0525864695,falla_engranaje,0.8000000000
7.1765000000,0.0002784293,-0.0598297149,falla_engranaje,0.8000000000
7.1770000000,0.0002897432,-0.0697666267,falla_engranaje,0.8000000000
7.1775000000,0.0002777281,-0.0772878952,falla_engranaje,0.8000000000
7.1780000000,0.0004059704,-0.0649098477,falla_engranaje,0.8000000000
7.1785000000,0.0003458048,-0.0859010785,falla_engranaje,0.8000000000
7.1790000000,0.0002412542,-0.0693226109,falla_engranaje,0.8000000000
7.1795000000,0.0001261045,-0.0756039660,falla_engranaje,0.8000000000
7.1800000000,0.0002480013,-0.0962315948,falla_engranaje,0.8000000000
7.1805000000,0.0001954838,-0.0884475334,falla_engranaje,0.8000000000
7.1810000000,0.0001853690,-0.0784013092,falla_engranaje,0.8000000000
7.1815000000,0.0001462066,-0.0836160715,falla_engranaje,0.8000000000
7.1820000000,0.0001698247,-0.0784451892,falla_engranaje,0.8000000000
7.1825000000,0.0002004475,-0.0967724385,falla_engranaje,0.8000000000
7.1830000000,0.0002542254,-0.0926702747,falla_engranaje,0.8000000000
7.1835000000,0.0001992059,-0.0890500476,falla_engranaje,0.8000000000
7.1840000000,0.0002366312,-0.0953999285,falla_engranaje,0.8000000000
7.1845000000,0.0001389220,-0.0933135109,falla_engranaje,0.8000000000
7.1850000000,0.0002167170,-0.0899116954,falla_engranaje,0.8000000000
7.1855000000,0.0000059553,-0.1113892757,falla_engranaje,0.8000000000
7.1860000000,0.0000650691,-0.0980388222,falla_engranaje,0.8000000000
7.1865000000,0.0000824174,-0.1021318768,falla_engranaje,0.8000000000
7.1870000000,0.0000396772,-0.1021446207,falla_engranaje,0.8000000000
7.1875000000,0.0001415135,-0.1050572615,falla_engranaje,0.8000000000
7.1880000000,0.0001462901,-0.1059679929,falla_engranaje,0.8000000000
7.1885000000,0.0001068669,-0.1073005006,falla_engranaje,0.8000000000
7.1890000000,0.0000160873,-0.1050796446,falla_engranaje,0.8000000000
7.1895000000,-0.0000874397,-0.0975027374,falla_engranaje,0.8000000000
7.1900000000,0.0000273029,-0.1081949717,falla_engranaje,0.8000000000
7.1905000000,-0.0000774810,-0.1079400097,falla_engranaje,0.8000000000
7.1910000000,0.0000748048,-0.1125667058,falla_engranaje,0.8000000000
7.1915000000,0.0000261366,-0.1094575644,falla_engranaje,0.8000000000
7.1920000000,-0.0001011356,-0.1056364358,falla_engranaje,0.8000000000
7.1925000000,-0.0000242572,-0.1010118369,falla_engranaje,0.8000000000
7.1930000000,-0.0001381200,-0.1115846721,falla_engranaje,0.8000000000
7.1935000000,-0.0000309471,-0.1275188487,falla_engranaje,0.8000000000
7.1940000000,-0.0001016239,-0.1132674407,falla_engranaje,0.8000000000
7.1945000000,-0.0000630532,-0.1281606512,falla_engranaje,0.8000000000
7.1950000000,-0.0001132998,-0.1375351897,falla_engranaje,0.8000000000
7.1955000000,-0.0002251537,-0.1345690026,falla_engranaje,0.8000000000
7.1960000000,-0.0001455208,-0.1335271428,falla_engranaje,0.8000000000
7.1965000000,-0.0001048292,-0.1361330766,falla_engranaje,0.8000000000
7.1970000000,-0.0001629728,-0.1271455809,falla_engranaje,0.8000000000
7.1975000000,-0.0001964930,-0.1298759853,falla_engranaje,0.8000000000
7.1980000000,-0.0002095788,-0.1366514942,falla_engranaje,0.8000000000
7.1985000000,-0.0002012089,-0.1390312741,falla_engranaje,0.8000000000
7.1990000000,-0.0001681085,-0.1510044721,falla_engranaje,0.8000000000
7.1995000000,-0.0002356181,-0.1381036622,falla_engranaje,0.8000000000
7.2000000000,-0.0001553249,-0.1526389461,falla_engranaje,0.8000000000
7.2005000000,-0.0002661676,-0.1425358185,falla_engranaje,0.8000000000
7.2010000000,-0.0001978228,-0.1548017271,falla_engranaje,0.8000000000
7.2015000000,-0.0001990027,-0.1430744629,falla_engranaje,0.8000000000
7.2020000000,-0.0001488372,-0.1378912703,falla_engranaje,0.8000000000
7.2025000000,-0.0001886788,-0.1555074932,falla_engranaje,0.8000000000
7.2030000000,-0.0002071027,-0.1486915252,falla_engranaje,0.8000000000
7.2035000000,-0.0003190951,-0.1453482133,falla_engranaje,0.8000000000
7.2040000000,-0.0003402429,-0.1708223020,falla_engranaje,0.8000000000
7.2045000000,-0.0003847964,-0.1513780042,falla_engranaje,0.8000000000
7.2050000000,-0.0001787673,-0.1641944529,falla_engranaje,0.8000000000
7.2055000000,-0.0003369203,-0.1762240767,falla_engranaje,0.8000000000
7.2060000000,-0.0004211067,-0.1591154223,falla_engranaje,0.8000000000
7.2065000000,-0.0004134580,-0.1885657247,falla_engranaje,0.8000000000
7.2070000000,-0.0003818535,-0.1695669492,falla_engranaje,0.8000000000
7.2075000000,-0.0004163688,-0.1705015594,falla_engranaje,0.8000000000
7.2080000000,-0.0002815730,-0.1758215948,falla_engranaje,0.8000000000
7.2085000000,-0.0004678812,-0.1822146484,falla_engranaje,0.8000000000
7.2090000000,-0.0002328775,-0.1616132151,falla_engranaje,0.8000000000
7.2095000000,-0.0004486273,-0.1477640399,falla_engranaje,0.8000000000
7.2100000000,-0.0004719887,-0.1645359792,falla_engranaje,0.8000000000
7.2105000000,-0.0004951949,-0.1682807360,falla_engranaje,0.8000000000
7.2110000000,-0.0004779840,-0.1739137069,falla_engranaje,0.8000000000
7.2115000000,-0.0004924632,-0.1880374737,falla_engranaje,0.8000000000
7.2120000000,-0.0004096483,-0.1860512826,falla_engranaje,0.8000000000
7.2125000000,-0.0005310690,-0.1867274394,falla_engranaje,0.8000000000
7.2130000000,-0.0004562067,-0.1801220858,falla_engranaje,0.8000000000
7.2135000000,-0.0004119999,-0.1745355220,falla_engranaje,0.8000000000
7.2140000000,-0.0005799501,-0.1782951710,falla_engranaje,0.8000000000
7.2145000000,-0.0006327177,-0.2000919266,falla_engranaje,0.8000000000
7.2150000000,-0.0006110489,-0.2146439710,falla_engranaje,0.8000000000
7.2155000000,-0.0005753985,-0.1923728953,falla_engranaje,0.8000000000
7.2160000000,-0.0006115889,-0.2092663319,falla_engranaje,0.8000000000
7.2165000000,-0.0006449745,-0.1917665496,falla_engranaje,0.8000000000
7.2170000000,-0.0007795578,-0.1996817977,falla_engranaje,0.8000000000
7.2175000000,-0.0006048455,-0.2038238716,falla_engranaje,0.8000000000
7.2180000000,-0.0006844391,-0.2012239283,falla_engranaje,0.8000000000
7.2185000000,-0.0006804918,-0.1819155502,falla_engranaje,0.8000000000
7.2190000000,-0.0007413346,-0.2193010015,falla_engranaje,0.8000000000
7.2195000000,-0.0006795795,-0.2114184072,falla_engranaje,0.8000000000
7.2200000000,-0.0006905204,-0.1970741252,falla_engranaje,0.8000000000
7.2205000000,-0.0006717385,-0.2098615653,falla_engranaje,0.8000000000
7.2210000000,-0.0008779319,-0.2092126721,falla_engranaje,0.8000000000
7.2215000000,-0.0006908351,-0.2194562062,falla_engranaje,0.8000000000
7.2220000000,-0.0007979374,-0.2140387259,falla_engranaje,0.8000000000
7.2225000000,-0.0008037306,-0.2264235516,falla_engranaje,0.8000000000
7.2230000000,-0.0006833533,-0.2107421765,falla_engranaje,0.8000000000
7.2235000000,-0.0007501086,-0.2288402110,falla_engranaje,0.8000000000
7.2240000000,-0.0007188249,-0.2275545319,falla_engranaje,0.8000000000
7.2245000000,-0.0008068501,-0.2270276194,falla_engranaje,0.8000000000
7.2250000000,-0.0007640735,-0.2322109636,falla_engranaje,0.8000000000
7.2255000000,-0.0008641928,-0.2256720553,falla_engranaje,0.8000000000
7.2260000000,-0.0008304680,-0.2162229284,falla_engranaje,0.8000000000
7.2265000000,-0.0008014834,-0.2290718402,falla_engranaje,0.8000000000
7.2270000000,-0.0009418142,-0.2312209307,falla_engranaje,0.8000000000
7.2275000000,-0.0008038201,-0.2394299352,falla_engranaje,0.8000000000
7.2280000000,-0.0008525725,-0.2345685848,falla_engranaje,0.8000000000
7.2285000000,-0.0008221377,-0.2509855092,falla_engranaje,0.8000000000
7.2290000000,-0.0008803831,-0.2312154444,falla_engranaje,0.8000000000
7.2295000000,-0.0008439285,-0.2449104641,falla_engranaje,0.8000000000
7.2300000000,-0.0007850835,-0.2542326263,falla_engranaje,0.8000000000
7.2305000000,-0.0009148273,-0.2540474625,falla_engranaje,0.8000000000
7.2310000000,-0.0009693251,-0.2491083620,falla_engranaje,0.8000000000
7.2315000000,-0.0010279402,-0.2497977111,falla_engranaje,0.8000000000
7.2320000000,-0.0009288043,-0.2562599650,falla_engranaje,0.8000000000
7.2325000000,-0.0009475134,-0.2455398628,falla_engranaje,0.8000000000
7.2330000000,-0.0009072202,-0.2480311341,falla_engranaje,0.8000000000
7.2335000000,-0.0009971325,-0.2492902779,falla_engranaje,0.8000000000
7.2340000000,-0.0010351297,-0.2537154079,falla_engranaje,0.8000000000
7.2345000000,-0.0010883344,-0.2624985361,falla_engranaje,0.8000000000
7.2350000000,-0.0010842400,-0.2563005737,falla_engranaje,0.8000000000
7.2355000000,-0.0009879861,-0.2729879369,falla_engranaje,0.8000000000
7.2360000000,-0.0009921607,-0.2784307826,falla_engranaje,0.8000000000
7.2365000000,-0.0010012892,-0.2609370287,falla_engranaje,0.8000000000
7.2370000000,-0.0010750432,-0.2768746193,falla_engranaje,0.8000000000
7.2375000000,-0.0010302279,-0.2578782745,falla_engranaje,0.8000000000
7.2380000000,-0.0011650137,-0.2637907953,falla_engranaje,0.8000000000
7.2385000000,-0.0011394238,-0.2684551100,falla_engranaje,0.8000000000
7.2390000000,-0.0011189252,-0.2757650328,falla_engranaje,0.8000000000
7.2395000000,-0.0011740571,-0.2803545806,falla_engranaje,0.8000000000
7.2400000000,-0.0010690744,-0.2812784612,falla_engranaje,0.8000000000
7.2405000000,-0.0010269328,-0.2740841269,falla_engranaje,0.8000000000
7.2410000000,-0.0012644209,-0.2849923513,falla_engranaje,0.8000000000
7.2415000000,-0.0010750737,-0.2760812915,falla_engranaje,0.8000000000
7.2420000000,-0.0013253151,-0.2757704671,falla_engranaje,0.8000000000
7.2425000000,-0.0011558602,-0.2754087333,falla_engranaje,0.8000000000
7.2430000000,-0.0011615536,-0.2891079226,falla_engranaje,0.8000000000
7.2435000000,-0.0012613982,-0.2826486790,falla_engranaje,0.8000000000
7.2440000000,-0.0013527494,-0.2697082590,falla_engranaje,0.8000000000
7.2445000000,-0.0011642250,-0.2919157397,falla_engranaje,0.8000000000
7.2450000000,-0.0013351209,-0.3012146692,falla_engranaje,0.8000000000
7.2455000000,-0.0013343324,-0.3000593220,falla_engranaje,0.8000000000
7.2460000000,-0.0011374178,-0.2901078430,falla_engranaje,0.8000000000
7.2465000000,-0.0012948757,-0.2941625884,falla_engranaje,0.8000000000
7.2470000000,-0.0013464823,-0.2878024350,falla_engranaje,0.8000000000
7.2475000000,-0.0012773935,-0.3100071231,falla_engranaje,0.8000000000
7.2480000000,-0.0014332951,-0.2956307525,falla_engranaje,0.8000000000
7.2485000000,-0.0014593624,-0.2994126291,falla_engranaje,0.8000000000
7.2490000000,-0.0013264850,-0.3147629322,falla_engranaje,0.8000000000
7.2495000000,-0.0014229424,-0.3204127789,falla_engranaje,0.8000000000
7.2500000000,-0.0013921456,-0.3057033444,falla_engranaje,0.8000000000
7.2505000000,-0.0014674442,-0.3006848060,falla_engranaje,0.8000000000
7.2510000000,-0.0014510831,-0.3193243414,falla_engranaje,0.8000000000
7.2515000000,-0.0015062336,-0.3128083087,falla_engranaje,0.8000000000
7.2520000000,-0.0014183667,-0.2992885747,falla_engranaje,0.8000000000
7.2525000000,-0.0013785683,-0.3121234435,falla_engranaje,0.8000000000
7.2530000000,-0.0014749470,-0.3120736661,falla_engranaje,0.8000000000
7.2535000000,-0.0015402868,-0.3160518651,falla_engranaje,0.8000000000
7.2540000000,-0.0014871678,-0.3075754411,falla_engranaje,0.8000000000
7.2545000000,-0.0016350534,-0.3307765512,falla_engranaje,0.8000000000
7.2550000000,-0.0013383362,-0.3141133458,falla_engranaje,0.8000000000
7.2555000000,-0.0016177099,-0.3348955636,falla_engranaje,0.8000000000
7.2560000000,-0.0015233868,-0.3088575819,falla_engranaje,0.8000000000
7.2565000000,-0.0014471646,-0.3192340061,falla_engranaje,0.8000000000
7.2570000000,-0.0014480769,-0.3386967382,falla_engranaje,0.8000000000
7.2575000000,-0.0015135053,-0.3367457938,falla_engranaje,0.8000000000
7.2580000000,-0.0015363650,-0.3175679407,falla_engranaje,0.8000000000
7.2585000000,-0.0015469818,-0.3314530201,falla_engranaje,0.8000000000
7.2590000000,-0.0016909199,-0.3243087324,falla_engranaje,0.8000000000
7.2595000000,-0.0016408275,-0.3360718082,falla_engranaje,0.8000000000
7.2600000000,-0.0015200536,-0.3361977489,falla_engranaje,0.8000000000
7.2605000000,-0.0015177220,-0.3478206682,falla_engranaje,0.8000000000
7.2610000000,-0.0016610267,-0.3294440575,falla_engranaje,0.8000000000
7.2615000000,-0.0016134974,-0.3482732747,falla_engranaje,0.8000000000
7.2620000000,-0.0015585217,-0.3348942782,falla_engranaje,0.8000000000
7.2625000000,-0.0017166796,-0.3383922103,falla_engranaje,0.8000000000
7.2630000000,-0.0016550745,-0.3297254498,falla_engranaje,0.8000000000
7.2635000000,-0.0016898548,-0.3465376337,falla_engranaje,0.8000000000
7.2640000000,-0.0016714988,-0.3401470831,falla_engranaje,0.8000000000
7.2645000000,-0.0016136591,-0.3473438736,falla_engranaje,0.8000000000
7.2650000000,-0.0016749988,-0.3428341511,falla_engranaje,0.8000000000
7.2655000000,-0.0017224348,-0.3584834699,falla_engranaje,0.8000000000
7.2660000000,-0.0017155865,-0.3628398135,falla_engranaje,0.8000000000
7.2665000000,-0.0016462017,-0.3621971961,falla_engranaje,0.8000000000
7.2670000000,-0.0017157804,-0.3701073256,falla_engranaje,0.8000000000
7.2675000000,-0.0018034550,-0.3634758234,falla_engranaje,0.8000000000
7.2680000000,-0.0018510736,-0.3723120263,falla_engranaje,0.8000000000
7.2685000000,-0.0017838900,-0.3522616550,falla_engranaje,0.8000000000
7.2690000000,-0.0016807425,-0.3621562519,falla_engranaje,0.8000000000
7.2695000000,-0.0018195052,-0.3621841955,falla_engranaje,0.8000000000
7.2700000000,-0.0018462403,-0.3718926847,falla_engranaje,0.8000000000
7.2705000000,-0.0018077721,-0.3550207572,falla_engranaje,0.8000000000
7.2710000000,-0.0017725522,-0.3690805305,falla_engranaje,0.8000000000
7.2715000000,-0.0018884160,-0.3719082401,falla_engranaje,0.8000000000
7.2720000000,-0.0018766971,-0.3771912898,falla_engranaje,0.8000000000
7.2725000000,-0.0018285319,-0.3774054154,falla_engranaje,0.8000000000
7.2730000000,-0.0018906460,-0.3797245006,falla_engranaje,0.8000000000
7.2735000000,-0.0018583662,-0.3601013769,falla_engranaje,0.8000000000
7.2740000000,-0.0019242222,-0.3683786076,falla_engranaje,0.8000000000
7.2745000000,-0.0018894073,-0.3751515136,falla_engranaje,0.8000000000
7.2750000000,-0.0018511913,-0.3783879531,falla_engranaje,0.8000000000
7.2755000000,-0.0019647363,-0.3803437241,falla_engranaje,0.8000000000
7.2760000000,-0.0019393650,-0.3709930168,falla_engranaje,0.8000000000
7.2765000000,-0.0019273023,-0.3856438781,falla_engranaje,0.8000000000
7.2770000000,-0.0019050964,-0.3742668117,falla_engranaje,0.8000000000
7.2775000000,-0.0018862782,-0.3730632514,falla_engranaje,0.8000000000
7.2780000000,-0.0020111802,-0.3815679158,falla_engranaje,0.8000000000
7.2785000000,-0.0020679701,-0.3790886695,falla_engranaje,0.8000000000
7.2790000000,-0.0019220682,-0.3834329969,falla_engranaje,0.8000000000
7.2795000000,-0.0019560450,-0.3762537992,falla_engranaje,0.8000000000
7.2800000000,-0.0020045824,-0.3856069777,falla_engranaje,0.8000000000
7.2805000000,-0.0019691158,-0.3672862908,falla_engranaje,0.8000000000
7.2810000000,-0.0021287330,-0.3979480596,falla_engranaje,0.8000000000
7.2815000000,-0.0019956611,-0.3812475890,falla_engranaje,0.8000000000
7.2820000000,-0.0020179835,-0.3913619664,falla_engranaje,0.8000000000
7.2825000000,-0.0019804970,-0.3878587652,falla_engranaje,0.8000000000
7.2830000000,-0.0021185259,-0.3960619806,falla_engranaje,0.8000000000
7.2835000000,-0.0020108387,-0.3831646808,falla_engranaje,0.8000000000
7.2840000000,-0.0021867639,-0.4111807942,falla_engranaje,0.8000000000
7.2845000000,-0.0019503829,-0.3813408499,falla_engranaje,0.8000000000
7.2850000000,-0.0019713989,-0.3961403552,falla_engranaje,0.8000000000
7.2855000000,-0.0020645839,-0.4029132764,falla_engranaje,0.8000000000
7.2860000000,-0.0021889995,-0.4190448756,falla_engranaje,0.8000000000
7.2865000000,-0.0020999681,-0.4055214660,falla_engranaje,0.8000000000
7.2870000000,-0.0021453031,-0.4182706458,falla_engranaje,0.8000000000
7.2875000000,-0.0021502737,-0.4029714109,falla_engranaje,0.8000000000
7.2880000000,-0.0022205932,-0.4082276461,falla_engranaje,0.8000000000
7.2885000000,-0.0022108617,-0.4115429295,falla_engranaje,0.8000000000
7.2890000000,-0.0020514611,-0.4171450580,falla_engranaje,0.8000000000
7.2895000000,-0.0022218429,-0.4045806334,falla_engranaje,0.8000000000
7.2900000000,-0.0021824017,-0.4235183213,falla_engranaje,0.8000000000
7.2905000000,-0.0021597692,-0.4131282964,falla_engranaje,0.8000000000
7.2910000000,-0.0023147421,-0.4132327943,falla_engranaje,0.8000000000
7.2915000000,-0.0022213703,-0.4157980114,falla_engranaje,0.8000000000
7.2920000000,-0.0022324562,-0.4292350360,falla_engranaje,0.8000000000
7.2925000000,-0.0021283290,-0.4295277023,falla_engranaje,0.8000000000
7.2930000000,-0.0022865795,-0.4229310673,falla_engranaje,0.8000000000
7.2935000000,-0.0022577142,-0.4148251920,falla_engranaje,0.8000000000
7.2940000000,-0.0023464100,-0.4278588375,falla_engranaje,0.8000000000
7.2945000000,-0.0023594233,-0.4109134990,falla_engranaje,0.8000000000
7.2950000000,-0.0022619959,-0.4225410232,falla_engranaje,0.8000000000
7.2955000000,-0.0021965163,-0.4260884819,falla_engranaje,0.8000000000
7.2960000000,-0.0022189480,-0.4358892701,falla_engranaje,0.8000000000
7.2965000000,-0.0022566429,-0.4280031384,falla_engranaje,0.8000000000
7.2970000000,-0.0022744005,-0.4262425013,falla_engranaje,0.8000000000
7.2975000000,-0.0023524161,-0.4296554173,falla_engranaje,0.8000000000
7.2980000000,-0.0023731825,-0.4410755653,falla_engranaje,0.8000000000
7.2985000000,-0.0022002607,-0.4318100059,falla_engranaje,0.8000000000
7.2990000000,-0.0023180535,-0.4143115834,falla_engranaje,0.8000000000
7.2995000000,-0.0022703547,-0.4233344958,falla_engranaje,0.8000000000
7.3000000000,-0.0024341770,-0.4529518740,falla_engranaje,0.8000000000
7.3005000000,-0.0024486459,-0.4178788656,falla_engranaje,0.8000000000
7.3010000000,-0.0023066196,-0.4463446306,falla_engranaje,0.8000000000
7.3015000000,-0.0024988756,-0.4459719206,falla_engranaje,0.8000000000
7.3020000000,-0.0025150096,-0.4611429876,falla_engranaje,0.8000000000
7.3025000000,-0.0023563643,-0.4365469191,falla_engranaje,0.8000000000
7.3030000000,-0.0023513713,-0.4369008254,falla_engranaje,0.8000000000
7.3035000000,-0.0024884544,-0.4493371575,falla_engranaje,0.8000000000
7.3040000000,-0.0024694697,-0.4398571240,falla_engranaje,0.8000000000
7.3045000000,-0.0024520137,-0.4520557671,falla_engranaje,0.8000000000
7.3050000000,-0.0024369524,-0.4596141136,falla_engranaje,0.8000000000
7.3055000000,-0.0024839411,-0.4418088784,falla_engranaje,0.8000000000
7.3060000000,-0.0023528334,-0.4450916863,falla_engranaje,0.8000000000
7.3065000000,-0.0025089722,-0.4697472409,falla_engranaje,0.8000000000
7.3070000000,-0.0025081754,-0.4604425345,falla_engranaje,0.8000000000
7.3075000000,-0.0023741190,-0.4647638823,falla_engranaje,0.8000000000
7.3080000000,-0.0024866283,-0.4544392853,falla_engranaje,0.8000000000
7.3085000000,-0.0025195371,-0.4585988704,falla_engranaje,0.8000000000
7.3090000000,-0.0024148623,-0.4560995380,falla_engranaje,0.8000000000
7.3095000000,-0.0024797115,-0.4513199658,falla_engranaje,0.8000000000
7.3100000000,-0.0023696245,-0.4703429574,falla_engranaje,0.8000000000
7.3105000000,-0.0026140785,-0.4704954694,falla_engranaje,0.8000000000
7.3110000000,-0.0024437466,-0.4587470437,falla_engranaje,0.8000000000
7.3115000000,-0.0024156674,-0.4578931287,falla_engranaje,0.8000000000
7.3120000000,-0.0025302451,-0.4738800154,falla_engranaje,0.8000000000
7.3125000000,-0.0027071766,-0.4863303096,falla_engranaje,0.8000000000
7.3130000000,-0.0024327964,-0.4626150926,falla_engranaje,0.8000000000
7.3135000000,-0.0026128497,-0.4627312627,falla_engranaje,0.8000000000
7.3140000000,-0.0024801663,-0.4665946309,falla_engranaje,0.8000000000
7.3145000000,-0.0026072905,-0.4680448035,falla_engranaje,0.8000000000
7.3150000000,-0.0025856365,-0.4558642958,falla_engranaje,0.8000000000
7.3155000000,-0.0025388192,-0.4635539958,falla_engranaje,0.8000000000
7.3160000000,-0.0025807972,-0.4637785309,falla_engranaje,0.8000000000
7.3165000000,-0.0025754022,-0.4804919234,falla_engranaje,0.8000000000
7.3170000000,-0.0025275176,-0.4901676284,falla_engranaje,0.8000000000
7.3175000000,-0.0026297670,-0.4801422173,falla_engranaje,0.8000000000
7.3180000000,-0.0026017423,-0.4658679097,falla_engranaje,0.8000000000
7.3185000000,-0.0026924854,-0.4923652813,falla_engranaje,0.8000000000
7.3190000000,-0.0025954813,-0.4509620848,falla_engranaje,0.8000000000
7.3195000000,-0.0025982844,-0.4806024020,falla_engranaje,0.8000000000
7.3200000000,-0.0025774775,-0.4726200953,falla_engranaje,0.8000000000
7.3205000000,-0.0026562330,-0.4859595026,falla_engranaje,0.8000000000
7.3210000000,-0.0027199463,-0.4900780213,falla_engranaje,0.8000000000
7.3215000000,-0.0026450345,-0.4765152549,falla_engranaje,0.8000000000
7.3220000000,-0.0026918253,-0.4667741915,falla_engranaje,0.8000000000
7.3225000000,-0.0026634399,-0.4739081861,falla_engranaje,0.8000000000
7.3230000000,-0.0026430581,-0.4641066207,falla_engranaje,0.8000000000
7.3235000000,-0.0026698060,-0.4806532720,falla_engranaje,0.8000000000
7.3240000000,-0.0027130361,-0.4847931541,falla_engranaje,0.8000000000
7.3245000000,-0.0026972656,-0.4800825504,falla_engranaje,0.8000000000
7.3250000000,-0.0026220478,-0.5013828162,falla_engranaje,0.8000000000
7.3255000000,-0.0025660819,-0.4882202156,falla_engranaje,0.8000000000
7.3260000000,-0.0027252997,-0.5082836616,falla_engranaje,0.8000000000
7.3265000000,-0.0025436656,-0.5302557910,falla_engranaje,0.8000000000
7.3270000000,-0.0026415618,-0.4978750813,falla_engranaje,0.8000000000
7.3275000000,-0.0027722129,-0.4881775815,falla_engranaje,0.8000000000
7.3280000000,-0.0027469885,-0.4873823095,falla_engranaje,0.8000000000
7.3285000000,-0.0027935359,-0.4994701566,falla_engranaje,0.8000000000
7.3290000000,-0.0026708550,-0.4997957515,falla_engranaje,0.8000000000
7.3295000000,-0.0026904574,-0.5013101440,falla_engranaje,0.8000000000
7.3300000000,-0.0027617270,-0.4960024101,falla_engranaje,0.8000000000
7.3305000000,-0.0028214771,-0.4982621625,falla_engranaje,0.8000000000
7.3310000000,-0.0027640480,-0.5137581120,falla_engranaje,0.8000000000
7.3315000000,-0.0027922315,-0.5070851248,falla_engranaje,0.8000000000
7.3320000000,-0.0027650451,-0.4835738607,falla_engranaje,0.8000000000
7.3325000000,-0.0028445821,-0.5014758240,falla_engranaje,0.8000000000
7.3330000000,-0.0028038861,-0.5148582154,falla_engranaje,0.8000000000
7.3335000000,-0.0028960895,-0.5064332714,falla_engranaje,0.8000000000
7.3340000000,-0.0027050863,-0.5146539234,falla_engranaje,0.8000000000
7.3345000000,-0.0028099946,-0.5155011815,falla_engranaje,0.8000000000
7.3350000000,-0.0028323981,-0.5103216666,falla_engranaje,0.8000000000
7.3355000000,-0.0028942869,-0.5068700027,falla_engranaje,0.8000000000
7.3360000000,-0.0027450197,-0.5132966929,falla_engranaje,0.8000000000
7.3365000000,-0.0027437161,-0.4933268286,falla_engranaje,0.8000000000
7.3370000000,-0.0028796943,-0.5368942471,falla_engranaje,0.8000000000
7.3375000000,-0.0028556087,-0.5190260713,falla_engranaje,0.8000000000
7.3380000000,-0.0029205514,-0.5119274106,falla_engranaje,0.8000000000
7.3385000000,-0.0027919250,-0.5024936411,falla_engranaje,0.8000000000
7.3390000000,-0.0027850495,-0.5155895235,falla_engranaje,0.8000000000
7.3395000000,-0.0028190184,-0.5023962865,falla_engranaje,0.8000000000
7.3400000000,-0.0028874659,-0.5030448310,falla_engranaje,0.8000000000
7.3405000000,-0.0027372008,-0.5217680141,falla_engranaje,0.8000000000
7.3410000000,-0.0028383702,-0.5118460582,falla_engranaje,0.8000000000
7.3415000000,-0.0028562167,-0.5253232209,falla_engranaje,0.8000000000
7.3420000000,-0.0028813509,-0.5177372330,falla_engranaje,0.8000000000
7.3425000000,-0.0029505981,-0.5235384549,falla_engranaje,0.8000000000
7.3430000000,-0.0028710128,-0.5333098804,falla_engranaje,0.8000000000
7.3435000000,-0.0028638231,-0.5085529035,falla_engranaje,0.8000000000
7.3440000000,-0.0029606271,-0.5236967103,falla_engranaje,0.8000000000
7.3445000000,-0.0030166409,-0.5100633961,falla_engranaje,0.8000000000
7.3450000000,-0.0027953801,-0.5292366285,falla_engranaje,0.8000000000
7.3455000000,-0.0029763855,-0.5061517725,falla_engranaje,0.8000000000
7.3460000000,-0.0028953317,-0.5249733453,falla_engranaje,0.8000000000
7.3465000000,-0.0028312971,-0.5136800711,falla_engranaje,0.8000000000
7.3470000000,-0.0029450605,-0.5278240407,falla_engranaje,0.8000000000
7.3475000000,-0.0029382341,-0.5518730118,falla_engranaje,0.8000000000
7.3480000000,-0.0029570835,-0.5163441586,falla_engranaje,0.8000000000
7.3485000000,-0.0028448417,-0.5409207754,falla_engranaje,0.8000000000
7.3490000000,-0.0029384675,-0.5138048672,falla_engranaje,0.8000000000
7.3495000000,-0.0031108426,-0.5181840040,falla_engranaje,0.8000000000
7.3500000000,-0.0029098259,-0.5313138144,falla_engranaje,0.8000000000
7.3505000000,-0.0029812912,-0.5421027244,falla_engranaje,0.8000000000
7.3510000000,-0.0029777268,-0.5455768167,falla_engranaje,0.8000000000
7.3515000000,-0.0029005565,-0.5207639278,falla_engranaje,0.8000000000
7.3520000000,-0.0029944053,-0.5185411877,falla_engranaje,0.8000000000
7.3525000000,-0.0027686745,-0.5268484871,falla_engranaje,0.8000000000
7.3530000000,-0.0029780616,-0.5558042971,falla_engranaje,0.8000000000
7.3535000000,-0.0028921249,-0.5155524654,falla_engranaje,0.8000000000
7.3540000000,-0.0030668750,-0.5316213529,falla_engranaje,0.8000000000
7.3545000000,-0.0029962681,-0.5431323013,falla_engranaje,0.8000000000
7.3550000000,-0.0029702796,-0.5432943128,falla_engranaje,0.8000000000
7.3555000000,-0.0028890090,-0.5339467216,falla_engranaje,0.8000000000
7.3560000000,-0.0030020141,-0.5320500586,falla_engranaje,0.8000000000
7.3565000000,-0.0029320813,-0.5355842902,falla_engranaje,0.8000000000
7.3570000000,-0.0028855181,-0.5322924189,falla_engranaje,0.8000000000
7.3575000000,-0.0028874640,-0.5478538195,falla_engranaje,0.8000000000
7.3580000000,-0.0029486643,-0.5297021013,falla_engranaje,0.8000000000
7.3585000000,-0.0028952476,-0.5595025829,falla_engranaje,0.8000000000
7.3590000000,-0.0029819807,-0.5539689260,falla_engranaje,0.8000000000
7.3595000000,-0.0029034712,-0.5643408152,falla_engranaje,0.8000000000
7.3600000000,-0.0029831137,-0.5504985178,falla_engranaje,0.8000000000
7.3605000000,-0.0029054130,-0.5450788008,falla_engranaje,0.8000000000
7.3610000000,-0.0029406298,-0.5493762077,falla_engranaje,0.8000000000
7.3615000000,-0.0029550170,-0.5523904509,falla_engranaje,0.8000000000
7.3620000000,-0.0031282733,-0.5368791361,falla_engranaje,0.8000000000
7.3625000000,-0.0030662313,-0.5451479074,falla_engranaje,0.8000000000
7.3630000000,-0.0028242494,-0.5528947387,falla_engranaje,0.8000000000
7.3635000000,-0.0029526723,-0.5473194143,falla_engranaje,0.8000000000
7.3640000000,-0.0029411543,-0.5281047636,falla_engranaje,0.8000000000
7.3645000000,-0.0030449779,-0.5581845520,falla_engranaje,0.8000000000
7.3650000000,-0.0030292673,-0.5586568591,falla_engranaje,0.8000000000
7.3655000000,-0.0030160089,-0.5386373983,falla_engranaje,0.8000000000
7.3660000000,-0.0030421066,-0.5516025878,falla_engranaje,0.8000000000
7.3665000000,-0.0029627092,-0.5531949337,falla_engranaje,0.8000000000
7.3670000000,-0.0030789296,-0.5612768532,falla_engranaje,0.8000000000
7.3675000000,-0.0030116558,-0.5547885354,falla_engranaje,0.8000000000
7.3680000000,-0.0030078357,-0.5419546488,falla_engranaje,0.8000000000
7.3685000000,-0.0029933460,-0.5615864623,falla_engranaje,0.8000000000
7.3690000000,-0.0030271501,-0.5553808512,falla_engranaje,0.8000000000
7.3695000000,-0.0030491107,-0.5485599139,falla_engranaje,0.8000000000
7.3700000000,-0.0029121417,-0.5602325158,falla_engranaje,0.8000000000
7.3705000000,-0.0030496653,-0.5726018987,falla_engranaje,0.8000000000
7.3710000000,-0.0029025786,-0.5471905202,falla_engranaje,0.8000000000
7.3715000000,-0.0030407303,-0.5557444345,falla_engranaje,0.8000000000
7.3720000000,-0.0030610073,-0.5577590060,falla_engranaje,0.8000000000
7.3725000000,-0.0030878310,-0.5601068431,falla_engranaje,0.8000000000
7.3730000000,-0.0030479699,-0.5647424523,falla_engranaje,0.8000000000
7.3735000000,-0.0030353543,-0.5620511088,falla_engranaje,0.8000000000
7.3740000000,-0.0030031356,-0.5703462381,falla_engranaje,0.8000000000
7.3745000000,-0.0030644281,-0.5589040056,falla_engranaje,0.8000000000
7.3750000000,-0.0031355680,-0.5706835706,falla_engranaje,0.8000000000
7.3755000000,-0.0029686713,-0.5657255193,falla_engranaje,0.8000000000
7.3760000000,-0.0031027910,-0.5584695316,falla_engranaje,0.8000000000
7.3765000000,-0.0028959121,-0.5373669625,falla_engranaje,0.8000000000
7.3770000000,-0.0030523938,-0.5502410847,falla_engranaje,0.8000000000
7.3775000000,-0.0031011016,-0.5633315985,falla_engranaje,0.8000000000
7.3780000000,-0.0029539705,-0.5756436104,falla_engranaje,0.8000000000
7.3785000000,-0.0029948670,-0.5652249602,falla_engranaje,0.8000000000
7.3790000000,-0.0030368211,-0.5615103311,falla_engranaje,0.8000000000
7.3795000000,-0.0030973383,-0.5592162590,falla_engranaje,0.8000000000
7.3800000000,-0.0030355739,-0.5519580190,falla_engranaje,0.8000000000
7.3805000000,-0.0030802750,-0.5783682978,falla_engranaje,0.8000000000
7.3810000000,-0.0031172823,-0.5702449503,falla_engranaje,0.8000000000
7.3815000000,-0.0030318000,-0.5717919200,falla_engranaje,0.8000000000
7.3820000000,-0.0031146676,-0.5569809881,falla_engranaje,0.8000000000
7.3825000000,-0.0030261450,-0.5548703816,falla_engranaje,0.8000000000
7.3830000000,-0.0030618486,-0.5659409460,falla_engranaje,0.8000000000
7.3835000000,-0.0029505026,-0.5392437596,falla_engranaje,0.8000000000
7.3840000000,-0.0029865717,-0.5750264567,falla_engranaje,0.8000000000
7.3845000000,-0.0031759019,-0.5643427560,falla_engranaje,0.8000000000
7.3850000000,-0.0030602606,-0.5597157242,falla_engranaje,0.8000000000
7.3855000000,-0.0029844266,-0.5665506579,falla_engranaje,0.8000000000
7.3860000000,-0.0030991371,-0.5636359377,falla_engranaje,0.8000000000
7.3865000000,-0.0030643210,-0.5667758994,falla_engranaje,0.8000000000
7.3870000000,-0.0030586089,-0.5780747390,falla_engranaje,0.8000000000
7.3875000000,-0.0030539774,-0.5811295560,falla_engranaje,0.8000000000
7.3880000000,-0.0030880573,-0.5919230729,falla_engranaje,0.8000000000
7.3885000000,-0.0030097914,-0.5642042270,falla_engranaje,0.8000000000
7.3890000000,-0.0030604639,-0.5859442910,falla_engranaje,0.8000000000
7.3895000000,-0.0030732449,-0.5726727730,falla_engranaje,0.8000000000
7.3900000000,-0.0030917956,-0.5750075569,falla_engranaje,0.8000000000
7.3905000000,-0.0030516616,-0.5934112614,falla_engranaje,0.8000000000
7.3910000000,-0.0029829407,-0.5814571432,falla_engranaje,0.8000000000
7.3915000000,-0.0029906097,-0.5914197815,falla_engranaje,0.8000000000
7.3920000000,-0.0030427077,-0.5842040255,falla_engranaje,0.8000000000
7.3925000000,-0.0030504845,-0.5986679854,falla_engranaje,0.8000000000
7.3930000000,-0.0029801598,-0.5647423777,falla_engranaje,0.8000000000
7.3935000000,-0.0030613120,-0.5817863254,falla_engranaje,0.8000000000
7.3940000000,-0.0031255823,-0.5841525140,falla_engranaje,0.8000000000
7.3945000000,-0.0030478344,-0.5623842343,falla_engranaje,0.8000000000
7.3950000000,-0.0030039611,-0.5865311834,falla_engranaje,0.8000000000
7.3955000000,-0.0030208990,-0.5933658383,falla_engranaje,0.8000000000
7.3960000000,-0.0028909626,-0.5910538732,falla_engranaje,0.8000000000
7.3965000000,-0.0030201570,-0.5880969519,falla_engranaje,0.8000000000
7.3970000000,-0.0028601237,-0.5820508042,falla_engranaje,0.8000000000
7.3975000000,-0.0029986752,-0.5890608707,falla_engranaje,0.8000000000
7.3980000000,-0.0029837514,-0.5899580950,falla_engranaje,0.8000000000
7.3985000000,-0.0030314463,-0.5811441794,falla_engranaje,0.8000000000
7.3990000000,-0.0031534065,-0.5782372924,falla_engranaje,0.8000000000
7.3995000000,-0.0028780569,-0.5892995369,falla_engranaje,0.8000000000
7.4000000000,-0.0029470429,-0.5717984108,falla_engranaje,0.8000000000
7.4005000000,-0.0029795270,-0.5820498056,falla_engranaje,0.8000000000
7.4010000000,-0.0030125176,-0.5877249571,falla_engranaje,0.8000000000
7.4015000000,-0.0029123548,-0.5707662199,falla_engranaje,0.8000000000
7.4020000000,-0.0030310065,-0.5871407500,falla_engranaje,0.8000000000
7.4025000000,-0.0030574229,-0.5866931619,falla_engranaje,0.8000000000
7.4030000000,-0.0029132107,-0.5795858143,falla_engranaje,0.8000000000
7.4035000000,-0.0029938136,-0.5913752428,falla_engranaje,0.8000000000
7.4040000000,-0.0031083729,-0.5847601573,falla_engranaje,0.8000000000
7.4045000000,-0.0030150033,-0.5809018300,falla_engranaje,0.8000000000
7.4050000000,-0.0031665104,-0.5873658823,falla_engranaje,0.8000000000
7.4055000000,-0.0029632053,-0.5837484068,falla_engranaje,0.8000000000
7.4060000000,-0.0029499919,-0.5840420471,falla_engranaje,0.8000000000
7.4065000000,-0.0029747159,-0.6036072849,falla_engranaje,0.8000000000
7.4070000000,-0.0030895352,-0.5862035077,falla_engranaje,0.8000000000
7.4075000000,-0.0030545107,-0.5959574961,falla_engranaje,0.8000000000
7.4080000000,-0.0028914394,-0.5910835413,falla_engranaje,0.8000000000
7.4085000000,-0.0029396595,-0.5892474260,falla_engranaje,0.8000000000
7.4090000000,-0.0029991863,-0.5887668754,falla_engranaje,0.8000000000
7.4095000000,-0.0029246613,-0.5901009194,falla_engranaje,0.8000000000
7.4100000000,-0.0030412122,-0.5839315338,falla_engranaje,0.8000000000
7.4105000000,-0.0029287994,-0.5929840428,falla_engranaje,0.8000000000
7.4110000000,-0.0030435919,-0.5819744108,falla_engranaje,0.8000000000
7.4115000000,-0.0029371704,-0.6144553892,falla_engranaje,0.8000000000
7.4120000000,-0.0030254754,-0.6104548292,falla_engranaje,0.8000000000
7.4125000000,-0.0029159559,-0.5864316786,falla_engranaje,0.8000000000
7.4130000000,-0.0029784823,-0.5972056755,falla_engranaje,0.8000000000
7.4135000000,-0.0029748179,-0.5779002113,falla_engranaje,0.8000000000
7.4140000000,-0.0029146279,-0.5725886128,falla_engranaje,0.8000000000
7.4145000000,-0.0030087817,-0.5922415409,falla_engranaje,0.8000000000
7.4150000000,-0.0029892910,-0.5833707839,falla_engranaje,0.8000000000
7.4155000000,-0.0029720856,-0.5849274698,falla_engranaje,0.8000000000
7.4160000000,-0.0029037881,-0.5942476782,falla_engranaje,0.8000000000
7.4165000000,-0.0029726966,-0.6145074679,falla_engranaje,0.8000000000
7.4170000000,-0.0029831731,-0.5684548542,falla_engranaje,0.8000000000
7.4175000000,-0.0029431629,-0.5816823745,falla_engranaje,0.8000000000
7.4180000000,-0.0030116699,-0.5908116674,falla_engranaje,0.8000000000
7.4185000000,-0.0029435136,-0.5883161713,falla_engranaje,0.8000000000
7.4190000000,-0.0028994220,-0.6179183266,falla_engranaje,0.8000000000
7.4195000000,-0.0028011697,-0.5943474554,falla_engranaje,0.8000000000
7.4200000000,-0.0029742200,-0.6133107645,falla_engranaje,0.8000000000
7.4205000000,-0.0029255638,-0.6054797255,falla_engranaje,0.8000000000
7.4210000000,-0.0030343143,-0.6043292125,falla_engranaje,0.8000000000
7.4215000000,-0.0030614759,-0.6000260313,falla_engranaje,0.8000000000
7.4220000000,-0.0029045228,-0.6134391471,falla_engranaje,0.8000000000
7.4225000000,-0.0030081812,-0.5897891720,falla_engranaje,0.8000000000
7.4230000000,-0.0027493613,-0.6068717175,falla_engranaje,0.8000000000
7.4235000000,-0.0029707151,-0.6084141293,falla_engranaje,0.8000000000
7.4240000000,-0.0027989769,-0.5879064119,falla_engranaje,0.8000000000
7.4245000000,-0.0029934285,-0.5981781592,falla_engranaje,0.8000000000
7.4250000000,-0.0028175634,-0.5955149305,falla_engranaje,0.8000000000
7.4255000000,-0.0029366029,-0.6082319658,falla_engranaje,0.8000000000
7.4260000000,-0.0029580714,-0.5975279899,falla_engranaje,0.8000000000
7.4265000000,-0.0030607582,-0.5918033578,falla_engranaje,0.8000000000
7.4270000000,-0.0028689876,-0.6227512980,falla_engranaje,0.8000000000
7.4275000000,-0.0028434201,-0.6204473087,falla_engranaje,0.8000000000
7.4280000000,-0.0029075251,-0.6044316046,falla_engranaje,0.8000000000
7.4285000000,-0.0028377244,-0.6153644595,falla_engranaje,0.8000000000
7.4290000000,-0.0029378460,-0.5924111619,falla_engranaje,0.8000000000
7.4295000000,-0.0027943796,-0.5965539429,falla_engranaje,0.8000000000
7.4300000000,-0.0029409334,-0.6100690968,falla_engranaje,0.8000000000
7.4305000000,-0.0028131086,-0.5975302524,falla_engranaje,0.8000000000
7.4310000000,-0.0027877411,-0.6252336618,falla_engranaje,0.8000000000
7.4315000000,-0.0028468911,-0.5955147288,falla_engranaje,0.8000000000
7.4320000000,-0.0028584851,-0.6125123608,falla_engranaje,0.8000000000
7.4325000000,-0.0028415192,-0.6087682268,falla_engranaje,0.8000000000
7.4330000000,-0.0027959188,-0.6135407873,falla_engranaje,0.8000000000
7.4335000000,-0.0028485435,-0.5970949835,falla_engranaje,0.8000000000
7.4340000000,-0.0027676769,-0.5946388260,falla_engranaje,0.8000000000
7.4345000000,-0.0028039930,-0.6067602778,falla_engranaje,0.8000000000
7.4350000000,-0.0028859539,-0.6252810142,falla_engranaje,0.8000000000
7.4355000000,-0.0027413023,-0.6051587735,falla_engranaje,0.8000000000
7.4360000000,-0.0027182986,-0.6229427063,falla_engranaje,0.8000000000
7.4365000000,-0.0028943254,-0.6106288252,falla_engranaje,0.8000000000
7.4370000000,-0.0028449117,-0.6238306662,falla_engranaje,0.8000000000
7.4375000000,-0.0029305082,-0.6109389674,falla_engranaje,0.8000000000
7.4380000000,-0.0028076169,-0.6126108274,falla_engranaje,0.8000000000
7.4385000000,-0.0027597420,-0.6219353347,falla_engranaje,0.8000000000
7.4390000000,-0.0028083472,-0.6156499920,falla_engranaje,0.8000000000
7.4395000000,-0.0027132099,-0.6318401745,falla_engranaje,0.8000000000
7.4400000000,-0.0027138764,-0.6325192958,falla_engranaje,0.8000000000
7.4405000000,-0.0028763598,-0.6153544730,falla_engranaje,0.8000000000
7.4410000000,-0.0028941568,-0.6238835984,falla_engranaje,0.8000000000
7.4415000000,-0.0028757716,-0.6246118341,falla_engranaje,0.8000000000
7.4420000000,-0.0029030729,-0.6111482281,falla_engranaje,0.8000000000
7.4425000000,-0.0027348329,-0.6163649286,falla_engranaje,0.8000000000
7.4430000000,-0.0027830452,-0.6213466747,falla_engranaje,0.8000000000
7.4435000000,-0.0027604956,-0.6224208422,falla_engranaje,0.8000000000
7.4440000000,-0.0027963801,-0.6227624016,falla_engranaje,0.8000000000
7.4445000000,-0.0028526861,-0.6268367098,falla_engranaje,0.8000000000
7.4450000000,-0.0028372033,-0.6082233017,falla_engranaje,0.8000000000
7.4455000000,-0.0026907908,-0.6198453893,falla_engranaje,0.8000000000
7.4460000000,-0.0027368228,-0.5999570343,falla_engranaje,0.8000000000
7.4465000000,-0.0027584838,-0.6445390271,falla_engranaje,0.8000000000
7.4470000000,-0.0027185056,-0.6190488028,falla_engranaje,0.8000000000
7.4475000000,-0.0027338811,-0.6412801656,falla_engranaje,0.8000000000
7.4480000000,-0.0027743624,-0.6258658818,falla_engranaje,0.8000000000
7.4485000000,-0.0027697862,-0.6243512015,falla_engranaje,0.8000000000
7.4490000000,-0.0027175268,-0.6331651714,falla_engranaje,0.8000000000
7.4495000000,-0.0027165161,-0.6397443093,falla_engranaje,0.8000000000
7.4500000000,-0.0027694487,-0.6317674167,falla_engranaje,0.8000000000
7.4505000000,-0.0027504444,-0.5908532742,falla_engranaje,0.8000000000
7.4510000000,-0.0026897587,-0.6281980478,falla_engranaje,0.8000000000
7.4515000000,-0.0027547568,-0.6192086894,falla_engranaje,0.8000000000
7.4520000000,-0.0027979963,-0.6286746036,falla_engranaje,0.8000000000
7.4525000000,-0.0026665686,-0.6261208354,falla_engranaje,0.8000000000
7.4530000000,-0.0027510722,-0.6217338913,falla_engranaje,0.8000000000
7.4535000000,-0.0028088920,-0.6340952748,falla_engranaje,0.8000000000
7.4540000000,-0.0026414907,-0.6434747827,falla_engranaje,0.8000000000
7.4545000000,-0.0026813238,-0.6567936655,falla_engranaje,0.8000000000
7.4550000000,-0.0025745405,-0.6313276643,falla_engranaje,0.8000000000
7.4555000000,-0.0026489785,-0.6443878907,falla_engranaje,0.8000000000
7.4560000000,-0.0027871142,-0.6187095829,falla_engranaje,0.8000000000
7.4565000000,-0.0026091143,-0.6356280483,falla_engranaje,0.8000000000
7.4570000000,-0.0026542978,-0.6283646506,falla_engranaje,0.8000000000
7.4575000000,-0.0027448923,-0.6259430548,falla_engranaje,0.8000000000
7.4580000000,-0.0028270128,-0.6276394791,falla_engranaje,0.8000000000
7.4585000000,-0.0026356443,-0.6008310976,falla_engranaje,0.8000000000
7.4590000000,-0.0026705602,-0.6335838890,falla_engranaje,0.8000000000
7.4595000000,-0.0027088623,-0.6305510205,falla_engranaje,0.8000000000
7.4600000000,-0.0025607253,-0.6350468206,falla_engranaje,0.8000000000
7.4605000000,-0.0026458700,-0.6339015251,falla_engranaje,0.8000000000
7.4610000000,-0.0026402769,-0.6339621305,falla_engranaje,0.8000000000
7.4615000000,-0.0024555345,-0.6355130112,falla_engranaje,0.8000000000
7.4620000000,-0.0026116550,-0.6387991022,falla_engranaje,0.8000000000
7.4625000000,-0.0025441339,-0.6367272313,falla_engranaje,0.8000000000
7.4630000000,-0.0027317325,-0.6340908027,falla_engranaje,0.8000000000
7.4635000000,-0.0026922815,-0.6308244775,falla_engranaje,0.8000000000
7.4640000000,-0.0026072905,-0.6505059444,falla_engranaje,0.8000000000
7.4645000000,-0.0025769939,-0.6580466463,falla_engranaje,0.8000000000
7.4650000000,-0.0026291440,-0.6374597112,falla_engranaje,0.8000000000
7.4655000000,-0.0027761550,-0.6437933732,falla_engranaje,0.8000000000
7.4660000000,-0.0025995086,-0.6469644874,falla_engranaje,0.8000000000
7.4665000000,-0.0026735909,-0.6321211390,falla_engranaje,0.8000000000
7.4670000000,-0.0025442301,-0.6526697010,falla_engranaje,0.8000000000
7.4675000000,-0.0026790109,-0.6582446128,falla_engranaje,0.8000000000
7.4680000000,-0.0025731214,-0.6430704234,falla_engranaje,0.8000000000
7.4685000000,-0.0025478203,-0.6320166146,falla_engranaje,0.8000000000
7.4690000000,-0.0025635706,-0.6539664618,falla_engranaje,0.8000000000
7.4695000000,-0.0025156547,-0.6497306714,falla_engranaje,0.8000000000
7.4700000000,-0.0025514699,-0.6423659830,falla_engranaje,0.8000000000
7.4705000000,-0.0024728276,-0.6416501555,falla_engranaje,0.8000000000
7.4710000000,-0.0026755252,-0.6548708105,falla_engranaje,0.8000000000
7.4715000000,-0.0024953300,-0.6397307245,falla_engranaje,0.8000000000
7.4720000000,-0.0026849439,-0.6456485445,falla_engranaje,0.8000000000
7.4725000000,-0.0026034835,-0.6567933533,falla_engranaje,0.8000000000
7.4730000000,-0.0025665704,-0.6524565118,falla_engranaje,0.8000000000
7.4735000000,-0.0024779250,-0.6481948465,falla_engranaje,0.8000000000
7.4740000000,-0.0025885476,-0.6486054878,falla_engranaje,0.8000000000
7.4745000000,-0.0025533206,-0.6510609834,falla_engranaje,0.8000000000
7.4750000000,-0.0025009807,-0.6566499908,falla_engranaje,0.8000000000
7.4755000000,-0.0024520443,-0.6584459740,falla_engranaje,0.8000000000
7.4760000000,-0.0024839259,-0.6607173865,falla_engranaje,0.8000000000
7.4765000000,-0.0025385410,-0.6580004250,falla_engranaje,0.8000000000
7.4770000000,-0.0024968366,-0.6424216020,falla_engranaje,0.8000000000
7.4775000000,-0.0025451165,-0.6707106585,falla_engranaje,0.8000000000
7.4780000000,-0.0025502122,-0.6580889287,falla_engranaje,0.8000000000
7.4785000000,-0.0024978168,-0.6529285195,falla_engranaje,0.8000000000
7.4790000000,-0.0025438620,-0.6617662309,falla_engranaje,0.8000000000
7.4795000000,-0.0025144634,-0.6549157078,falla_engranaje,0.8000000000
7.4800000000,-0.0025169515,-0.6498083775,falla_engranaje,0.8000000000
7.4805000000,-0.0023688498,-0.6377130998,falla_engranaje,0.8000000000
7.4810000000,-0.0025879772,-0.6495238803,falla_engranaje,0.8000000000
7.4815000000,-0.0024548025,-0.6564933201,falla_engranaje,0.8000000000
7.4820000000,-0.0025657028,-0.6446214755,falla_engranaje,0.8000000000
7.4825000000,-0.0026342290,-0.6610557995,falla_engranaje,0.8000000000
7.4830000000,-0.0025592046,-0.6722542383,falla_engranaje,0.8000000000
7.4835000000,-0.0024714636,-0.6559461967,falla_engranaje,0.8000000000
7.4840000000,-0.0025514628,-0.6594465008,falla_engranaje,0.8000000000
7.4845000000,-0.0024708082,-0.6685969998,falla_engranaje,0.8000000000
7.4850000000,-0.0023423303,-0.6650685694,falla_engranaje,0.8000000000
7.4855000000,-0.0026182638,-0.6643986891,falla_engranaje,0.8000000000
7.4860000000,-0.0024622735,-0.6597272783,falla_engranaje,0.8000000000
7.4865000000,-0.0025292159,-0.6921175435,falla_engranaje,0.8000000000
7.4870000000,-0.0024900905,-0.6817313511,falla_engranaje,0.8000000000
7.4875000000,-0.0024552617,-0.6667031935,falla_engranaje,0.8000000000
7.4880000000,-0.0023473171,-0.6595868688,falla_engranaje,0.8000000000
7.4885000000,-0.0023917083,-0.6820982528,falla_engranaje,0.8000000000
7.4890000000,-0.0023876097,-0.6688053008,falla_engranaje,0.8000000000
7.4895000000,-0.0024927155,-0.6803914684,falla_engranaje,0.8000000000
7.4900000000,-0.0024581718,-0.6591113994,falla_engranaje,0.8000000000
7.4905000000,-0.0024955524,-0.6613592587,falla_engranaje,0.8000000000
7.4910000000,-0.0023615021,-0.6732670449,falla_engranaje,0.8000000000
7.4915000000,-0.0023223921,-0.6748964859,falla_engranaje,0.8000000000
7.4920000000,-0.0023111200,-0.6837403754,falla_engranaje,0.8000000000
7.4925000000,-0.0024562150,-0.6724664285,falla_engranaje,0.8000000000
7.4930000000,-0.0023835003,-0.6863889565,falla_engranaje,0.8000000000
7.4935000000,-0.0024947556,-0.6727800892,falla_engranaje,0.8000000000
7.4940000000,-0.0025768872,-0.6636685739,falla_engranaje,0.8000000000
7.4945000000,-0.0024459852,-0.6867323925,falla_engranaje,0.8000000000
7.4950000000,-0.0023244518,-0.6797234249,falla_engranaje,0.8000000000
7.4955000000,-0.0025123804,-0.6847136745,falla_engranaje,0.8000000000
7.4960000000,-0.0023164403,-0.6833082166,falla_engranaje,0.8000000000
7.4965000000,-0.0023147989,-0.6714632087,falla_engranaje,0.8000000000
7.4970000000,-0.0022500249,-0.6712488104,falla_engranaje,0.8000000000
7.4975000000,-0.0023356198,-0.6962942620,falla_engranaje,0.8000000000
7.4980000000,-0.0023062608,-0.7051026773,falla_engranaje,0.8000000000
7.4985000000,-0.0024417893,-0.6983257624,falla_engranaje,0.8000000000
7.4990000000,-0.0023177571,-0.6761820799,falla_engranaje,0.8000000000
7.4995000000,-0.0024004598,-0.6769009423,falla_engranaje,0.8000000000
7.5000000000,-0.0024090657,-0.6957941203,falla_engranaje,0.8000000000
7.5005000000,-0.0023279670,-0.6779738136,falla_engranaje,0.8000000000
7.5010000000,-0.0023583367,-0.6993020049,falla_engranaje,0.8000000000
7.5015000000,-0.0023016490,-0.6881257240,falla_engranaje,0.8000000000
7.5020000000,-0.0023075264,-0.6913524880,falla_engranaje,0.8000000000
7.5025000000,-0.0023047584,-0.6927112125,falla_engranaje,0.8000000000
7.5030000000,-0.0024033059,-0.7072699638,falla_engranaje,0.8000000000
7.5035000000,-0.0023237881,-0.7040171207,falla_engranaje,0.8000000000
7.5040000000,-0.0024448859,-0.6852865521,falla_engranaje,0.8000000000
7.5045000000,-0.0022709259,-0.6997835097,falla_engranaje,0.8000000000
7.5050000000,-0.0023147563,-0.6970275146,falla_engranaje,0.8000000000
7.5055000000,-0.0023141614,-0.6923317789,falla_engranaje,0.8000000000
7.5060000000,-0.0023682240,-0.6913741658,falla_engranaje,0.8000000000
7.5065000000,-0.0022600931,-0.6933751784,falla_engranaje,0.8000000000
7.5070000000,-0.0023427618,-0.7068225189,falla_engranaje,0.8000000000
7.5075000000,-0.0024206427,-0.6989105967,falla_engranaje,0.8000000000
7.5080000000,-0.0023996506,-0.7101822571,falla_engranaje,0.8000000000
7.5085000000,-0.0023177343,-0.7036941052,falla_engranaje,0.8000000000
7.5090000000,-0.0023656875,-0.7027463870,falla_engranaje,0.8000000000
7.5095000000,-0.0023537283,-0.6862154105,falla_engranaje,0.8000000000
7.5100000000,-0.0021829428,-0.7061354994,falla_engranaje,0.8000000000
7.5105000000,-0.0024067882,-0.7155354978,falla_engranaje,0.8000000000
7.5110000000,-0.0023407909,-0.7019796984,falla_engranaje,0.8000000000
7.5115000000,-0.0022701016,-0.7201715211,falla_engranaje,0.8000000000
7.5120000000,-0.0022020061,-0.7189831685,falla_engranaje,0.8000000000
7.5125000000,-0.0023629315,-0.7062468957,falla_engranaje,0.8000000000
7.5130000000,-0.0023452453,-0.7153475363,falla_engranaje,0.8000000000
7.5135000000,-0.0023199616,-0.7046528197,falla_engranaje,0.8000000000
7.5140000000,-0.0022773860,-0.7312903660,falla_engranaje,0.8000000000
7.5145000000,-0.0022931466,-0.7024754260,falla_engranaje,0.8000000000
7.5150000000,-0.0022520630,-0.7175837702,falla_engranaje,0.8000000000
7.5155000000,-0.0021933215,-0.7206272527,falla_engranaje,0.8000000000
7.5160000000,-0.0022510497,-0.7122200776,falla_engranaje,0.8000000000
7.5165000000,-0.0023100124,-0.7230354603,falla_engranaje,0.8000000000
7.5170000000,-0.0024474483,-0.7104246324,falla_engranaje,0.8000000000
7.5175000000,-0.0022055316,-0.7239959350,falla_engranaje,0.8000000000
7.5180000000,-0.0023408530,-0.7244305707,falla_engranaje,0.8000000000
7.5185000000,-0.0022741632,-0.7126476530,falla_engranaje,0.8000000000
7.5190000000,-0.0023817608,-0.7436219393,falla_engranaje,0.8000000000
7.5195000000,-0.0022399067,-0.7237859181,falla_engranaje,0.8000000000
7.5200000000,-0.0023793124,-0.7024551988,falla_engranaje,0.8000000000
7.5205000000,-0.0022122993,-0.7063691186,falla_engranaje,0.8000000000
7.5210000000,-0.0022358991,-0.7371414200,falla_engranaje,0.8000000000
7.5215000000,-0.0022918653,-0.7071863387,falla_engranaje,0.8000000000
7.5220000000,-0.0021506375,-0.7104348586,falla_engranaje,0.8000000000
7.5225000000,-0.0021660089,-0.7410711720,falla_engranaje,0.8000000000
7.5230000000,-0.0022250510,-0.7379301813,falla_engranaje,0.8000000000
7.5235000000,-0.0022839817,-0.7308775833,falla_engranaje,0.8000000000
7.5240000000,-0.0022141464,-0.7371897796,falla_engranaje,0.8000000000
7.5245000000,-0.0022835246,-0.7171240001,falla_engranaje,0.8000000000
7.5250000000,-0.0021993537,-0.7452468043,falla_engranaje,0.8000000000
7.5255000000,-0.0022298621,-0.7364124336,falla_engranaje,0.8000000000
7.5260000000,-0.0020991594,-0.7450956716,falla_engranaje,0.8000000000
7.5265000000,-0.0022143017,-0.7374570572,falla_engranaje,0.8000000000
7.5270000000,-0.0022912388,-0.7424856977,falla_engranaje,0.8000000000
7.5275000000,-0.0021129968,-0.7380753984,falla_engranaje,0.8000000000
7.5280000000,-0.0022860489,-0.7389852443,falla_engranaje,0.8000000000
7.5285000000,-0.0023955781,-0.7371255226,falla_engranaje,0.8000000000
7.5290000000,-0.0022018233,-0.7404519196,falla_engranaje,0.8000000000
7.5295000000,-0.0021981530,-0.7393276286,falla_engranaje,0.8000000000
7.5300000000,-0.0022111728,-0.7545631501,falla_engranaje,0.8000000000
7.5305000000,-0.0022337693,-0.7482587097,falla_engranaje,0.8000000000
7.5310000000,-0.0021661550,-0.7425936193,falla_engranaje,0.8000000000
7.5315000000,-0.0022288817,-0.7615476763,falla_engranaje,0.8000000000
7.5320000000,-0.0022534309,-0.7425982822,falla_engranaje,0.8000000000
7.5325000000,-0.0023142310,-0.7511527061,falla_engranaje,0.8000000000
7.5330000000,-0.0021887162,-0.7728778470,falla_engranaje,0.8000000000
7.5335000000,-0.0021322410,-0.7399305045,falla_engranaje,0.8000000000
7.5340000000,-0.0023221786,-0.7611545909,falla_engranaje,0.8000000000
7.5345000000,-0.0022807745,-0.7632311965,falla_engranaje,0.8000000000
7.5350000000,-0.0021807140,-0.7504853674,falla_engranaje,0.8000000000
7.5355000000,-0.0023511559,-0.7728224118,falla_engranaje,0.8000000000
7.5360000000,-0.0024058709,-0.7798034413,falla_engranaje,0.8000000000
7.5365000000,-0.0021818471,-0.7653789112,falla_engranaje,0.8000000000
7.5370000000,-0.0022772366,-0.7417212812,falla_engranaje,0.8000000000
7.5375000000,-0.0022404388,-0.7632738186,falla_engranaje,0.8000000000
7.5380000000,-0.0022995499,-0.7565682694,falla_engranaje,0.8000000000
7.5385000000,-0.0022144810,-0.7671112856,falla_engranaje,0.8000000000
7.5390000000,-0.0023209278,-0.7768241814,falla_engranaje,0.8000000000
7.5395000000,-0.0023290108,-0.7706399153,falla_engranaje,0.8000000000
7.5400000000,-0.0022633092,-0.7932475588,falla_engranaje,0.8000000000
7.5405000000,-0.0023594529,-0.7748019808,falla_engranaje,0.8000000000
7.5410000000,-0.0023474702,-0.7736687555,falla_engranaje,0.8000000000
7.5415000000,-0.0023408361,-0.7615252286,falla_engranaje,0.8000000000
7.5420000000,-0.0022638080,-0.7745268431,falla_engranaje,0.8000000000
7.5425000000,-0.0022656901,-0.7806379490,falla_engranaje,0.8000000000
7.5430000000,-0.0022896043,-0.7766679744,falla_engranaje,0.8000000000
7.5435000000,-0.0023435002,-0.7723664862,falla_engranaje,0.8000000000
7.5440000000,-0.0021447754,-0.7778162147,falla_engranaje,0.8000000000
7.5445000000,-0.0022836460,-0.7801565473,falla_engranaje,0.8000000000
7.5450000000,-0.0022512351,-0.7911437273,falla_engranaje,0.8000000000
7.5455000000,-0.0022560090,-0.7879089031,falla_engranaje,0.8000000000
7.5460000000,-0.0023006811,-0.7858310805,falla_engranaje,0.8000000000
7.5465000000,-0.0022782985,-0.7874531323,falla_engranaje,0.8000000000
7.5470000000,-0.0022747778,-0.7656123124,falla_engranaje,0.8000000000
7.5475000000,-0.0022016904,-0.7790368675,falla_engranaje,0.8000000000
7.5480000000,-0.0022141847,-0.7809657591,falla_engranaje,0.8000000000
7.5485000000,-0.0022172761,-0.7914701412,falla_engranaje,0.8000000000
7.5490000000,-0.0021840400,-0.7942109770,falla_engranaje,0.8000000000
7.5495000000,-0.0022458014,-0.8075008366,falla_engranaje,0.8000000000
7.5500000000,-0.0022066708,-0.8025726072,falla_engranaje,0.8000000000
7.5505000000,-0.0023224318,-0.7653275339,falla_engranaje,0.8000000000
7.5510000000,-0.0021817246,-0.8096825999,falla_engranaje,0.8000000000
7.5515000000,-0.0022472770,-0.7849728230,falla_engranaje,0.8000000000
7.5520000000,-0.0021859313,-0.8158173248,falla_engranaje,0.8000000000
7.5525000000,-0.0023690085,-0.8111570781,falla_engranaje,0.8000000000
7.5530000000,-0.0023027569,-0.8068461654,falla_engranaje,0.8000000000
7.5535000000,-0.0023102361,-0.8155484166,falla_engranaje,0.8000000000
7.5540000000,-0.0022741645,-0.7947862068,falla_engranaje,0.8000000000
7.5545000000,-0.0022531911,-0.8163087955,falla_engranaje,0.8000000000
7.5550000000,-0.0022384393,-0.8181343769,falla_engranaje,0.8000000000
7.5555000000,-0.0023251143,-0.8110275195,falla_engranaje,0.8000000000
7.5560000000,-0.0023266528,-0.8211939684,falla_engranaje,0.8000000000
7.5565000000,-0.0023946717,-0.8082741233,falla_engranaje,0.8000000000
7.5570000000,-0.0023315814,-0.8240327866,falla_engranaje,0.8000000000
7.5575000000,-0.0023740035,-0.8071340221,falla_engranaje,0.8000000000
7.5580000000,-0.0021806260,-0.8006191290,falla_engranaje,0.8000000000
7.5585000000,-0.0023586229,-0.8308141217,falla_engranaje,0.8000000000
7.5590000000,-0.0022990436,-0.8017192432,falla_engranaje,0.8000000000
7.5595000000,-0.0024152257,-0.8188063893,falla_engranaje,0.8000000000
7.5600000000,-0.0023135694,-0.8183858114,falla_engranaje,0.8000000000
7.5605000000,-0.0023519116,-0.8356089824,falla_engranaje,0.8000000000
7.5610000000,-0.0022429370,-0.8304223743,falla_engranaje,0.8000000000
7.5615000000,-0.0023821453,-0.8261779271,falla_engranaje,0.8000000000
7.5620000000,-0.0023262444,-0.8207138749,falla_engranaje,0.8000000000
7.5625000000,-0.0023757934,-0.8268206774,falla_engranaje,0.8000000000
7.5630000000,-0.0022823869,-0.8384618023,falla_engranaje,0.8000000000
7.5635000000,-0.0023886108,-0.8367216321,falla_engranaje,0.8000000000
7.5640000000,-0.0022858687,-0.8281289533,falla_engranaje,0.8000000000
7.5645000000,-0.0023632232,-0.8420172576,falla_engranaje,0.8000000000
7.5650000000,-0.0023403271,-0.8415519102,falla_engranaje,0.8000000000
7.5655000000,-0.0023602890,-0.8525093359,falla_engranaje,0.8000000000
7.5660000000,-0.0023355423,-0.8377033062,falla_engranaje,0.8000000000
7.5665000000,-0.0023692962,-0.8319508856,falla_engranaje,0.8000000000
7.5670000000,-0.0022536716,-0.8537728367,falla_engranaje,0.8000000000
7.5675000000,-0.0022514418,-0.8353468622,falla_engranaje,0.8000000000
7.5680000000,-0.0023628653,-0.8472039880,falla_engranaje,0.8000000000
7.5685000000,-0.0023497592,-0.8653217311,falla_engranaje,0.8000000000
7.5690000000,-0.0024048732,-0.8519967750,falla_engranaje,0.8000000000
7.5695000000,-0.0023762714,-0.8599594755,falla_engranaje,0.8000000000
7.5700000000,-0.0022932657,-0.8543702037,falla_engranaje,0.8000000000
7.5705000000,-0.0023555387,-0.8547742869,falla_engranaje,0.8000000000
7.5710000000,-0.0023948125,-0.8595790937,falla_engranaje,0.8000000000
7.5715000000,-0.0023039088,-0.8732236575,falla_engranaje,0.8000000000
7.5720000000,-0.0023804195,-0.8545039755,falla_engranaje,0.8000000000
7.5725000000,-0.0025305606,-0.8572394553,falla_engranaje,0.8000000000
7.5730000000,-0.0022634424,-0.8680365177,falla_engranaje,0.8000000000
7.5735000000,-0.0024856747,-0.8688172471,falla_engranaje,0.8000000000
7.5740000000,-0.0024414072,-0.8622494703,falla_engranaje,0.8000000000
7.5745000000,-0.0025229510,-0.8741249138,falla_engranaje,0.8000000000
7.5750000000,-0.0023912274,-0.8868640329,falla_engranaje,0.8000000000
7.5755000000,-0.0025122052,-0.8560659123,falla_engranaje,0.8000000000
7.5760000000,-0.0024947184,-0.8794716128,falla_engranaje,0.8000000000
7.5765000000,-0.0024783693,-0.8629957893,falla_engranaje,0.8000000000
7.5770000000,-0.0024860069,-0.8930217853,falla_engranaje,0.8000000000
7.5775000000,-0.0025221389,-0.8817977422,falla_engranaje,0.8000000000
7.5780000000,-0.0024618202,-0.8820146181,falla_engranaje,0.8000000000
7.5785000000,-0.0025125490,-0.9037675811,falla_engranaje,0.8000000000
7.5790000000,-0.0025167274,-0.8902286885,falla_engranaje,0.8000000000
7.5795000000,-0.0024377990,-0.8988154463,falla_engranaje,0.8000000000
7.5800000000,-0.0023820400,-0.9104523264,falla_engranaje,0.8000000000
7.5805000000,-0.0024509647,-0.8934846702,falla_engranaje,0.8000000000
7.5810000000,-0.0025475107,-0.8963441417,falla_engranaje,0.8000000000
7.5815000000,-0.0025515681,-0.8962714748,falla_engranaje,0.8000000000
7.5820000000,-0.0025036191,-0.9099612115,falla_engranaje,0.8000000000
7.5825000000,-0.0024671475,-0.8989969858,falla_engranaje,0.8000000000
7.5830000000,-0.0025060418,-0.9025339337,falla_engranaje,0.8000000000
7.5835000000,-0.0024721573,-0.9119280683,falla_engranaje,0.8000000000
7.5840000000,-0.0025351280,-0.9089275219,falla_engranaje,0.8000000000
7.5845000000,-0.0024829541,-0.9054609611,falla_engranaje,0.8000000000
7.5850000000,-0.0025113853,-0.9046934342,falla_engranaje,0.8000000000
7.5855000000,-0.0026287497,-0.9044968754,falla_engranaje,0.8000000000
7.5860000000,-0.0025686441,-0.9321393869,falla_engranaje,0.8000000000
7.5865000000,-0.0026121812,-0.9121940873,falla_engranaje,0.8000000000
7.5870000000,-0.0025687725,-0.9291935368,falla_engranaje,0.8000000000
7.5875000000,-0.0025169487,-0.9190203563,falla_engranaje,0.8000000000
7.5880000000,-0.0023871417,-0.9238528512,falla_engranaje,0.8000000000
7.5885000000,-0.0026224577,-0.9281233056,falla_engranaje,0.8000000000
7.5890000000,-0.0025438599,-0.9153499914,falla_engranaje,0.8000000000
7.5895000000,-0.0025412068,-0.9500518464,falla_engranaje,0.8000000000
7.5900000000,-0.0025121127,-0.9203199574,falla_engranaje,0.8000000000
7.5905000000,-0.0026292110,-0.9384189929,falla_engranaje,0.8000000000
7.5910000000,-0.0025744062,-0.9189862682,falla_engranaje,0.8000000000
7.5915000000,-0.0025417032,-0.9543878990,falla_engranaje,0.8000000000
7.5920000000,-0.0026028037,-0.9457494457,falla_engranaje,0.8000000000
7.5925000000,-0.0024974268,-0.9493781151,falla_engranaje,0.8000000000
7.5930000000,-0.0025204089,-0.9352841327,falla_engranaje,0.8000000000
7.5935000000,-0.0026467043,-0.9315557890,falla_engranaje,0.8000000000
7.5940000000,-0.0025989465,-0.9479120015,falla_engranaje,0.8000000000
7.5945000000,-0.0026067243,-0.9479030312,falla_engranaje,0.8000000000
7.5950000000,-0.0026993001,-0.9477896709,falla_engranaje,0.8000000000
7.5955000000,-0.0026253302,-0.9589731105,falla_engranaje,0.8000000000
7.5960000000,-0.0025694553,-0.9759821886,falla_engranaje,0.8000000000
7.5965000000,-0.0026684097,-0.9400853996,falla_engranaje,0.8000000000
7.5970000000,-0.0028360745,-0.9621922881,falla_engranaje,0.8000000000
7.5975000000,-0.0027207135,-0.9605991041,falla_engranaje,0.8000000000
7.5980000000,-0.0026800018,-0.9534891235,falla_engranaje,0.8000000000
7.5985000000,-0.0026877011,-0.9655157765,falla_engranaje,0.8000000000
7.5990000000,-0.0025517633,-0.9692148947,falla_engranaje,0.8000000000
7.5995000000,-0.0026827197,-0.9605577780,falla_engranaje,0.8000000000
7.6000000000,-0.0026643635,-0.9654768942,falla_engranaje,0.8000000000
7.6005000000,-0.0029185944,-0.9696434412,falla_engranaje,0.8000000000
7.6010000000,-0.0026850612,-0.9710553366,falla_engranaje,0.8000000000
7.6015000000,-0.0027757027,-0.9693407584,falla_engranaje,0.8000000000
7.6020000000,-0.0027672713,-0.9635540278,falla_engranaje,0.8000000000
7.6025000000,-0.0028073975,-0.9740175390,falla_engranaje,0.8000000000
7.6030000000,-0.0029111592,-0.9904833704,falla_engranaje,0.8000000000
7.6035000000,-0.0027744215,-0.9697052959,falla_engranaje,0.8000000000
7.6040000000,-0.0027717105,-0.9848642609,falla_engranaje,0.8000000000
7.6045000000,-0.0028759757,-0.9735035977,falla_engranaje,0.8000000000
7.6050000000,-0.0028089029,-1.0023677000,falla_engranaje,0.8000000000
7.6055000000,-0.0028650451,-1.0067730679,falla_engranaje,0.8000000000
7.6060000000,-0.0028331754,-0.9748237103,falla_engranaje,0.8000000000
7.6065000000,-0.0027954618,-0.9985798342,falla_engranaje,0.8000000000
7.6070000000,-0.0026145896,-0.9900091106,falla_engranaje,0.8000000000
7.6075000000,-0.0028157290,-0.9896386436,falla_engranaje,0.8000000000
7.6080000000,-0.0028041178,-1.0023237470,falla_engranaje,0.8000000000
7.6085000000,-0.0029119346,-0.9865312098,falla_engranaje,0.8000000000
7.6090000000,-0.0030066022,-1.0131790308,falla_engranaje,0.8000000000
7.6095000000,-0.0029675668,-0.9889817231,falla_engranaje,0.8000000000
7.6100000000,-0.0028241846,-0.9897359099,falla_engranaje,0.8000000000
7.6105000000,-0.0029292278,-0.9950329373,falla_engranaje,0.8000000000
7.6110000000,-0.0028947299,-1.0268717193,falla_engranaje,0.8000000000
7.6115000000,-0.0028408952,-1.0049673782,falla_engranaje,0.8000000000
7.6120000000,-0.0030264013,-1.0212579860,falla_engranaje,0.8000000000
7.6125000000,-0.0030438406,-1.0176757422,falla_engranaje,0.8000000000
7.6130000000,-0.0028878526,-1.0456238497,falla_engranaje,0.8000000000
7.6135000000,-0.0030692458,-1.0196388253,falla_engranaje,0.8000000000
7.6140000000,-0.0028951439,-1.0335832059,falla_engranaje,0.8000000000
7.6145000000,-0.0029572636,-1.0346135580,falla_engranaje,0.8000000000
7.6150000000,-0.0029039762,-1.0475647724,falla_engranaje,0.8000000000
7.6155000000,-0.0029337460,-1.0229354658,falla_engranaje,0.8000000000
7.6160000000,-0.0029440199,-1.0482293303,falla_engranaje,0.8000000000
7.6165000000,-0.0030254728,-1.0384776095,falla_engranaje,0.8000000000
7.6170000000,-0.0029820411,-1.0379264309,falla_engranaje,0.8000000000
7.6175000000,-0.0030100960,-1.0489866699,falla_engranaje,0.8000000000
7.6180000000,-0.0029480555,-1.0593746378,falla_engranaje,0.8000000000
7.6185000000,-0.0031064096,-1.0612330116,falla_engranaje,0.8000000000
7.6190000000,-0.0031089391,-1.0529413120,falla_engranaje,0.8000000000
7.6195000000,-0.0030787527,-1.0608526295,falla_engranaje,0.8000000000
7.6200000000,-0.0029458401,-1.0607004364,falla_engranaje,0.8000000000
7.6205000000,-0.0030638835,-1.0413294623,falla_engranaje,0.8000000000
7.6210000000,-0.0031527607,-1.0678730920,falla_engranaje,0.8000000000
7.6215000000,-0.0031427022,-1.0635536484,falla_engranaje,0.8000000000
7.6220000000,-0.0031191893,-1.0599545362,falla_engranaje,0.8000000000
7.6225000000,-0.0031405031,-1.0673567592,falla_engranaje,0.8000000000
7.6230000000,-0.0032299520,-1.0676724080,falla_engranaje,0.8000000000
7.6235000000,-0.0032357480,-1.0751142331,falla_engranaje,0.8000000000
7.6240000000,-0.0032102024,-1.0641052203,falla_engranaje,0.8000000000
7.6245000000,-0.0032022229,-1.0716705456,falla_engranaje,0.8000000000
7.6250000000,-0.0032524870,-1.0498898794,falla_engranaje,0.8000000000
7.6255000000,-0.0032110415,-1.0747488826,falla_engranaje,0.8000000000
7.6260000000,-0.0033099346,-1.0902189399,falla_engranaje,0.8000000000
7.6265000000,-0.0032613997,-1.0828908957,falla_engranaje,0.8000000000
7.6270000000,-0.0032852552,-1.0830460326,falla_engranaje,0.8000000000
7.6275000000,-0.0033056141,-1.0774641719,falla_engranaje,0.8000000000
7.6280000000,-0.0033353455,-1.0711841094,falla_engranaje,0.8000000000
7.6285000000,-0.0033153653,-1.0870557341,falla_engranaje,0.8000000000
7.6290000000,-0.0033396589,-1.0806025865,falla_engranaje,0.8000000000
7.6295000000,-0.0033808104,-1.0929804467,falla_engranaje,0.8000000000
7.6300000000,-0.0033655216,-1.1069612211,falla_engranaje,0.8000000000
7.6305000000,-0.0033743620,-1.0922296209,falla_engranaje,0.8000000000
7.6310000000,-0.0033516280,-1.0987178246,falla_engranaje,0.8000000000
7.6315000000,-0.0034185731,-1.0869660790,falla_engranaje,0.8000000000
7.6320000000,-0.0033336714,-1.1227769661,falla_engranaje,0.8000000000
7.6325000000,-0.0034059547,-1.0964337276,falla_engranaje,0.8000000000
7.6330000000,-0.0034807842,-1.0961815074,falla_engranaje,0.8000000000
7.6335000000,-0.0033886754,-1.1221097353,falla_engranaje,0.8000000000
7.6340000000,-0.0033522616,-1.1172495450,falla_engranaje,0.8000000000
7.6345000000,-0.0034567198,-1.1029462356,falla_engranaje,0.8000000000
7.6350000000,-0.0034684581,-1.1336556072,falla_engranaje,0.8000000000
7.6355000000,-0.0035470390,-1.1115309570,falla_engranaje,0.8000000000
7.6360000000,-0.0033967923,-1.1099713021,falla_engranaje,0.8000000000
7.6365000000,-0.0034268918,-1.1205084175,falla_engranaje,0.8000000000
7.6370000000,-0.0035109465,-1.1256002134,falla_engranaje,0.8000000000
7.6375000000,-0.0034897722,-1.1507577781,falla_engranaje,0.8000000000
7.6380000000,-0.0035594076,-1.1320294526,falla_engranaje,0.8000000000
7.6385000000,-0.0036112852,-1.1383525922,falla_engranaje,0.8000000000
7.6390000000,-0.0035414603,-1.1421712482,falla_engranaje,0.8000000000
7.6395000000,-0.0034923046,-1.1256712641,falla_engranaje,0.8000000000
7.6400000000,-0.0034741801,-1.1317210084,falla_engranaje,0.8000000000
7.6405000000,-0.0036360937,-1.1350188932,falla_engranaje,0.8000000000
7.6410000000,-0.0036385593,-1.1409341950,falla_engranaje,0.8000000000
7.6415000000,-0.0036716805,-1.1602383736,falla_engranaje,0.8000000000
7.6420000000,-0.0035650132,-1.1435610200,falla_engranaje,0.8000000000
7.6425000000,-0.0036535719,-1.1537412238,falla_engranaje,0.8000000000
7.6430000000,-0.0036645015,-1.1509722869,falla_engranaje,0.8000000000
7.6435000000,-0.0038236621,-1.1456730520,falla_engranaje,0.8000000000
7.6440000000,-0.0037627443,-1.1538669219,falla_engranaje,0.8000000000
7.6445000000,-0.0036863950,-1.1708029950,falla_engranaje,0.8000000000
7.6450000000,-0.0036868235,-1.1761598700,falla_engranaje,0.8000000000
7.6455000000,-0.0037321908,-1.1785132229,falla_engranaje,0.8000000000
7.6460000000,-0.0037058717,-1.1787759566,falla_engranaje,0.8000000000
7.6465000000,-0.0038298521,-1.1799902840,falla_engranaje,0.8000000000
7.6470000000,-0.0035866712,-1.1650562181,falla_engranaje,0.8000000000
7.6475000000,-0.0037702070,-1.1673910971,falla_engranaje,0.8000000000
7.6480000000,-0.0038179652,-1.1684337003,falla_engranaje,0.8000000000
7.6485000000,-0.0037272302,-1.1893140824,falla_engranaje,0.8000000000
7.6490000000,-0.0037627768,-1.1781475319,falla_engranaje,0.8000000000
7.6495000000,-0.0037881944,-1.1875014048,falla_engranaje,0.8000000000
7.6500000000,-0.0039479233,-1.1882150455,falla_engranaje,0.8000000000
7.6505000000,-0.0038967388,-1.1759533656,falla_engranaje,0.8000000000
7.6510000000,-0.0038091688,-1.1985466625,falla_engranaje,0.8000000000
7.6515000000,-0.0037675660,-1.1874625576,falla_engranaje,0.8000000000
7.6520000000,-0.0039170801,-1.1900703189,falla_engranaje,0.8000000000
7.6525000000,-0.0038779904,-1.1980665332,falla_engranaje,0.8000000000
7.6530000000,-0.0039624257,-1.2064371155,falla_engranaje,0.8000000000
7.6535000000,-0.0038876232,-1.1959356068,falla_engranaje,0.8000000000
7.6540000000,-0.0039582902,-1.2024679820,falla_engranaje,0.8000000000
7.6545000000,-0.0040395064,-1.2074588778,falla_engranaje,0.8000000000
7.6550000000,-0.0039083733,-1.1985543496,falla_engranaje,0.8000000000
7.6555000000,-0.0039288326,-1.1954830054,falla_engranaje,0.8000000000
7.6560000000,-0.0039798612,-1.1970944809,falla_engranaje,0.8000000000
7.6565000000,-0.0038842258,-1.2116113805,falla_engranaje,0.8000000000
7.6570000000,-0.0040524483,-1.2199346361,falla_engranaje,0.8000000000
7.6575000000,-0.0040117897,-1.2188239429,falla_engranaje,0.8000000000
7.6580000000,-0.0040282521,-1.2224638358,falla_engranaje,0.8000000000
7.6585000000,-0.0039554502,-1.2199314309,falla_engranaje,0.8000000000
7.6590000000,-0.0041442806,-1.2148637245,falla_engranaje,0.8000000000
7.6595000000,-0.0041384273,-1.2222999602,falla_engranaje,0.8000000000
7.6600000000,-0.0042238781,-1.2282336403,falla_engranaje,0.8000000000
7.6605000000,-0.0042432453,-1.2316427125,falla_engranaje,0.8000000000
7.6610000000,-0.0041847739,-1.2344022783,falla_engranaje,0.8000000000
7.6615000000,-0.0041084809,-1.2334874397,falla_engranaje,0.8000000000
7.6620000000,-0.0041694825,-1.2229295442,falla_engranaje,0.8000000000
7.6625000000,-0.0043676155,-1.2523333129,falla_engranaje,0.8000000000
7.6630000000,-0.0042976762,-1.2570025151,falla_engranaje,0.8000000000
7.6635000000,-0.0041836560,-1.2537627028,falla_engranaje,0.8000000000
7.6640000000,-0.0043150921,-1.2517961449,falla_engranaje,0.8000000000
7.6645000000,-0.0042625880,-1.2552811419,falla_engranaje,0.8000000000
7.6650000000,-0.0043639351,-1.2467970879,falla_engranaje,0.8000000000
7.6655000000,-0.0042485311,-1.2469872172,falla_engranaje,0.8000000000
7.6660000000,-0.0042952130,-1.2473774532,falla_engranaje,0.8000000000
7.6665000000,-0.0043376849,-1.2566568070,falla_engranaje,0.8000000000
7.6670000000,-0.0042888063,-1.2586381993,falla_engranaje,0.8000000000
7.6675000000,-0.0044578717,-1.2654805390,falla_engranaje,0.8000000000
7.6680000000,-0.0043468598,-1.2585292824,falla_engranaje,0.8000000000
7.6685000000,-0.0043768940,-1.2586410379,falla_engranaje,0.8000000000
7.6690000000,-0.0043842674,-1.2720554887,falla_engranaje,0.8000000000
7.6695000000,-0.0045359316,-1.2548932671,falla_engranaje,0.8000000000
7.6700000000,-0.0044852455,-1.2839356549,falla_engranaje,0.8000000000
7.6705000000,-0.0044921943,-1.2752788640,falla_engranaje,0.8000000000
7.6710000000,-0.0045881858,-1.2908864501,falla_engranaje,0.8000000000
7.6715000000,-0.0044621308,-1.2916841409,falla_engranaje,0.8000000000
7.6720000000,-0.0043879481,-1.2907604471,falla_engranaje,0.8000000000
7.6725000000,-0.0045934539,-1.2784619481,falla_engranaje,0.8000000000
7.6730000000,-0.0045796455,-1.2976738278,falla_engranaje,0.8000000000
7.6735000000,-0.0045770268,-1.2866835271,falla_engranaje,0.8000000000
7.6740000000,-0.0045446384,-1.3148816670,falla_engranaje,0.8000000000
7.6745000000,-0.0045757168,-1.2774616683,falla_engranaje,0.8000000000
7.6750000000,-0.0046631770,-1.2895181651,falla_engranaje,0.8000000000
7.6755000000,-0.0046465907,-1.3039851573,falla_engranaje,0.8000000000
7.6760000000,-0.0045503727,-1.3255264834,falla_engranaje,0.8000000000
7.6765000000,-0.0046691723,-1.2966914288,falla_engranaje,0.8000000000
7.6770000000,-0.0047368987,-1.3022595485,falla_engranaje,0.8000000000
7.6775000000,-0.0047321238,-1.2988123919,falla_engranaje,0.8000000000
7.6780000000,-0.0047655656,-1.2978130939,falla_engranaje,0.8000000000
7.6785000000,-0.0046972342,-1.3211269804,falla_engranaje,0.8000000000
7.6790000000,-0.0046783700,-1.3136224675,falla_engranaje,0.8000000000
7.6795000000,-0.0046878788,-1.3211391301,falla_engranaje,0.8000000000
7.6800000000,-0.0048080986,-1.3139148412,falla_engranaje,0.8000000000
7.6805000000,-0.0048405772,-1.3120218971,falla_engranaje,0.8000000000
7.6810000000,-0.0048005260,-1.3117713569,falla_engranaje,0.8000000000
7.6815000000,-0.0047989160,-1.3103977872,falla_engranaje,0.8000000000
7.6820000000,-0.0048324775,-1.3433625579,falla_engranaje,0.8000000000
7.6825000000,-0.0047915686,-1.3293496619,falla_engranaje,0.8000000000
7.6830000000,-0.0049246839,-1.3300384173,falla_engranaje,0.8000000000
7.6835000000,-0.0048572665,-1.3130613230,falla_engranaje,0.8000000000
7.6840000000,-0.0048358720,-1.3440837792,falla_engranaje,0.8000000000
7.6845000000,-0.0050042601,-1.3297295737,falla_engranaje,0.8000000000
7.6850000000,-0.0048817903,-1.3321572666,falla_engranaje,0.8000000000
7.6855000000,-0.0050528386,-1.3450908940,falla_engranaje,0.8000000000
7.6860000000,-0.0050318995,-1.3477615443,falla_engranaje,0.8000000000
7.6865000000,-0.0049380528,-1.3442392267,falla_engranaje,0.8000000000
7.6870000000,-0.0049267716,-1.3494599419,falla_engranaje,0.8000000000
7.6875000000,-0.0050934935,-1.3459880058,falla_engranaje,0.8000000000
7.6880000000,-0.0049678575,-1.3502113459,falla_engranaje,0.8000000000
7.6885000000,-0.0051188745,-1.3459613278,falla_engranaje,0.8000000000
7.6890000000,-0.0050670317,-1.3596125809,falla_engranaje,0.8000000000
7.6895000000,-0.0049955951,-1.3430256898,falla_engranaje,0.8000000000
7.6900000000,-0.0050498882,-1.3763599229,falla_engranaje,0.8000000000
7.6905000000,-0.0049811433,-1.3481408399,falla_engranaje,0.8000000000
7.6910000000,-0.0051451081,-1.3507414873,falla_engranaje,0.8000000000
7.6915000000,-0.0051383280,-1.3732913285,falla_engranaje,0.8000000000
7.6920000000,-0.0052497764,-1.3709312290,falla_engranaje,0.8000000000
7.6925000000,-0.0051188698,-1.3732949932,falla_engranaje,0.8000000000
7.6930000000,-0.0051988485,-1.3790007830,falla_engranaje,0.8000000000
7.6935000000,-0.0050235888,-1.3711103614,falla_engranaje,0.8000000000
7.6940000000,-0.0053218446,-1.3796013703,falla_engranaje,0.8000000000
7.6945000000,-0.0052557119,-1.3903371891,falla_engranaje,0.8000000000
7.6950000000,-0.0051944308,-1.3821168713,falla_engranaje,0.8000000000
7.6955000000,-0.0052946571,-1.3759605762,falla_engranaje,0.8000000000
7.6960000000,-0.0052876389,-1.3862786253,falla_engranaje,0.8000000000
7.6965000000,-0.0053213048,-1.3862521546,falla_engranaje,0.8000000000
7.6970000000,-0.0052902364,-1.3585008742,falla_engranaje,0.8000000000
7.6975000000,-0.0054066173,-1.3974710290,falla_engranaje,0.8000000000
7.6980000000,-0.0053237766,-1.3805223528,falla_engranaje,0.8000000000
7.6985000000,-0.0053900308,-1.3910584039,falla_engranaje,0.8000000000
7.6990000000,-0.0054375800,-1.3956068900,falla_engranaje,0.8000000000
7.6995000000,-0.0054291080,-1.4078467423,falla_engranaje,0.8000000000
7.7000000000,-0.0054218792,-1.3964219168,falla_engranaje,0.8000000000
7.7005000000,-0.0054218259,-1.4084221285,falla_engranaje,0.8000000000
7.7010000000,-0.0054561818,-1.4081881781,falla_engranaje,0.8000000000
7.7015000000,-0.0053822596,-1.3894220169,falla_engranaje,0.8000000000
7.7020000000,-0.0054782178,-1.4022025605,falla_engranaje,0.8000000000
7.7025000000,-0.0054619727,-1.4110389451,falla_engranaje,0.8000000000
7.7030000000,-0.0055156600,-1.4150553521,falla_engranaje,0.8000000000
7.7035000000,-0.0055041319,-1.4059978723,falla_engranaje,0.8000000000
7.7040000000,-0.0055773663,-1.4047765522,falla_engranaje,0.8000000000
7.7045000000,-0.0056332022,-1.4192625338,falla_engranaje,0.8000000000
7.7050000000,-0.0056492552,-1.4357430267,falla_engranaje,0.8000000000
7.7055000000,-0.0055596272,-1.4245377496,falla_engranaje,0.8000000000
7.7060000000,-0.0056157901,-1.4304534247,falla_engranaje,0.8000000000
7.7065000000,-0.0057485841,-1.4033083191,falla_engranaje,0.8000000000
7.7070000000,-0.0056012618,-1.4217309039,falla_engranaje,0.8000000000
7.7075000000,-0.0057075243,-1.4291621239,falla_engranaje,0.8000000000
7.7080000000,-0.0056190756,-1.4329581768,falla_engranaje,0.8000000000
7.7085000000,-0.0057360910,-1.4333929357,falla_engranaje,0.8000000000
7.7090000000,-0.0056610500,-1.4293720134,falla_engranaje,0.8000000000
7.7095000000,-0.0056807958,-1.4263907413,falla_engranaje,0.8000000000
7.7100000000,-0.0058159028,-1.4239726558,falla_engranaje,0.8000000000
7.7105000000,-0.0058304343,-1.4347076761,falla_engranaje,0.8000000000
7.7110000000,-0.0057030345,-1.4343008753,falla_engranaje,0.8000000000
7.7115000000,-0.0057897355,-1.4371912630,falla_engranaje,0.8000000000
7.7120000000,-0.0057757367,-1.4550220836,falla_engranaje,0.8000000000
7.7125000000,-0.0058667407,-1.4544419939,falla_engranaje,0.8000000000
7.7130000000,-0.0058388337,-1.4335087403,falla_engranaje,0.8000000000
7.7135000000,-0.0058356834,-1.4689176943,falla_engranaje,0.8000000000
7.7140000000,-0.0058601214,-1.4420003701,falla_engranaje,0.8000000000
7.7145000000,-0.0058580622,-1.4600745904,falla_engranaje,0.8000000000
7.7150000000,-0.0059100559,-1.4600398326,falla_engranaje,0.8000000000
7.7155000000,-0.0059439505,-1.4487734067,falla_engranaje,0.8000000000
7.7160000000,-0.0059014732,-1.4489139404,falla_engranaje,0.8000000000
7.7165000000,-0.0061182189,-1.4420621661,falla_engranaje,0.8000000000
7.7170000000,-0.0059790876,-1.4624898363,falla_engranaje,0.8000000000
7.7175000000,-0.0060536762,-1.4689934027,falla_engranaje,0.8000000000
7.7180000000,-0.0059497207,-1.4709527414,falla_engranaje,0.8000000000
7.7185000000,-0.0061767647,-1.4553003379,falla_engranaje,0.8000000000
7.7190000000,-0.0061806776,-1.4726260426,falla_engranaje,0.8000000000
7.7195000000,-0.0060346608,-1.4525310531,falla_engranaje,0.8000000000
7.7200000000,-0.0062355794,-1.4676054403,falla_engranaje,0.8000000000
7.7205000000,-0.0060203223,-1.4739632153,falla_engranaje,0.8000000000
7.7210000000,-0.0060397243,-1.4713285024,falla_engranaje,0.8000000000
7.7215000000,-0.0060063496,-1.4696743796,falla_engranaje,0.8000000000
7.7220000000,-0.0060599506,-1.4633947743,falla_engranaje,0.8000000000
7.7225000000,-0.0062205883,-1.4768989491,falla_engranaje,0.8000000000
7.7230000000,-0.0060763458,-1.4908554730,falla_engranaje,0.8000000000
7.7235000000,-0.0061671650,-1.4875344266,falla_engranaje,0.8000000000
7.7240000000,-0.0061505827,-1.4947187057,falla_engranaje,0.8000000000
7.7245000000,-0.0062493694,-1.4951568170,falla_engranaje,0.8000000000
7.7250000000,-0.0062468936,-1.4887448950,falla_engranaje,0.8000000000
7.7255000000,-0.0061604060,-1.4895272384,falla_engranaje,0.8000000000
7.7260000000,-0.0063674804,-1.4971283066,falla_engranaje,0.8000000000
7.7265000000,-0.0063012190,-1.4896902170,falla_engranaje,0.8000000000
7.7270000000,-0.0062213305,-1.5144518013,falla_engranaje,0.8000000000
7.7275000000,-0.0064012771,-1.4950557126,falla_engranaje,0.8000000000
7.7280000000,-0.0063900792,-1.4848761867,falla_engranaje,0.8000000000
7.7285000000,-0.0062801088,-1.4913219770,falla_engranaje,0.8000000000
7.7290000000,-0.0063861150,-1.5097482499,falla_engranaje,0.8000000000
7.7295000000,-0.0064055971,-1.4980186846,falla_engranaje,0.8000000000
7.7300000000,-0.0064356643,-1.4989962240,falla_engranaje,0.8000000000
7.7305000000,-0.0063571787,-1.5144667976,falla_engranaje,0.8000000000
7.7310000000,-0.0064385056,-1.5002370394,falla_engranaje,0.8000000000
7.7315000000,-0.0064514235,-1.5071095075,falla_engranaje,0.8000000000
7.7320000000,-0.0065543662,-1.4994622321,falla_engranaje,0.8000000000
7.7325000000,-0.0065222768,-1.5176086485,falla_engranaje,0.8000000000
7.7330000000,-0.0064566347,-1.5137969498,falla_engranaje,0.8000000000
7.7335000000,-0.0065760562,-1.5091536014,falla_engranaje,0.8000000000
7.7340000000,-0.0065880120,-1.5295076009,falla_engranaje,0.8000000000
7.7345000000,-0.0065958926,-1.5072705713,falla_engranaje,0.8000000000
7.7350000000,-0.0065942892,-1.5046547012,falla_engranaje,0.8000000000
7.7355000000,-0.0066200701,-1.5441369835,falla_engranaje,0.8000000000
7.7360000000,-0.0065610664,-1.5174235211,falla_engranaje,0.8000000000
7.7365000000,-0.0066139999,-1.5257762127,falla_engranaje,0.8000000000
7.7370000000,-0.0065753518,-1.5249081354,falla_engranaje,0.8000000000
7.7375000000,-0.0065805792,-1.5261575246,falla_engranaje,0.8000000000
7.7380000000,-0.0065626795,-1.5231332359,falla_engranaje,0.8000000000
7.7385000000,-0.0067328642,-1.5191246023,falla_engranaje,0.8000000000
7.7390000000,-0.0067245420,-1.5207012311,falla_engranaje,0.8000000000
7.7395000000,-0.0067443821,-1.5303658653,falla_engranaje,0.8000000000
7.7400000000,-0.0067266514,-1.5352361413,falla_engranaje,0.8000000000
7.7405000000,-0.0067233768,-1.5307311022,falla_engranaje,0.8000000000
7.7410000000,-0.0066704191,-1.5055884806,falla_engranaje,0.8000000000
7.7415000000,-0.0067147962,-1.5407255430,falla_engranaje,0.8000000000
7.7420000000,-0.0068015012,-1.5328884237,falla_engranaje,0.8000000000
7.7425000000,-0.0068230884,-1.5388676171,falla_engranaje,0.8000000000
7.7430000000,-0.0068464645,-1.5263206267,falla_engranaje,0.8000000000
7.7435000000,-0.0068330604,-1.5446433440,falla_engranaje,0.8000000000
7.7440000000,-0.0067798678,-1.5326204290,falla_engranaje,0.8000000000
7.7445000000,-0.0068479405,-1.5355780697,falla_engranaje,0.8000000000
7.7450000000,-0.0068254419,-1.5475373029,falla_engranaje,0.8000000000
7.7455000000,-0.0068854066,-1.5297444754,falla_engranaje,0.8000000000
7.7460000000,-0.0069120433,-1.5535197718,falla_engranaje,0.8000000000
7.7465000000,-0.0069125761,-1.5381931550,falla_engranaje,0.8000000000
7.7470000000,-0.0069356205,-1.5563580293,falla_engranaje,0.8000000000
7.7475000000,-0.0069046250,-1.5348856199,falla_engranaje,0.8000000000
7.7480000000,-0.0068868014,-1.5263605998,falla_engranaje,0.8000000000
7.7485000000,-0.0070317051,-1.5389838523,falla_engranaje,0.8000000000
7.7490000000,-0.0070358714,-1.5514426596,falla_engranaje,0.8000000000
7.7495000000,-0.0069897734,-1.5619917474,falla_engranaje,0.8000000000
7.7500000000,-0.0070274199,-1.5371638862,falla_engranaje,0.8000000000
7.7505000000,-0.0070077104,-1.5484327529,falla_engranaje,0.8000000000
7.7510000000,-0.0070036599,-1.5545045996,falla_engranaje,0.8000000000
7.7515000000,-0.0070798648,-1.5561270600,falla_engranaje,0.8000000000
7.7520000000,-0.0070686294,-1.5429552107,falla_engranaje,0.8000000000
7.7525000000,-0.0071648026,-1.5535827076,falla_engranaje,0.8000000000
7.7530000000,-0.0070948532,-1.5423765189,falla_engranaje,0.8000000000
7.7535000000,-0.0070728375,-1.5530004223,falla_engranaje,0.8000000000
7.7540000000,-0.0070722881,-1.5729681915,falla_engranaje,0.8000000000
7.7545000000,-0.0070524906,-1.5764515007,falla_engranaje,0.8000000000
7.7550000000,-0.0072071054,-1.5429328982,falla_engranaje,0.8000000000
7.7555000000,-0.0071247037,-1.5460628780,falla_engranaje,0.8000000000
7.7560000000,-0.0071375005,-1.5642079827,falla_engranaje,0.8000000000
7.7565000000,-0.0071903322,-1.5666997813,falla_engranaje,0.8000000000
7.7570000000,-0.0072494275,-1.5727379711,falla_engranaje,0.8000000000
7.7575000000,-0.0072792600,-1.5524956142,falla_engranaje,0.8000000000
7.7580000000,-0.0071942763,-1.5477698505,falla_engranaje,0.8000000000
7.7585000000,-0.0072214640,-1.5666279126,falla_engranaje,0.8000000000
7.7590000000,-0.0072511128,-1.5726812371,falla_engranaje,0.8000000000
7.7595000000,-0.0072166970,-1.5672800640,falla_engranaje,0.8000000000
7.7600000000,-0.0073118256,-1.5732134597,falla_engranaje,0.8000000000
7.7605000000,-0.0072323248,-1.5522424909,falla_engranaje,0.8000000000
7.7610000000,-0.0072564810,-1.5890255990,falla_engranaje,0.8000000000
7.7615000000,-0.0072651351,-1.5710055391,falla_engranaje,0.8000000000
7.7620000000,-0.0072770452,-1.5574582151,falla_engranaje,0.8000000000
7.7625000000,-0.0073713216,-1.5692942295,falla_engranaje,0.8000000000
7.7630000000,-0.0074714858,-1.5857443239,falla_engranaje,0.8000000000
7.7635000000,-0.0072638656,-1.5819572317,falla_engranaje,0.8000000000
7.7640000000,-0.0072583379,-1.5663081098,falla_engranaje,0.8000000000
7.7645000000,-0.0074104304,-1.5554912970,falla_engranaje,0.8000000000
7.7650000000,-0.0074283282,-1.5766509555,falla_engranaje,0.8000000000
7.7655000000,-0.0073898146,-1.5545247597,falla_engranaje,0.8000000000
7.7660000000,-0.0073211245,-1.5943214984,falla_engranaje,0.8000000000
7.7665000000,-0.0074685548,-1.5744097807,falla_engranaje,0.8000000000
7.7670000000,-0.0074607688,-1.5779053542,falla_engranaje,0.8000000000
7.7675000000,-0.0074782290,-1.5769836666,falla_engranaje,0.8000000000
7.7680000000,-0.0075313346,-1.5840748331,falla_engranaje,0.8000000000
7.7685000000,-0.0075263028,-1.5744641770,falla_engranaje,0.8000000000
7.7690000000,-0.0074438494,-1.5962610990,falla_engranaje,0.8000000000
7.7695000000,-0.0075457786,-1.5842164906,falla_engranaje,0.8000000000
7.7700000000,-0.0074909198,-1.5873971460,falla_engranaje,0.8000000000
7.7705000000,-0.0075016449,-1.5818602427,falla_engranaje,0.8000000000
7.7710000000,-0.0074764028,-1.5810753533,falla_engranaje,0.8000000000
7.7715000000,-0.0075622727,-1.5700667307,falla_engranaje,0.8000000000
7.7720000000,-0.0075984105,-1.5618878350,falla_engranaje,0.8000000000
7.7725000000,-0.0075748543,-1.5759176283,falla_engranaje,0.8000000000
7.7730000000,-0.0075909463,-1.5980092410,falla_engranaje,0.8000000000
7.7735000000,-0.0076083186,-1.5738537818,falla_engranaje,0.8000000000
7.7740000000,-0.0075691004,-1.5807977060,falla_engranaje,0.8000000000
7.7745000000,-0.0076163223,-1.5883997636,falla_engranaje,0.8000000000
7.7750000000,-0.0076318542,-1.5867715094,falla_engranaje,0.8000000000
7.7755000000,-0.0076314376,-1.5825168119,falla_engranaje,0.8000000000
7.7760000000,-0.0077356287,-1.5798644390,falla_engranaje,0.8000000000
7.7765000000,-0.0074878011,-1.5739075604,falla_engranaje,0.8000000000
7.7770000000,-0.0076632952,-1.5877472024,falla_engranaje,0.8000000000
7.7775000000,-0.0076523960,-1.5831270417,falla_engranaje,0.8000000000
7.7780000000,-0.0077483508,-1.6131656647,falla_engranaje,0.8000000000
7.7785000000,-0.0076402695,-1.5738650356,falla_engranaje,0.8000000000
7.7790000000,-0.0076724700,-1.5817812518,falla_engranaje,0.8000000000
7.7795000000,-0.0076454934,-1.6034414156,falla_engranaje,0.8000000000
7.7800000000,-0.0076882602,-1.5941818311,falla_engranaje,0.8000000000
7.7805000000,-0.0077713109,-1.5936495931,falla_engranaje,0.8000000000
7.7810000000,-0.0078026265,-1.5896124027,falla_engranaje,0.8000000000
7.7815000000,-0.0077089580,-1.5891944293,falla_engranaje,0.8000000000
7.7820000000,-0.0076954454,-1.5717972702,falla_engranaje,0.8000000000
7.7825000000,-0.0077194983,-1.5933578611,falla_engranaje,0.8000000000
7.7830000000,-0.0077438450,-1.5725353004,falla_engranaje,0.8000000000
7.7835000000,-0.0078355616,-1.5899031276,falla_engranaje,0.8000000000
7.7840000000,-0.0077509035,-1.5844328870,falla_engranaje,0.8000000000
7.7845000000,-0.0078930272,-1.6022563877,falla_engranaje,0.8000000000
7.7850000000,-0.0077625505,-1.5858178063,falla_engranaje,0.8000000000
7.7855000000,-0.0078157993,-1.5828560301,falla_engranaje,0.8000000000
7.7860000000,-0.0077808358,-1.5786191112,falla_engranaje,0.8000000000
7.7865000000,-0.0077889152,-1.5828299848,falla_engranaje,0.8000000000
7.7870000000,-0.0078782810,-1.5906486263,falla_engranaje,0.8000000000
7.7875000000,-0.0079766106,-1.5790226106,falla_engranaje,0.8000000000
7.7880000000,-0.0078884151,-1.5735657311,falla_engranaje,0.8000000000
7.7885000000,-0.0079240015,-1.5766008739,falla_engranaje,0.8000000000
7.7890000000,-0.0077616906,-1.5767371604,falla_engranaje,0.8000000000
7.7895000000,-0.0078053887,-1.5896683295,falla_engranaje,0.8000000000
7.7900000000,-0.0079140095,-1.5960308056,falla_engranaje,0.8000000000
7.7905000000,-0.0079032215,-1.5957755266,falla_engranaje,0.8000000000
7.7910000000,-0.0079301053,-1.5944136167,falla_engranaje,0.8000000000
7.7915000000,-0.0079039490,-1.5807039952,falla_engranaje,0.8000000000
7.7920000000,-0.0080164190,-1.5799801811,falla_engranaje,0.8000000000
7.7925000000,-0.0077700803,-1.5880920399,falla_engranaje,0.8000000000
7.7930000000,-0.0078580212,-1.5894386070,falla_engranaje,0.8000000000
7.7935000000,-0.0079409525,-1.5687171162,falla_engranaje,0.8000000000
7.7940000000,-0.0078676955,-1.5793923372,falla_engranaje,0.8000000000
7.7945000000,-0.0079278744,-1.5835385422,falla_engranaje,0.8000000000
7.7950000000,-0.0080628489,-1.5807435816,falla_engranaje,0.8000000000
7.7955000000,-0.0080346627,-1.5637205570,falla_engranaje,0.8000000000
7.7960000000,-0.0080912035,-1.5682191672,falla_engranaje,0.8000000000
7.7965000000,-0.0079403927,-1.5916670918,falla_engranaje,0.8000000000
7.7970000000,-0.0079563778,-1.5445977495,falla_engranaje,0.8000000000
7.7975000000,-0.0080531975,-1.5687892436,falla_engranaje,0.8000000000
7.7980000000,-0.0080890027,-1.5875072253,falla_engranaje,0.8000000000
7.7985000000,-0.0079795281,-1.5835769158,falla_engranaje,0.8000000000
7.7990000000,-0.0080698051,-1.5922763057,falla_engranaje,0.8000000000
7.7995000000,-0.0081411231,-1.5673246675,falla_engranaje,0.8000000000
7.8000000000,-0.0079436853,-1.5722672322,falla_engranaje,0.8000000000
7.8005000000,-0.0080450961,-1.5841944004,falla_engranaje,0.8000000000
7.8010000000,-0.0078878660,-1.5702960447,falla_engranaje,0.8000000000
7.8015000000,-0.0080729833,-1.5789531639,falla_engranaje,0.8000000000
7.8020000000,-0.0079212278,-1.5785126675,falla_engranaje,0.8000000000
7.8025000000,-0.0080042830,-1.5807088151,falla_engranaje,0.8000000000
7.8030000000,-0.0080927283,-1.5783828605,falla_engranaje,0.8000000000
7.8035000000,-0.0079894520,-1.5598954718,falla_engranaje,0.8000000000
7.8040000000,-0.0080343850,-1.5671480217,falla_engranaje,0.8000000000
7.8045000000,-0.0080722316,-1.5667299828,falla_engranaje,0.8000000000
7.8050000000,-0.0081490949,-1.5616744013,falla_engranaje,0.8000000000
7.8055000000,-0.0080627778,-1.5595533575,falla_engranaje,0.8000000000
7.8060000000,-0.0081019859,-1.5802392108,falla_engranaje,0.8000000000
7.8065000000,-0.0080664450,-1.5510745423,falla_engranaje,0.8000000000
7.8070000000,-0.0082088824,-1.5638137048,falla_engranaje,0.8000000000
7.8075000000,-0.0081125313,-1.5804492892,falla_engranaje,0.8000000000
7.8080000000,-0.0081084827,-1.5605138494,falla_engranaje,0.8000000000
7.8085000000,-0.0082162029,-1.5679672393,falla_engranaje,0.8000000000
7.8090000000,-0.0080861029,-1.5550216363,falla_engranaje,0.8000000000
7.8095000000,-0.0081513529,-1.5629951428,falla_engranaje,0.8000000000
7.8100000000,-0.0082564639,-1.5544905976,falla_engranaje,0.8000000000
7.8105000000,-0.0081411096,-1.5661853352,falla_engranaje,0.8000000000
7.8110000000,-0.0080145060,-1.5551201362,falla_engranaje,0.8000000000
7.8115000000,-0.0080981871,-1.5579348069,falla_engranaje,0.8000000000
7.8120000000,-0.0082937497,-1.5531732771,falla_engranaje,0.8000000000
7.8125000000,-0.0081102268,-1.5597742209,falla_engranaje,0.8000000000
7.8130000000,-0.0081689942,-1.5659271050,falla_engranaje,0.8000000000
7.8135000000,-0.0081992903,-1.5488319386,falla_engranaje,0.8000000000
7.8140000000,-0.0080618992,-1.5479132233,falla_engranaje,0.8000000000
7.8145000000,-0.0081719273,-1.5493487088,falla_engranaje,0.8000000000
7.8150000000,-0.0081688183,-1.5543602412,falla_engranaje,0.8000000000
7.8155000000,-0.0082907605,-1.5585011967,falla_engranaje,0.8000000000
7.8160000000,-0.0080536808,-1.5436586253,falla_engranaje,0.8000000000
7.8165000000,-0.0082120088,-1.5457586607,falla_engranaje,0.8000000000
7.8170000000,-0.0081217537,-1.5499349610,falla_engranaje,0.8000000000
7.8175000000,-0.0082219669,-1.5241104616,falla_engranaje,0.8000000000
7.8180000000,-0.0081709885,-1.5167076256,falla_engranaje,0.8000000000
7.8185000000,-0.0082733712,-1.5462841276,falla_engranaje,0.8000000000
7.8190000000,-0.0082097730,-1.5300456740,falla_engranaje,0.8000000000
7.8195000000,-0.0081916709,-1.5415901726,falla_engranaje,0.8000000000
7.8200000000,-0.0081477404,-1.5404617600,falla_engranaje,0.8000000000
7.8205000000,-0.0081368209,-1.5255317972,falla_engranaje,0.8000000000
7.8210000000,-0.0081622075,-1.5419864010,falla_engranaje,0.8000000000
7.8215000000,-0.0082182123,-1.5236898980,falla_engranaje,0.8000000000
7.8220000000,-0.0082012379,-1.5147943353,falla_engranaje,0.8000000000
7.8225000000,-0.0081965518,-1.5375758502,falla_engranaje,0.8000000000
7.8230000000,-0.0082422957,-1.5248446965,falla_engranaje,0.8000000000
7.8235000000,-0.0082263925,-1.5232819247,falla_engranaje,0.8000000000
7.8240000000,-0.0082185986,-1.5317141068,falla_engranaje,0.8000000000
7.8245000000,-0.0083055211,-1.5211864435,falla_engranaje,0.8000000000
7.8250000000,-0.0081532951,-1.5177113908,falla_engranaje,0.8000000000
7.8255000000,-0.0080736105,-1.5134583210,falla_engranaje,0.8000000000
7.8260000000,-0.0082307774,-1.5331765686,falla_engranaje,0.8000000000
7.8265000000,-0.0081045775,-1.4996354632,falla_engranaje,0.8000000000
7.8270000000,-0.0080933305,-1.5366612903,falla_engranaje,0.8000000000
7.8275000000,-0.0082191649,-1.5295132961,falla_engranaje,0.8000000000
7.8280000000,-0.0082749251,-1.5033049546,falla_engranaje,0.8000000000
7.8285000000,-0.0082640278,-1.5056481145,falla_engranaje,0.8000000000
7.8290000000,-0.0080652198,-1.5138433544,falla_engranaje,0.8000000000
7.8295000000,-0.0081594112,-1.5198259868,falla_engranaje,0.8000000000
7.8300000000,-0.0082292178,-1.5090677439,falla_engranaje,0.8000000000
7.8305000000,-0.0081826317,-1.5218572506,falla_engranaje,0.8000000000
7.8310000000,-0.0081853475,-1.4920792640,falla_engranaje,0.8000000000
7.8315000000,-0.0082152778,-1.4955621309,falla_engranaje,0.8000000000
7.8320000000,-0.0081929475,-1.5099914985,falla_engranaje,0.8000000000
7.8325000000,-0.0080481202,-1.4963528370,falla_engranaje,0.8000000000
7.8330000000,-0.0081201005,-1.4904464570,falla_engranaje,0.8000000000
7.8335000000,-0.0081380262,-1.5029847575,falla_engranaje,0.8000000000
7.8340000000,-0.0081266420,-1.4916634824,falla_engranaje,0.8000000000
7.8345000000,-0.0081543148,-1.4888517063,falla_engranaje,0.8000000000
7.8350000000,-0.0081162497,-1.4887423482,falla_engranaje,0.8000000000
7.8355000000,-0.0082072727,-1.4996002644,falla_engranaje,0.8000000000
7.8360000000,-0.0082082829,-1.4937799940,falla_engranaje,0.8000000000
7.8365000000,-0.0082020177,-1.4808853876,falla_engranaje,0.8000000000
7.8370000000,-0.0080994099,-1.4713070639,falla_engranaje,0.8000000000
7.8375000000,-0.0080980253,-1.4980456937,falla_engranaje,0.8000000000
7.8380000000,-0.0080167229,-1.4626363955,falla_engranaje,0.8000000000
7.8385000000,-0.0082659026,-1.4798753962,falla_engranaje,0.8000000000
7.8390000000,-0.0081709361,-1.4658226707,falla_engranaje,0.8000000000
7.8395000000,-0.0080137153,-1.4815857440,falla_engranaje,0.8000000000
7.8400000000,-0.0080402947,-1.4657785019,falla_engranaje,0.8000000000
7.8405000000,-0.0082256071,-1.4706219687,falla_engranaje,0.8000000000
7.8410000000,-0.0081304655,-1.4931853293,falla_engranaje,0.8000000000
7.8415000000,-0.0079614586,-1.4641685762,falla_engranaje,0.8000000000
7.8420000000,-0.0080596780,-1.4664565020,falla_engranaje,0.8000000000
7.8425000000,-0.0081033150,-1.4547097510,falla_engranaje,0.8000000000
7.8430000000,-0.0080276203,-1.4731211723,falla_engranaje,0.8000000000
7.8435000000,-0.0080923689,-1.4560302657,falla_engranaje,0.8000000000
7.8440000000,-0.0080400491,-1.4621997979,falla_engranaje,0.8000000000
7.8445000000,-0.0081270988,-1.4467348535,falla_engranaje,0.8000000000
7.8450000000,-0.0080856793,-1.4566446296,falla_engranaje,0.8000000000
7.8455000000,-0.0080547199,-1.4394713574,falla_engranaje,0.8000000000
7.8460000000,-0.0081315979,-1.4398429694,falla_engranaje,0.8000000000
7.8465000000,-0.0080939406,-1.4475547478,falla_engranaje,0.8000000000
7.8470000000,-0.0081085314,-1.4288347406,falla_engranaje,0.8000000000
7.8475000000,-0.0079887883,-1.4324580200,falla_engranaje,0.8000000000
7.8480000000,-0.0080669704,-1.4093815331,falla_engranaje,0.8000000000
7.8485000000,-0.0080585009,-1.4184888756,falla_engranaje,0.8000000000
7.8490000000,-0.0080080164,-1.4314669103,falla_engranaje,0.8000000000
7.8495000000,-0.0079501576,-1.4468450561,falla_engranaje,0.8000000000
7.8500000000,-0.0079409934,-1.4337876687,falla_engranaje,0.8000000000
7.8505000000,-0.0080301183,-1.4304571433,falla_engranaje,0.8000000000
7.8510000000,-0.0080124783,-1.4351495847,falla_engranaje,0.8000000000
7.8515000000,-0.0079951415,-1.4183989650,falla_engranaje,0.8000000000
7.8520000000,-0.0079529967,-1.4037687169,falla_engranaje,0.8000000000
7.8525000000,-0.0080767038,-1.4083876374,falla_engranaje,0.8000000000
7.8530000000,-0.0080479817,-1.4108483455,falla_engranaje,0.8000000000
7.8535000000,-0.0079962884,-1.4159969331,falla_engranaje,0.8000000000
7.8540000000,-0.0079422968,-1.3912248184,falla_engranaje,0.8000000000
7.8545000000,-0.0080028717,-1.3926115766,falla_engranaje,0.8000000000
7.8550000000,-0.0079470430,-1.3881532223,falla_engranaje,0.8000000000
7.8555000000,-0.0079492715,-1.3879218534,falla_engranaje,0.8000000000
7.8560000000,-0.0079491229,-1.3823879554,falla_engranaje,0.8000000000
7.8565000000,-0.0079641245,-1.3787868824,falla_engranaje,0.8000000000
7.8570000000,-0.0079261774,-1.3787532260,falla_engranaje,0.8000000000
7.8575000000,-0.0080333862,-1.3715710680,falla_engranaje,0.8000000000
7.8580000000,-0.0079868233,-1.3906330358,falla_engranaje,0.8000000000
7.8585000000,-0.0079687150,-1.3758430292,falla_engranaje,0.8000000000
7.8590000000,-0.0079518271,-1.3754296690,falla_engranaje,0.8000000000
7.8595000000,-0.0078952661,-1.3665361227,falla_engranaje,0.8000000000
7.8600000000,-0.0079033616,-1.3648514212,falla_engranaje,0.8000000000
7.8605000000,-0.0078403148,-1.3863062451,falla_engranaje,0.8000000000
7.8610000000,-0.0078806977,-1.3548391412,falla_engranaje,0.8000000000
7.8615000000,-0.0078494263,-1.3580426021,falla_engranaje,0.8000000000
7.8620000000,-0.0078216911,-1.3702278129,falla_engranaje,0.8000000000
7.8625000000,-0.0078358615,-1.3697266064,falla_engranaje,0.8000000000
7.8630000000,-0.0078158501,-1.3439532846,falla_engranaje,0.8000000000
7.8635000000,-0.0078121133,-1.3596551541,falla_engranaje,0.8000000000
7.8640000000,-0.0077528980,-1.3541092618,falla_engranaje,0.8000000000
7.8645000000,-0.0078686421,-1.3275308738,falla_engranaje,0.8000000000
7.8650000000,-0.0078248709,-1.3419760180,falla_engranaje,0.8000000000
7.8655000000,-0.0078014073,-1.3320660926,falla_engranaje,0.8000000000
7.8660000000,-0.0077199328,-1.3211181411,falla_engranaje,0.8000000000
7.8665000000,-0.0076900878,-1.3304164342,falla_engranaje,0.8000000000
7.8670000000,-0.0076652294,-1.3262368475,falla_engranaje,0.8000000000
7.8675000000,-0.0076858073,-1.3017271058,falla_engranaje,0.8000000000
7.8680000000,-0.0077537092,-1.3088545548,falla_engranaje,0.8000000000
7.8685000000,-0.0077556628,-1.3032072988,falla_engranaje,0.8000000000
7.8690000000,-0.0077168890,-1.3174330746,falla_engranaje,0.8000000000
7.8695000000,-0.0076527510,-1.3185519739,falla_engranaje,0.8000000000
7.8700000000,-0.0076346349,-1.3293096971,falla_engranaje,0.8000000000
7.8705000000,-0.0077052546,-1.2960173250,falla_engranaje,0.8000000000
7.8710000000,-0.0075107930,-1.2945576005,falla_engranaje,0.8000000000
7.8715000000,-0.0076438861,-1.3047107311,falla_engranaje,0.8000000000
7.8720000000,-0.0077096076,-1.2880714012,falla_engranaje,0.8000000000
7.8725000000,-0.0076288025,-1.2884739896,falla_engranaje,0.8000000000
7.8730000000,-0.0076026579,-1.2823630305,falla_engranaje,0.8000000000
7.8735000000,-0.0074313906,-1.2782839889,falla_engranaje,0.8000000000
7.8740000000,-0.0076570483,-1.2930385769,falla_engranaje,0.8000000000
7.8745000000,-0.0076207156,-1.2914659028,falla_engranaje,0.8000000000
7.8750000000,-0.0075107366,-1.2768429811,falla_engranaje,0.8000000000
7.8755000000,-0.0074699657,-1.2700913685,falla_engranaje,0.8000000000
7.8760000000,-0.0075045451,-1.2767100272,falla_engranaje,0.8000000000
7.8765000000,-0.0075420741,-1.2602461227,falla_engranaje,0.8000000000
7.8770000000,-0.0075197986,-1.2524220063,falla_engranaje,0.8000000000
7.8775000000,-0.0074921596,-1.2498302741,falla_engranaje,0.8000000000
7.8780000000,-0.0074192699,-1.2589638025,falla_engranaje,0.8000000000
7.8785000000,-0.0074670170,-1.2615071957,falla_engranaje,0.8000000000
7.8790000000,-0.0074028374,-1.2387497406,falla_engranaje,0.8000000000
7.8795000000,-0.0074858871,-1.2587828291,falla_engranaje,0.8000000000
7.8800000000,-0.0074813965,-1.2433242080,falla_engranaje,0.8000000000
7.8805000000,-0.0073499071,-1.2597779312,falla_engranaje,0.8000000000
7.8810000000,-0.0073897416,-1.2202745669,falla_engranaje,0.8000000000
7.8815000000,-0.0074146848,-1.2288297461,falla_engranaje,0.8000000000
7.8820000000,-0.0073580868,-1.2174543082,falla_engranaje,0.8000000000
7.8825000000,-0.0073800348,-1.2199146392,falla_engranaje,0.8000000000
7.8830000000,-0.0073467010,-1.2181123338,falla_engranaje,0.8000000000
7.8835000000,-0.0073099718,-1.2083010671,falla_engranaje,0.8000000000
7.8840000000,-0.0073475044,-1.2183757071,falla_engranaje,0.8000000000
7.8845000000,-0.0070941752,-1.2161496704,falla_engranaje,0.8000000000
7.8850000000,-0.0073732442,-1.2098198073,falla_engranaje,0.8000000000
7.8855000000,-0.0072739111,-1.2138815802,falla_engranaje,0.8000000000
7.8860000000,-0.0071841466,-1.1970323333,falla_engranaje,0.8000000000
7.8865000000,-0.0071892406,-1.1803385992,falla_engranaje,0.8000000000
7.8870000000,-0.0071948716,-1.1923283006,falla_engranaje,0.8000000000
7.8875000000,-0.0071890534,-1.1843273613,falla_engranaje,0.8000000000
7.8880000000,-0.0071939818,-1.1870233308,falla_engranaje,0.8000000000
7.8885000000,-0.0070889710,-1.1656790797,falla_engranaje,0.8000000000
7.8890000000,-0.0070414390,-1.1798065337,falla_engranaje,0.8000000000
7.8895000000,-0.0071493846,-1.1664292732,falla_engranaje,0.8000000000
7.8900000000,-0.0069643528,-1.1685063656,falla_engranaje,0.8000000000
7.8905000000,-0.0070559092,-1.1598252296,falla_engranaje,0.8000000000
7.8910000000,-0.0070037615,-1.1350733584,falla_engranaje,0.8000000000
7.8915000000,-0.0070325968,-1.1491515285,falla_engranaje,0.8000000000
7.8920000000,-0.0068825809,-1.1587237205,falla_engranaje,0.8000000000
7.8925000000,-0.0068862819,-1.1389594886,falla_engranaje,0.8000000000
7.8930000000,-0.0069773643,-1.1390303606,falla_engranaje,0.8000000000
7.8935000000,-0.0069337494,-1.1289728146,falla_engranaje,0.8000000000
7.8940000000,-0.0069414121,-1.1398647804,falla_engranaje,0.8000000000
7.8945000000,-0.0069435844,-1.1379044801,falla_engranaje,0.8000000000
7.8950000000,-0.0069619239,-1.1290190849,falla_engranaje,0.8000000000
7.8955000000,-0.0068745819,-1.1354179995,falla_engranaje,0.8000000000
7.8960000000,-0.0068678396,-1.1254133531,falla_engranaje,0.8000000000
7.8965000000,-0.0068017742,-1.1060016743,falla_engranaje,0.8000000000
7.8970000000,-0.0067589746,-1.0966463969,falla_engranaje,0.8000000000
7.8975000000,-0.0066529097,-1.1053824064,falla_engranaje,0.8000000000
7.8980000000,-0.0067796919,-1.0943531728,falla_engranaje,0.8000000000
7.8985000000,-0.0068467153,-1.1077255052,falla_engranaje,0.8000000000
7.8990000000,-0.0066985496,-1.0857227669,falla_engranaje,0.8000000000
7.8995000000,-0.0068032349,-1.0858105508,falla_engranaje,0.8000000000
7.9000000000,-0.0067757589,-1.0835795538,falla_engranaje,0.8000000000
7.9005000000,-0.0067830096,-1.0824047708,falla_engranaje,0.8000000000
7.9010000000,-0.0066171887,-1.0862924288,falla_engranaje,0.8000000000
7.9015000000,-0.0066653265,-1.0711015453,falla_engranaje,0.8000000000
7.9020000000,-0.0066695400,-1.0677860432,falla_engranaje,0.8000000000
7.9025000000,-0.0065837986,-1.0473180247,falla_engranaje,0.8000000000
7.9030000000,-0.0066034851,-1.0487599416,falla_engranaje,0.8000000000
7.9035000000,-0.0065495043,-1.0611782842,falla_engranaje,0.8000000000
7.9040000000,-0.0064961826,-1.0509612735,falla_engranaje,0.8000000000
7.9045000000,-0.0065547497,-1.0477788466,falla_engranaje,0.8000000000
7.9050000000,-0.0064491646,-1.0294122550,falla_engranaje,0.8000000000
7.9055000000,-0.0064395753,-1.0403992325,falla_engranaje,0.8000000000
7.9060000000,-0.0063760264,-1.0596397174,falla_engranaje,0.8000000000
7.9065000000,-0.0064601149,-1.0170639246,falla_engranaje,0.8000000000
7.9070000000,-0.0063489208,-1.0177155191,falla_engranaje,0.8000000000
7.9075000000,-0.0064997554,-1.0236097179,falla_engranaje,0.8000000000
7.9080000000,-0.0063574142,-1.0119455855,falla_engranaje,0.8000000000
7.9085000000,-0.0063795031,-1.0158035254,falla_engranaje,0.8000000000
7.9090000000,-0.0063573646,-1.0135709956,falla_engranaje,0.8000000000
7.9095000000,-0.0063521837,-0.9899594422,falla_engranaje,0.8000000000
7.9100000000,-0.0063221449,-1.0154266699,falla_engranaje,0.8000000000
7.9105000000,-0.0063283016,-0.9857850968,falla_engranaje,0.8000000000
7.9110000000,-0.0062848345,-1.0005318065,falla_engranaje,0.8000000000
7.9115000000,-0.0062148496,-0.9801146380,falla_engranaje,0.8000000000
7.9120000000,-0.0062518792,-0.9763231628,falla_engranaje,0.8000000000
7.9125000000,-0.0062414409,-0.9651283311,falla_engranaje,0.8000000000
7.9130000000,-0.0061952087,-0.9658763144,falla_engranaje,0.8000000000
7.9135000000,-0.0061011398,-0.9664190667,falla_engranaje,0.8000000000
7.9140000000,-0.0061945853,-0.9456822033,falla_engranaje,0.8000000000
7.9145000000,-0.0060559552,-0.9476889084,falla_engranaje,0.8000000000
7.9150000000,-0.0060061054,-0.9646907340,falla_engranaje,0.8000000000
7.9155000000,-0.0059768014,-0.9349831071,falla_engranaje,0.8000000000
7.9160000000,-0.0060372803,-0.9336828951,falla_engranaje,0.8000000000
7.9165000000,-0.0059156479,-0.9379004638,falla_engranaje,0.8000000000
7.9170000000,-0.0060720401,-0.9252795805,falla_engranaje,0.8000000000
7.9175000000,-0.0058094176,-0.9166901446,falla_engranaje,0.8000000000
7.9180000000,-0.0059942983,-0.9184285979,falla_engranaje,0.8000000000
7.9185000000,-0.0059449946,-0.9242285209,falla_engranaje,0.8000000000
7.9190000000,-0.0059790380,-0.9098182226,falla_engranaje,0.8000000000
7.9195000000,-0.0058895642,-0.9011103712,falla_engranaje,0.8000000000
7.9200000000,-0.0057727989,-0.8958514985,falla_engranaje,0.8000000000
7.9205000000,-0.0058312028,-0.9009383282,falla_engranaje,0.8000000000
7.9210000000,-0.0057654890,-0.8805609602,falla_engranaje,0.8000000000
7.9215000000,-0.0058290412,-0.8878701854,falla_engranaje,0.8000000000
7.9220000000,-0.0056362537,-0.8941714346,falla_engranaje,0.8000000000
7.9225000000,-0.0058366854,-0.8744706499,falla_engranaje,0.8000000000
7.9230000000,-0.0056385699,-0.8684638291,falla_engranaje,0.8000000000
7.9235000000,-0.0056648803,-0.8782441442,falla_engranaje,0.8000000000
7.9240000000,-0.0056216941,-0.8683927712,falla_engranaje,0.8000000000
7.9245000000,-0.0056585014,-0.8463659053,falla_engranaje,0.8000000000
7.9250000000,-0.0055567837,-0.8372755429,falla_engranaje,0.8000000000
7.9255000000,-0.0055892885,-0.8618495021,falla_engranaje,0.8000000000
7.9260000000,-0.0056454008,-0.8581902358,falla_engranaje,0.8000000000
7.9265000000,-0.0054635952,-0.8431938139,falla_engranaje,0.8000000000
7.9270000000,-0.0054066770,-0.8391427160,falla_engranaje,0.8000000000
7.9275000000,-0.0054422438,-0.8342393337,falla_engranaje,0.8000000000
7.9280000000,-0.0053862362,-0.8082187039,falla_engranaje,0.8000000000
7.9285000000,-0.0054306114,-0.8202123849,falla_engranaje,0.8000000000
7.9290000000,-0.0053968048,-0.8146869605,falla_engranaje,0.8000000000
7.9295000000,-0.0052089580,-0.7941804662,falla_engranaje,0.8000000000
7.9300000000,-0.0053126469,-0.8038433748,falla_engranaje,0.8000000000
7.9305000000,-0.0053784898,-0.7864953327,falla_engranaje,0.8000000000
7.9310000000,-0.0052480192,-0.8038990301,falla_engranaje,0.8000000000
7.9315000000,-0.0053125835,-0.7972249972,falla_engranaje,0.8000000000
7.9320000000,-0.0052065740,-0.7833814996,falla_engranaje,0.8000000000
7.9325000000,-0.0051747007,-0.7734620178,falla_engranaje,0.8000000000
7.9330000000,-0.0051044520,-0.7739084470,falla_engranaje,0.8000000000
7.9335000000,-0.0051825221,-0.7738436343,falla_engranaje,0.8000000000
7.9340000000,-0.0052378441,-0.7742950069,falla_engranaje,0.8000000000
7.9345000000,-0.0050469117,-0.7497316788,falla_engranaje,0.8000000000
7.9350000000,-0.0050746548,-0.7499837514,falla_engranaje,0.8000000000
7.9355000000,-0.0051136860,-0.7446323251,falla_engranaje,0.8000000000
7.9360000000,-0.0048508704,-0.7284851514,falla_engranaje,0.8000000000
7.9365000000,-0.0049274578,-0.7406247902,falla_engranaje,0.8000000000
7.9370000000,-0.0048569456,-0.7487994981,falla_engranaje,0.8000000000
7.9375000000,-0.0047869270,-0.7300563546,falla_engranaje,0.8000000000
7.9380000000,-0.0048334311,-0.7186442220,falla_engranaje,0.8000000000
7.9385000000,-0.0048578028,-0.7123351306,falla_engranaje,0.8000000000
7.9390000000,-0.0047948409,-0.7144349182,falla_engranaje,0.8000000000
7.9395000000,-0.0047682751,-0.7166018078,falla_engranaje,0.8000000000
7.9400000000,-0.0047354483,-0.7102733093,falla_engranaje,0.8000000000
7.9405000000,-0.0048651302,-0.6959661698,falla_engranaje,0.8000000000
7.9410000000,-0.0046121283,-0.6894911701,falla_engranaje,0.8000000000
7.9415000000,-0.0047309394,-0.6943337230,falla_engranaje,0.8000000000
7.9420000000,-0.0046418531,-0.6744863150,falla_engranaje,0.8000000000
7.9425000000,-0.0047211889,-0.6504490939,falla_engranaje,0.8000000000
7.9430000000,-0.0045404585,-0.6544172260,falla_engranaje,0.8000000000
7.9435000000,-0.0044466452,-0.6496014309,falla_engranaje,0.8000000000
7.9440000000,-0.0045295353,-0.6444156783,falla_engranaje,0.8000000000
7.9445000000,-0.0046727530,-0.6280911942,falla_engranaje,0.8000000000
7.9450000000,-0.0045358325,-0.6378936386,falla_engranaje,0.8000000000
7.9455000000,-0.0044195768,-0.6503545333,falla_engranaje,0.8000000000
7.9460000000,-0.0044919952,-0.6252990010,falla_engranaje,0.8000000000
7.9465000000,-0.0043077026,-0.6316759503,falla_engranaje,0.8000000000
7.9470000000,-0.0043682738,-0.6213783838,falla_engranaje,0.8000000000
7.9475000000,-0.0042797231,-0.6007784128,falla_engranaje,0.8000000000
7.9480000000,-0.0041238637,-0.6179977990,falla_engranaje,0.8000000000
7.9485000000,-0.0042582322,-0.6235917669,falla_engranaje,0.8000000000
7.9490000000,-0.0042848664,-0.5839551432,falla_engranaje,0.8000000000
7.9495000000,-0.0040667678,-0.5951725810,falla_engranaje,0.8000000000
7.9500000000,-0.0041412714,-0.5880322808,falla_engranaje,0.8000000000
7.9505000000,-0.0041783526,-0.5759656399,falla_engranaje,0.8000000000
7.9510000000,-0.0040773475,-0.5774167134,falla_engranaje,0.8000000000
7.9515000000,-0.0039161253,-0.5905809891,falla_engranaje,0.8000000000
7.9520000000,-0.0040430866,-0.5526619354,falla_engranaje,0.8000000000
7.9525000000,-0.0040525860,-0.5760207593,falla_engranaje,0.8000000000
7.9530000000,-0.0040226420,-0.5556523398,falla_engranaje,0.8000000000
7.9535000000,-0.0039157374,-0.5346125474,falla_engranaje,0.8000000000
7.9540000000,-0.0038687958,-0.5459697581,falla_engranaje,0.8000000000
7.9545000000,-0.0037166343,-0.5172807373,falla_engranaje,0.8000000000
7.9550000000,-0.0037989246,-0.5161998244,falla_engranaje,0.8000000000
7.9555000000,-0.0038555765,-0.5347361015,falla_engranaje,0.8000000000
7.9560000000,-0.0036733865,-0.5347145999,falla_engranaje,0.8000000000
7.9565000000,-0.0037970912,-0.5130997985,falla_engranaje,0.8000000000
7.9570000000,-0.0037148807,-0.5102923073,falla_engranaje,0.8000000000
7.9575000000,-0.0037058526,-0.5165583177,falla_engranaje,0.8000000000
7.9580000000,-0.0036686413,-0.4815731733,falla_engranaje,0.8000000000
7.9585000000,-0.0036619996,-0.4976429386,falla_engranaje,0.8000000000
7.9590000000,-0.0036327113,-0.4942966009,falla_engranaje,0.8000000000
7.9595000000,-0.0034022539,-0.4890628422,falla_engranaje,0.8000000000
7.9600000000,-0.0036358421,-0.4709431731,falla_engranaje,0.8000000000
7.9605000000,-0.0035194371,-0.4685848771,falla_engranaje,0.8000000000
7.9610000000,-0.0035865126,-0.4517051905,falla_engranaje,0.8000000000
7.9615000000,-0.0034192914,-0.4605727134,falla_engranaje,0.8000000000
7.9620000000,-0.0033656479,-0.4401757527,falla_engranaje,0.8000000000
7.9625000000,-0.0032715284,-0.4333255307,falla_engranaje,0.8000000000
7.9630000000,-0.0032856265,-0.4385008234,falla_engranaje,0.8000000000
7.9635000000,-0.0032254949,-0.4308302353,falla_engranaje,0.8000000000
7.9640000000,-0.0033400392,-0.4230171092,falla_engranaje,0.8000000000
7.9645000000,-0.0031981906,-0.4188980573,falla_engranaje,0.8000000000
7.9650000000,-0.0031568235,-0.4103015864,falla_engranaje,0.8000000000
7.9655000000,-0.0030350075,-0.4127160705,falla_engranaje,0.8000000000
7.9660000000,-0.0030609100,-0.4157454795,falla_engranaje,0.8000000000
7.9665000000,-0.0030185933,-0.4031512665,falla_engranaje,0.8000000000
7.9670000000,-0.0031039599,-0.3843314299,falla_engranaje,0.8000000000
7.9675000000,-0.0030333662,-0.3916220454,falla_engranaje,0.8000000000
7.9680000000,-0.0030183801,-0.3829738442,falla_engranaje,0.8000000000
7.9685000000,-0.0029783224,-0.3827299833,falla_engranaje,0.8000000000
7.9690000000,-0.0029514285,-0.3530526939,falla_engranaje,0.8000000000
7.9695000000,-0.0029499958,-0.3589330502,falla_engranaje,0.8000000000
7.9700000000,-0.0028296199,-0.3504563063,falla_engranaje,0.8000000000
7.9705000000,-0.0028677739,-0.3580151375,falla_engranaje,0.8000000000
7.9710000000,-0.0029027194,-0.3496294316,falla_engranaje,0.8000000000
7.9715000000,-0.0028202633,-0.3417979596,falla_engranaje,0.8000000000
7.9720000000,-0.0026683036,-0.3471256131,falla_engranaje,0.8000000000
7.9725000000,-0.0026272896,-0.3388109341,falla_engranaje,0.8000000000
7.9730000000,-0.0026519765,-0.3209043946,falla_engranaje,0.8000000000
7.9735000000,-0.0025691158,-0.3094290512,falla_engranaje,0.8000000000
7.9740000000,-0.0026321875,-0.2970768575,falla_engranaje,0.8000000000
7.9745000000,-0.0024415393,-0.3010966020,falla_engranaje,0.8000000000
7.9750000000,-0.0024688179,-0.3097938512,falla_engranaje,0.8000000000
7.9755000000,-0.0025534623,-0.2867967898,falla_engranaje,0.8000000000
7.9760000000,-0.0025145700,-0.2839880960,falla_engranaje,0.8000000000
7.9765000000,-0.0025024081,-0.2716756615,falla_engranaje,0.8000000000
7.9770000000,-0.0022639682,-0.2843099930,falla_engranaje,0.8000000000
7.9775000000,-0.0023216750,-0.2800736876,falla_engranaje,0.8000000000
7.9780000000,-0.0022581336,-0.2665460172,falla_engranaje,0.8000000000
7.9785000000,-0.0023053409,-0.2448285292,falla_engranaje,0.8000000000
7.9790000000,-0.0022030586,-0.2524630522,falla_engranaje,0.8000000000
7.9795000000,-0.0022042742,-0.2454695984,falla_engranaje,0.8000000000
7.9800000000,-0.0022210659,-0.2356649029,falla_engranaje,0.8000000000
7.9805000000,-0.0022167861,-0.2335774061,falla_engranaje,0.8000000000
7.9810000000,-0.0021582925,-0.2403744215,falla_engranaje,0.8000000000
7.9815000000,-0.0020191796,-0.2312876981,falla_engranaje,0.8000000000
7.9820000000,-0.0019952975,-0.2232130978,falla_engranaje,0.8000000000
7.9825000000,-0.0020983422,-0.2027272542,falla_engranaje,0.8000000000
7.9830000000,-0.0019792394,-0.2108670771,falla_engranaje,0.8000000000
7.9835000000,-0.0019134523,-0.2003571494,falla_engranaje,0.8000000000
7.9840000000,-0.0019186331,-0.1775014210,falla_engranaje,0.8000000000
7.9845000000,-0.0018284702,-0.1930179199,falla_engranaje,0.8000000000
7.9850000000,-0.0017751404,-0.1893067128,falla_engranaje,0.8000000000
7.9855000000,-0.0018878150,-0.1815751625,falla_engranaje,0.8000000000
7.9860000000,-0.0018609459,-0.1739195615,falla_engranaje,0.8000000000
7.9865000000,-0.0018643646,-0.1576352013,falla_engranaje,0.8000000000
7.9870000000,-0.0015769379,-0.1359007796,falla_engranaje,0.8000000000
7.9875000000,-0.0017302692,-0.1425384040,falla_engranaje,0.8000000000
7.9880000000,-0.0016236013,-0.1290495883,falla_engranaje,0.8000000000
7.9885000000,-0.0016341167,-0.1313357655,falla_engranaje,0.8000000000
7.9890000000,-0.0015523083,-0.1342441534,falla_engranaje,0.8000000000
7.9895000000,-0.0015278736,-0.1282851202,falla_engranaje,0.8000000000
7.9900000000,-0.0013427105,-0.1301536338,falla_engranaje,0.8000000000
7.9905000000,-0.0014901202,-0.1158658174,falla_engranaje,0.8000000000
7.9910000000,-0.0013572914,-0.1055640826,falla_engranaje,0.8000000000
7.9915000000,-0.0015004320,-0.0987087527,falla_engranaje,0.8000000000
7.9920000000,-0.0013126593,-0.0990482114,falla_engranaje,0.8000000000
7.9925000000,-0.0012741808,-0.0983068613,falla_engranaje,0.8000000000
7.9930000000,-0.0012411012,-0.1023494768,falla_engranaje,0.8000000000
7.9935000000,-0.0012725869,-0.0831741113,falla_engranaje,0.8000000000
7.9940000000,-0.0012221041,-0.0618669751,falla_engranaje,0.8000000000
7.9945000000,-0.0012372223,-0.0728392957,falla_engranaje,0.8000000000
7.9950000000,-0.0012491476,-0.0564694670,falla_engranaje,0.8000000000
7.9955000000,-0.0010810009,-0.0530674933,falla_engranaje,0.8000000000
7.9960000000,-0.0010456264,-0.0537525993,falla_engranaje,0.8000000000
7.9965000000,-0.0010193858,-0.0450924668,falla_engranaje,0.8000000000
7.9970000000,-0.0009715642,-0.0120547782,falla_engranaje,0.8000000000
7.9975000000,-0.0009119227,-0.0390578629,falla_engranaje,0.8000000000
7.9980000000,-0.0009121566,-0.0106889043,falla_engranaje,0.8000000000
7.9985000000,-0.0008117705,-0.0263236199,falla_engranaje,0.8000000000
7.9990000000,-0.0009387850,-0.0249055960,falla_engranaje,0.8000000000
7.9995000000,-0.0008330704,0.0147325403,falla_engranaje,0.8000000000
8.0000000000,-0.0006676610,0.0094790620,falla_engranaje,0.8000000000
8.0005000000,-0.0007483481,-0.0041995380,falla_engranaje,0.8000000000
8.0010000000,-0.0007388486,0.0127683814,falla_engranaje,0.8000000000
8.0015000000,-0.0006166112,0.0119582176,falla_engranaje,0.8000000000
8.0020000000,-0.0006372515,0.0307187951,falla_engranaje,0.8000000000
8.0025000000,-0.0005807874,0.0329180331,falla_engranaje,0.8000000000
8.0030000000,-0.0004726272,0.0523790989,falla_engranaje,0.8000000000
8.0035000000,-0.0006475479,0.0600663869,falla_engranaje,0.8000000000
8.0040000000,-0.0004215356,0.0337204506,falla_engranaje,0.8000000000
8.0045000000,-0.0004574752,0.0487425072,falla_engranaje,0.8000000000
8.0050000000,-0.0003435535,0.0594102922,falla_engranaje,0.8000000000
8.0055000000,-0.0004535430,0.0733325974,falla_engranaje,0.8000000000
8.0060000000,-0.0003742800,0.0760223859,falla_engranaje,0.8000000000
8.0065000000,-0.0003206859,0.0577963243,falla_engranaje,0.8000000000
8.0070000000,-0.0002968204,0.0972713359,falla_engranaje,0.8000000000
8.0075000000,-0.0003655249,0.0892740077,falla_engranaje,0.8000000000
8.0080000000,-0.0000981083,0.0978880450,falla_engranaje,0.8000000000
8.0085000000,-0.0001860744,0.1142130376,falla_engranaje,0.8000000000
8.0090000000,-0.0000979875,0.0977523731,falla_engranaje,0.8000000000
8.0095000000,0.0000019278,0.1059209980,falla_engranaje,0.8000000000
8.0100000000,-0.0001688131,0.1134544248,falla_engranaje,0.8000000000
8.0105000000,-0.0000183301,0.1256901250,falla_engranaje,0.8000000000
8.0110000000,-0.0000025858,0.1342611209,falla_engranaje,0.8000000000
8.0115000000,0.0000637517,0.1435405828,falla_engranaje,0.8000000000
8.0120000000,0.0001211965,0.1299352090,falla_engranaje,0.8000000000
8.0125000000,0.0000142460,0.1396738207,falla_engranaje,0.8000000000
8.0130000000,0.0001090968,0.1450050255,falla_engranaje,0.8000000000
8.0135000000,0.0001032753,0.1768305988,falla_engranaje,0.8000000000
8.0140000000,0.0001889652,0.1530329506,falla_engranaje,0.8000000000
8.0145000000,0.0002317455,0.1803253947,falla_engranaje,0.8000000000
8.0150000000,0.0003158534,0.1725252703,falla_engranaje,0.8000000000
8.0155000000,0.0003581256,0.1882136282,falla_engranaje,0.8000000000
8.0160000000,0.0003986198,0.1834649498,falla_engranaje,0.8000000000
8.0165000000,0.0005194185,0.2090889578,falla_engranaje,0.8000000000
8.0170000000,0.0004581892,0.2002597303,falla_engranaje,0.8000000000
8.0175000000,0.0004620195,0.2114710072,falla_engranaje,0.8000000000
8.0180000000,0.0004449790,0.2136730933,falla_engranaje,0.8000000000
8.0185000000,0.0004263599,0.2174289368,falla_engranaje,0.8000000000
8.0190000000,0.0003592001,0.2329226200,falla_engranaje,0.8000000000
8.0195000000,0.0007045779,0.2367916639,falla_engranaje,0.8000000000
8.0200000000,0.0006006387,0.2404342527,falla_engranaje,0.8000000000
8.0205000000,0.0006878702,0.2511688428,falla_engranaje,0.8000000000
8.0210000000,0.0006715649,0.2438196304,falla_engranaje,0.8000000000
8.0215000000,0.0007262675,0.2677363678,falla_engranaje,0.8000000000
8.0220000000,0.0008795935,0.2538305955,falla_engranaje,0.8000000000
8.0225000000,0.0009147182,0.2608763008,falla_engranaje,0.8000000000
8.0230000000,0.0007769335,0.2635894514,falla_engranaje,0.8000000000
8.0235000000,0.0007873439,0.2866536269,falla_engranaje,0.8000000000
8.0240000000,0.0009626371,0.2774547916,falla_engranaje,0.8000000000
8.0245000000,0.0010194200,0.2844613005,falla_engranaje,0.8000000000
8.0250000000,0.0010843198,0.2873902970,falla_engranaje,0.8000000000
8.0255000000,0.0011078615,0.2973391476,falla_engranaje,0.8000000000
8.0260000000,0.0010864197,0.3126216494,falla_engranaje,0.8000000000
8.0265000000,0.0011104792,0.3073127377,falla_engranaje,0.8000000000
8.0270000000,0.0012333321,0.3037739067,falla_engranaje,0.8000000000
8.0275000000,0.0012293742,0.3252196270,falla_engranaje,0.8000000000
8.0280000000,0.0011063477,0.3367804463,falla_engranaje,0.8000000000
8.0285000000,0.0013200757,0.3338785424,falla_engranaje,0.8000000000
8.0290000000,0.0012126275,0.3398297737,falla_engranaje,0.8000000000
8.0295000000,0.0014010766,0.3586151438,falla_engranaje,0.8000000000
8.0300000000,0.0014588745,0.3753864192,falla_engranaje,0.8000000000
8.0305000000,0.0014228732,0.3709712853,falla_engranaje,0.8000000000
8.0310000000,0.0014000897,0.3678950593,falla_engranaje,0.8000000000
8.0315000000,0.0014647792,0.3738187923,falla_engranaje,0.8000000000
8.0320000000,0.0014927730,0.3873601964,falla_engranaje,0.8000000000
8.0325000000,0.0016109423,0.3949943622,falla_engranaje,0.8000000000
8.0330000000,0.0016157849,0.3946262152,falla_engranaje,0.8000000000
8.0335000000,0.0016233367,0.3800973070,falla_engranaje,0.8000000000
8.0340000000,0.0016539731,0.4029980215,falla_engranaje,0.8000000000
8.0345000000,0.0017002122,0.4114846280,falla_engranaje,0.8000000000
8.0350000000,0.0016805098,0.3923618956,falla_engranaje,0.8000000000
8.0355000000,0.0016735406,0.4165768453,falla_engranaje,0.8000000000
8.0360000000,0.0018424016,0.4387379944,falla_engranaje,0.8000000000
8.0365000000,0.0018767503,0.4420433684,falla_engranaje,0.8000000000
8.0370000000,0.0018050202,0.4456363383,falla_engranaje,0.8000000000
8.0375000000,0.0018424496,0.4354724125,falla_engranaje,0.8000000000
8.0380000000,0.0018943218,0.4520641095,falla_engranaje,0.8000000000
8.0385000000,0.0019511930,0.4566362879,falla_engranaje,0.8000000000
8.0390000000,0.0019627804,0.4668352958,falla_engranaje,0.8000000000
8.0395000000,0.0021258139,0.4591393702,falla_engranaje,0.8000000000
8.0400000000,0.0020146559,0.4835265333,falla_engranaje,0.8000000000
8.0405000000,0.0022172196,0.4861349918,falla_engranaje,0.8000000000
8.0410000000,0.0021797229,0.4841338492,falla_engranaje,0.8000000000
8.0415000000,0.0022178326,0.4730704932,falla_engranaje,0.8000000000
8.0420000000,0.0022909990,0.4965583844,falla_engranaje,0.8000000000
8.0425000000,0.0022554633,0.5079749011,falla_engranaje,0.8000000000
8.0430000000,0.0024471487,0.5257543324,falla_engranaje,0.8000000000
8.0435000000,0.0023954693,0.4998697843,falla_engranaje,0.8000000000
8.0440000000,0.0023667028,0.5197973544,falla_engranaje,0.8000000000
8.0445000000,0.0024892823,0.5330131389,falla_engranaje,0.8000000000
8.0450000000,0.0023743263,0.5406541283,falla_engranaje,0.8000000000
8.0455000000,0.0025504911,0.5310082486,falla_engranaje,0.8000000000
8.0460000000,0.0025139909,0.5435287012,falla_engranaje,0.8000000000
8.0465000000,0.0025559519,0.5441567407,falla_engranaje,0.8000000000
8.0470000000,0.0025861579,0.5710255527,falla_engranaje,0.8000000000
8.0475000000,0.0026442445,0.5542934940,falla_engranaje,0.8000000000
8.0480000000,0.0026185550,0.5620940739,falla_engranaje,0.8000000000
8.0485000000,0.0027083495,0.5617760418,falla_engranaje,0.8000000000
8.0490000000,0.0027964494,0.5887891831,falla_engranaje,0.8000000000
8.0495000000,0.0027215443,0.5631493904,falla_engranaje,0.8000000000
8.0500000000,0.0027465033,0.5923721300,falla_engranaje,0.8000000000
8.0505000000,0.0027719868,0.5902064486,falla_engranaje,0.8000000000
8.0510000000,0.0028552992,0.5914787285,falla_engranaje,0.8000000000
8.0515000000,0.0028510376,0.6203798498,falla_engranaje,0.8000000000
8.0520000000,0.0028788909,0.6015936586,falla_engranaje,0.8000000000
8.0525000000,0.0029554897,0.6069076271,falla_engranaje,0.8000000000
8.0530000000,0.0029616058,0.6236329932,falla_engranaje,0.8000000000
8.0535000000,0.0029250999,0.6403779032,falla_engranaje,0.8000000000
8.0540000000,0.0029502684,0.6410164247,falla_engranaje,0.8000000000
8.0545000000,0.0031091079,0.6461358931,falla_engranaje,0.8000000000
8.0550000000,0.0031607209,0.6429254867,falla_engranaje,0.8000000000
8.0555000000,0.0031038655,0.6466133659,falla_engranaje,0.8000000000
8.0560000000,0.0030949006,0.6378455684,falla_engranaje,0.8000000000
8.0565000000,0.0032484115,0.6576078821,falla_engranaje,0.8000000000
8.0570000000,0.0034272986,0.6759776680,falla_engranaje,0.8000000000
8.0575000000,0.0032642865,0.6865277620,falla_engranaje,0.8000000000
8.0580000000,0.0032705923,0.6702684770,falla_engranaje,0.8000000000
8.0585000000,0.0032646795,0.6659526230,falla_engranaje,0.8000000000
8.0590000000,0.0034098908,0.6997330093,falla_engranaje,0.8000000000
8.0595000000,0.0033649772,0.6935795445,falla_engranaje,0.8000000000
8.0600000000,0.0035368179,0.6940233450,falla_engranaje,0.8000000000
8.0605000000,0.0034424453,0.7007247405,falla_engranaje,0.8000000000
8.0610000000,0.0034162308,0.6911936245,falla_engranaje,0.8000000000
8.0615000000,0.0034711443,0.7045962167,falla_engranaje,0.8000000000
8.0620000000,0.0035784621,0.7164965085,falla_engranaje,0.8000000000
8.0625000000,0.0035639915,0.7289183243,falla_engranaje,0.8000000000
8.0630000000,0.0034756836,0.7312512522,falla_engranaje,0.8000000000
8.0635000000,0.0038108817,0.7592237836,falla_engranaje,0.8000000000
8.0640000000,0.0038446164,0.7420200267,falla_engranaje,0.8000000000
8.0645000000,0.0037426658,0.7380626844,falla_engranaje,0.8000000000
8.0650000000,0.0038972691,0.7310363453,falla_engranaje,0.8000000000
8.0655000000,0.0038088812,0.7591644910,falla_engranaje,0.8000000000
8.0660000000,0.0039465640,0.7318412994,falla_engranaje,0.8000000000
8.0665000000,0.0038549898,0.7724270113,falla_engranaje,0.8000000000
8.0670000000,0.0038502124,0.7616132486,falla_engranaje,0.8000000000
8.0675000000,0.0038985937,0.7757064395,falla_engranaje,0.8000000000
8.0680000000,0.0040239574,0.7858759047,falla_engranaje,0.8000000000
8.0685000000,0.0040267650,0.7769818218,falla_engranaje,0.8000000000
8.0690000000,0.0040810783,0.8112497178,falla_engranaje,0.8000000000
8.0695000000,0.0041049109,0.7983729792,falla_engranaje,0.8000000000
8.0700000000,0.0041524638,0.8035026030,falla_engranaje,0.8000000000
8.0705000000,0.0042580697,0.8065676469,falla_engranaje,0.8000000000
8.0710000000,0.0041704045,0.8058583395,falla_engranaje,0.8000000000
8.0715000000,0.0041571494,0.8128883177,falla_engranaje,0.8000000000
8.0720000000,0.0042619864,0.8250000814,falla_engranaje,0.8000000000
8.0725000000,0.0043016830,0.8404696511,falla_engranaje,0.8000000000
8.0730000000,0.0043727261,0.8256398015,falla_engranaje,0.8000000000
8.0735000000,0.0043046323,0.8266521773,falla_engranaje,0.8000000000
8.0740000000,0.0043938962,0.8550594920,falla_engranaje,0.8000000000
8.0745000000,0.0043963312,0.8300290295,falla_engranaje,0.8000000000
8.0750000000,0.0043822900,0.8646782499,falla_engranaje,0.8000000000
8.0755000000,0.0043842426,0.8728681853,falla_engranaje,0.8000000000
8.0760000000,0.0044746650,0.8522962764,falla_engranaje,0.8000000000
8.0765000000,0.0044909442,0.8675431981,falla_engranaje,0.8000000000
8.0770000000,0.0045331524,0.8806403463,falla_engranaje,0.8000000000
8.0775000000,0.0045660037,0.8766413166,falla_engranaje,0.8000000000
8.0780000000,0.0046282919,0.8802854902,falla_engranaje,0.8000000000
8.0785000000,0.0046616190,0.8800224406,falla_engranaje,0.8000000000
8.0790000000,0.0047031337,0.8970241477,falla_engranaje,0.8000000000
8.0795000000,0.0047820050,0.8909996651,falla_engranaje,0.8000000000
8.0800000000,0.0048263314,0.8954597837,falla_engranaje,0.8000000000
8.0805000000,0.0047591142,0.9089543858,falla_engranaje,0.8000000000
8.0810000000,0.0046520123,0.9262601981,falla_engranaje,0.8000000000
8.0815000000,0.0046249102,0.9147046144,falla_engranaje,0.8000000000
8.0820000000,0.0048062978,0.9149711735,falla_engranaje,0.8000000000
8.0825000000,0.0049055300,0.9395389838,falla_engranaje,0.8000000000
8.0830000000,0.0047271366,0.9220961752,falla_engranaje,0.8000000000
8.0835000000,0.0049410412,0.9447749091,falla_engranaje,0.8000000000
8.0840000000,0.0050709649,0.9318485259,falla_engranaje,0.8000000000
8.0845000000,0.0049406944,0.9544908152,falla_engranaje,0.8000000000
8.0850000000,0.0049670294,0.9647612805,falla_engranaje,0.8000000000
8.0855000000,0.0050837964,0.9476670655,falla_engranaje,0.8000000000
8.0860000000,0.0049580504,0.9578376206,falla_engranaje,0.8000000000
8.0865000000,0.0051212959,0.9805726335,falla_engranaje,0.8000000000
8.0870000000,0.0050382920,0.9517893292,falla_engranaje,0.8000000000
8.0875000000,0.0052657586,0.9782919757,falla_engranaje,0.8000000000
8.0880000000,0.0051765573,0.9626179639,falla_engranaje,0.8000000000
8.0885000000,0.0051005246,0.9725640534,falla_engranaje,0.8000000000
8.0890000000,0.0052310204,0.9935126362,falla_engranaje,0.8000000000
8.0895000000,0.0051224249,0.9971479697,falla_engranaje,0.8000000000
8.0900000000,0.0052569870,0.9974916019,falla_engranaje,0.8000000000
8.0905000000,0.0054143639,0.9774069244,falla_engranaje,0.8000000000
8.0910000000,0.0054189699,0.9963025755,falla_engranaje,0.8000000000
8.0915000000,0.0053844946,1.0114414515,falla_engranaje,0.8000000000
8.0920000000,0.0053766130,1.0158547544,falla_engranaje,0.8000000000
8.0925000000,0.0053785784,1.0070221828,falla_engranaje,0.8000000000
8.0930000000,0.0054637347,1.0400985898,falla_engranaje,0.8000000000
8.0935000000,0.0055120893,1.0280521090,falla_engranaje,0.8000000000
8.0940000000,0.0056636336,1.0164118004,falla_engranaje,0.8000000000
8.0945000000,0.0056650647,1.0366073528,falla_engranaje,0.8000000000
8.0950000000,0.0055576205,1.0468026485,falla_engranaje,0.8000000000
8.0955000000,0.0056894790,1.0376824296,falla_engranaje,0.8000000000
8.0960000000,0.0056784001,1.0471682231,falla_engranaje,0.8000000000
8.0965000000,0.0055922036,1.0267698439,falla_engranaje,0.8000000000
8.0970000000,0.0057363084,1.0523453976,falla_engranaje,0.8000000000
8.0975000000,0.0059283108,1.0669631146,falla_engranaje,0.8000000000
8.0980000000,0.0056765667,1.0756272738,falla_engranaje,0.8000000000
8.0985000000,0.0056198427,1.0588763737,falla_engranaje,0.8000000000
8.0990000000,0.0057914841,1.0664522342,falla_engranaje,0.8000000000
8.0995000000,0.0058235412,1.0696220555,falla_engranaje,0.8000000000
8.1000000000,0.0057525085,1.0884769127,falla_engranaje,0.8000000000
8.1005000000,0.0058692453,1.0900056135,falla_engranaje,0.8000000000
8.1010000000,0.0058501854,1.0824254064,falla_engranaje,0.8000000000
8.1015000000,0.0058418574,1.1044094621,falla_engranaje,0.8000000000
8.1020000000,0.0060906639,1.1001949417,falla_engranaje,0.8000000000
8.1025000000,0.0060577812,1.1010461430,falla_engranaje,0.8000000000
8.1030000000,0.0060017905,1.0948129155,falla_engranaje,0.8000000000
8.1035000000,0.0059850729,1.1022135564,falla_engranaje,0.8000000000
8.1040000000,0.0060419951,1.1358367294,falla_engranaje,0.8000000000
8.1045000000,0.0060798830,1.1263729543,falla_engranaje,0.8000000000
8.1050000000,0.0060312506,1.1337033387,falla_engranaje,0.8000000000
8.1055000000,0.0060433617,1.1575136277,falla_engranaje,0.8000000000
8.1060000000,0.0061900943,1.1388174184,falla_engranaje,0.8000000000
8.1065000000,0.0062054309,1.1510921596,falla_engranaje,0.8000000000
8.1070000000,0.0062918693,1.1366585313,falla_engranaje,0.8000000000
8.1075000000,0.0062321800,1.1485379222,falla_engranaje,0.8000000000
8.1080000000,0.0062613597,1.1552225384,falla_engranaje,0.8000000000
8.1085000000,0.0061332968,1.1614503313,falla_engranaje,0.8000000000
8.1090000000,0.0061836150,1.1631539451,falla_engranaje,0.8000000000
8.1095000000,0.0062587401,1.1680312192,falla_engranaje,0.8000000000
8.1100000000,0.0062913628,1.1706618513,falla_engranaje,0.8000000000
8.1105000000,0.0063160719,1.1637842508,falla_engranaje,0.8000000000
8.1110000000,0.0062844673,1.1845630807,falla_engranaje,0.8000000000
8.1115000000,0.0064484222,1.2006990781,falla_engranaje,0.8000000000
8.1120000000,0.0064564131,1.1800218430,falla_engranaje,0.8000000000
8.1125000000,0.0064551959,1.1835863699,falla_engranaje,0.8000000000
8.1130000000,0.0063957558,1.1905018638,falla_engranaje,0.8000000000
8.1135000000,0.0064944998,1.1962817347,falla_engranaje,0.8000000000
8.1140000000,0.0065557883,1.1833190304,falla_engranaje,0.8000000000
8.1145000000,0.0065045058,1.2008114853,falla_engranaje,0.8000000000
8.1150000000,0.0066490724,1.1889278997,falla_engranaje,0.8000000000
8.1155000000,0.0066465242,1.2258200444,falla_engranaje,0.8000000000
8.1160000000,0.0065522630,1.2128695197,falla_engranaje,0.8000000000
8.1165000000,0.0066104019,1.2039568004,falla_engranaje,0.8000000000
8.1170000000,0.0067075650,1.2079275924,falla_engranaje,0.8000000000
8.1175000000,0.0066926251,1.2192625776,falla_engranaje,0.8000000000
8.1180000000,0.0067397036,1.2339107865,falla_engranaje,0.8000000000
8.1185000000,0.0066109960,1.2426049073,falla_engranaje,0.8000000000
8.1190000000,0.0067249975,1.2446406139,falla_engranaje,0.8000000000
8.1195000000,0.0067470082,1.2490085214,falla_engranaje,0.8000000000
8.1200000000,0.0067511162,1.2410827869,falla_engranaje,0.8000000000
8.1205000000,0.0067926543,1.2335684027,falla_engranaje,0.8000000000
8.1210000000,0.0067721460,1.2402187383,falla_engranaje,0.8000000000
8.1215000000,0.0068377164,1.2541818233,falla_engranaje,0.8000000000
8.1220000000,0.0068270076,1.2762267868,falla_engranaje,0.8000000000
8.1225000000,0.0070223035,1.2518360685,falla_engranaje,0.8000000000
8.1230000000,0.0069026382,1.2629189073,falla_engranaje,0.8000000000
8.1235000000,0.0069149832,1.2526448857,falla_engranaje,0.8000000000
8.1240000000,0.0070380279,1.2843342933,falla_engranaje,0.8000000000
8.1245000000,0.0070546342,1.2818405327,falla_engranaje,0.8000000000
8.1250000000,0.0069753660,1.2745603337,falla_engranaje,0.8000000000
8.1255000000,0.0069235361,1.2838386123,falla_engranaje,0.8000000000
8.1260000000,0.0070021341,1.2699389415,falla_engranaje,0.8000000000
8.1265000000,0.0070070601,1.3011995890,falla_engranaje,0.8000000000
8.1270000000,0.0072037299,1.2982306854,falla_engranaje,0.8000000000
8.1275000000,0.0071910114,1.2820092480,falla_engranaje,0.8000000000
8.1280000000,0.0071719313,1.2974918687,falla_engranaje,0.8000000000
8.1285000000,0.0070010540,1.3039620191,falla_engranaje,0.8000000000
8.1290000000,0.0071214489,1.3073762285,falla_engranaje,0.8000000000
8.1295000000,0.0071680510,1.2942065770,falla_engranaje,0.8000000000
8.1300000000,0.0071624449,1.3106899927,falla_engranaje,0.8000000000
8.1305000000,0.0070443054,1.3153938524,falla_engranaje,0.8000000000
8.1310000000,0.0071822766,1.3192011073,falla_engranaje,0.8000000000
8.1315000000,0.0073660865,1.3129632718,falla_engranaje,0.8000000000
8.1320000000,0.0071536457,1.3253357724,falla_engranaje,0.8000000000
8.1325000000,0.0073153512,1.3303496388,falla_engranaje,0.8000000000
8.1330000000,0.0072583225,1.3378229076,falla_engranaje,0.8000000000
8.1335000000,0.0074057880,1.3428896678,falla_engranaje,0.8000000000
8.1340000000,0.0072740838,1.3328388742,falla_engranaje,0.8000000000
8.1345000000,0.0074470891,1.3548186982,falla_engranaje,0.8000000000
8.1350000000,0.0072275310,1.3430267032,falla_engranaje,0.8000000000
8.1355000000,0.0073888478,1.3561678119,falla_engranaje,0.8000000000
8.1360000000,0.0074059256,1.3471499932,falla_engranaje,0.8000000000
8.1365000000,0.0073689390,1.3551458527,falla_engranaje,0.8000000000
8.1370000000,0.0074534697,1.3596538487,falla_engranaje,0.8000000000
8.1375000000,0.0074097675,1.3668422699,falla_engranaje,0.8000000000
8.1380000000,0.0073941286,1.3753021395,falla_engranaje,0.8000000000
8.1385000000,0.0074979471,1.3736299902,falla_engranaje,0.8000000000
8.1390000000,0.0073809893,1.3684599639,falla_engranaje,0.8000000000
8.1395000000,0.0075221648,1.3664966142,falla_engranaje,0.8000000000
8.1400000000,0.0075805812,1.3767146874,falla_engranaje,0.8000000000
8.1405000000,0.0074753355,1.3635656155,falla_engranaje,0.8000000000
8.1410000000,0.0075806472,1.3780616620,falla_engranaje,0.8000000000
8.1415000000,0.0075404108,1.3867308963,falla_engranaje,0.8000000000
8.1420000000,0.0076428351,1.3885673536,falla_engranaje,0.8000000000
8.1425000000,0.0076016390,1.3860669544,falla_engranaje,0.8000000000
8.1430000000,0.0076235164,1.3876844907,falla_engranaje,0.8000000000
8.1435000000,0.0075756692,1.3862889843,falla_engranaje,0.8000000000
8.1440000000,0.0076649693,1.3992520109,falla_engranaje,0.8000000000
8.1445000000,0.0078224628,1.3926656551,falla_engranaje,0.8000000000
8.1450000000,0.0077354523,1.3803252433,falla_engranaje,0.8000000000
8.1455000000,0.0076953576,1.4021854543,falla_engranaje,0.8000000000
8.1460000000,0.0076213203,1.4050834983,falla_engranaje,0.8000000000
8.1465000000,0.0076936897,1.4009635834,falla_engranaje,0.8000000000
8.1470000000,0.0078213697,1.4110094478,falla_engranaje,0.8000000000
8.1475000000,0.0078568705,1.3967872987,falla_engranaje,0.8000000000
8.1480000000,0.0078338316,1.4086807186,falla_engranaje,0.8000000000
8.1485000000,0.0077195646,1.4247395408,falla_engranaje,0.8000000000
8.1490000000,0.0078576204,1.4361736141,falla_engranaje,0.8000000000
8.1495000000,0.0076985792,1.4141486899,falla_engranaje,0.8000000000
8.1500000000,0.0077374779,1.4269492903,falla_engranaje,0.8000000000
8.1505000000,0.0077645506,1.4165921022,falla_engranaje,0.8000000000
8.1510000000,0.0078263784,1.4307856048,falla_engranaje,0.8000000000
8.1515000000,0.0078947726,1.4158912719,falla_engranaje,0.8000000000
8.1520000000,0.0077472376,1.4340347856,falla_engranaje,0.8000000000
8.1525000000,0.0078678404,1.4446523143,falla_engranaje,0.8000000000
8.1530000000,0.0078319430,1.4443887390,falla_engranaje,0.8000000000
8.1535000000,0.0078645008,1.4478977733,falla_engranaje,0.8000000000
8.1540000000,0.0078305186,1.4430479304,falla_engranaje,0.8000000000
8.1545000000,0.0079590590,1.4468935123,falla_engranaje,0.8000000000
8.1550000000,0.0079506601,1.4689558374,falla_engranaje,0.8000000000
8.1555000000,0.0079288005,1.4418512245,falla_engranaje,0.8000000000
8.1560000000,0.0080402789,1.4475922488,falla_engranaje,0.8000000000
8.1565000000,0.0080126283,1.4630885250,falla_engranaje,0.8000000000
8.1570000000,0.0081226850,1.4542194313,falla_engranaje,0.8000000000
8.1575000000,0.0080283457,1.4481533641,falla_engranaje,0.8000000000
8.1580000000,0.0080873988,1.4529964197,falla_engranaje,0.8000000000
8.1585000000,0.0080332969,1.4610786430,falla_engranaje,0.8000000000
8.1590000000,0.0080772808,1.4467769870,falla_engranaje,0.8000000000
8.1595000000,0.0080141853,1.4770459647,falla_engranaje,0.8000000000
8.1600000000,0.0081639046,1.4775884462,falla_engranaje,0.8000000000
8.1605000000,0.0080470679,1.4785605478,falla_engranaje,0.8000000000
8.1610000000,0.0080815844,1.4600595435,falla_engranaje,0.8000000000
8.1615000000,0.0081501419,1.4824925571,falla_engranaje,0.8000000000
8.1620000000,0.0080031172,1.4721632709,falla_engranaje,0.8000000000
8.1625000000,0.0081362144,1.4667708710,falla_engranaje,0.8000000000
8.1630000000,0.0081690096,1.4756840239,falla_engranaje,0.8000000000
8.1635000000,0.0080779788,1.4824198184,falla_engranaje,0.8000000000
8.1640000000,0.0082442252,1.4969287358,falla_engranaje,0.8000000000
8.1645000000,0.0080983233,1.4918749608,falla_engranaje,0.8000000000
8.1650000000,0.0081561383,1.4991597069,falla_engranaje,0.8000000000
8.1655000000,0.0081875075,1.4833163643,falla_engranaje,0.8000000000
8.1660000000,0.0082029138,1.4964842257,falla_engranaje,0.8000000000
8.1665000000,0.0081634019,1.4756174994,falla_engranaje,0.8000000000
8.1670000000,0.0082662319,1.4955506886,falla_engranaje,0.8000000000
8.1675000000,0.0081682672,1.4980756059,falla_engranaje,0.8000000000
8.1680000000,0.0081385731,1.4945071549,falla_engranaje,0.8000000000
8.1685000000,0.0082594942,1.5057290220,falla_engranaje,0.8000000000
8.1690000000,0.0083168491,1.5026885446,falla_engranaje,0.8000000000
8.1695000000,0.0081551536,1.4919037484,falla_engranaje,0.8000000000
8.1700000000,0.0082770983,1.5251135576,falla_engranaje,0.8000000000
8.1705000000,0.0082175411,1.5101385751,falla_engranaje,0.8000000000
8.1710000000,0.0084130955,1.4975774924,falla_engranaje,0.8000000000
8.1715000000,0.0082004613,1.5200772960,falla_engranaje,0.8000000000
8.1720000000,0.0082491057,1.5288848334,falla_engranaje,0.8000000000
8.1725000000,0.0083993586,1.5115430809,falla_engranaje,0.8000000000
8.1730000000,0.0083846760,1.5112832488,falla_engranaje,0.8000000000
8.1735000000,0.0082871758,1.5176950409,falla_engranaje,0.8000000000
8.1740000000,0.0083573996,1.5353377316,falla_engranaje,0.8000000000
8.1745000000,0.0082957990,1.5193418837,falla_engranaje,0.8000000000
8.1750000000,0.0083171213,1.5213358651,falla_engranaje,0.8000000000
8.1755000000,0.0083489126,1.5240167231,falla_engranaje,0.8000000000
8.1760000000,0.0082980745,1.5185677933,falla_engranaje,0.8000000000
8.1765000000,0.0084107754,1.5460848094,falla_engranaje,0.8000000000
8.1770000000,0.0083217983,1.5297720886,falla_engranaje,0.8000000000
8.1775000000,0.0083257272,1.5154424199,falla_engranaje,0.8000000000
8.1780000000,0.0083342127,1.5258642810,falla_engranaje,0.8000000000
8.1785000000,0.0083774671,1.5254350424,falla_engranaje,0.8000000000
8.1790000000,0.0084145921,1.5012658238,falla_engranaje,0.8000000000
8.1795000000,0.0084920285,1.5437432868,falla_engranaje,0.8000000000
8.1800000000,0.0083677471,1.5479257218,falla_engranaje,0.8000000000
8.1805000000,0.0083112539,1.5609555071,falla_engranaje,0.8000000000
8.1810000000,0.0084556092,1.5348056031,falla_engranaje,0.8000000000
8.1815000000,0.0083877614,1.5378108469,falla_engranaje,0.8000000000
8.1820000000,0.0083484522,1.5577658918,falla_engranaje,0.8000000000
8.1825000000,0.0082960571,1.5435969186,falla_engranaje,0.8000000000
8.1830000000,0.0083017675,1.5437959588,falla_engranaje,0.8000000000
8.1835000000,0.0085776437,1.5377719802,falla_engranaje,0.8000000000
8.1840000000,0.0084020270,1.5525202552,falla_engranaje,0.8000000000
8.1845000000,0.0084119906,1.5555478764,falla_engranaje,0.8000000000
8.1850000000,0.0084760417,1.5619719855,falla_engranaje,0.8000000000
8.1855000000,0.0083207516,1.5615511644,falla_engranaje,0.8000000000
8.1860000000,0.0083026798,1.5655869631,falla_engranaje,0.8000000000
8.1865000000,0.0084874803,1.5433669310,falla_engranaje,0.8000000000
8.1870000000,0.0083544392,1.5516993006,falla_engranaje,0.8000000000
8.1875000000,0.0083798986,1.5808790101,falla_engranaje,0.8000000000
8.1880000000,0.0085058213,1.5578271654,falla_engranaje,0.8000000000
8.1885000000,0.0084910742,1.5217991746,falla_engranaje,0.8000000000
8.1890000000,0.0084436561,1.5421290241,falla_engranaje,0.8000000000
8.1895000000,0.0083504096,1.5564310526,falla_engranaje,0.8000000000
8.1900000000,0.0084350973,1.5559751903,falla_engranaje,0.8000000000
8.1905000000,0.0083470352,1.5700615230,falla_engranaje,0.8000000000
8.1910000000,0.0083572962,1.5703191820,falla_engranaje,0.8000000000
8.1915000000,0.0084457029,1.5584474454,falla_engranaje,0.8000000000
8.1920000000,0.0083925316,1.5609768337,falla_engranaje,0.8000000000
8.1925000000,0.0084512068,1.5475038575,falla_engranaje,0.8000000000
8.1930000000,0.0084494937,1.5592556107,falla_engranaje,0.8000000000
8.1935000000,0.0083234996,1.5671592384,falla_engranaje,0.8000000000
8.1940000000,0.0084419537,1.5665072748,falla_engranaje,0.8000000000
8.1945000000,0.0083920661,1.5703462708,falla_engranaje,0.8000000000
8.1950000000,0.0085272100,1.5650863527,falla_engranaje,0.8000000000
8.1955000000,0.0083852578,1.5762894781,falla_engranaje,0.8000000000
8.1960000000,0.0085234789,1.5622136633,falla_engranaje,0.8000000000
8.1965000000,0.0085400141,1.5784774177,falla_engranaje,0.8000000000
8.1970000000,0.0084493008,1.5743859051,falla_engranaje,0.8000000000
8.1975000000,0.0085168056,1.5523000060,falla_engranaje,0.8000000000
8.1980000000,0.0085013656,1.5639369528,falla_engranaje,0.8000000000
8.1985000000,0.0084143408,1.5690033943,falla_engranaje,0.8000000000
8.1990000000,0.0085630486,1.5614449924,falla_engranaje,0.8000000000
8.1995000000,0.0083489584,1.5826581972,falla_engranaje,0.8000000000
8.2000000000,0.0084182089,1.5759694035,falla_engranaje,0.8000000000
8.2005000000,0.0084624989,1.5648491765,falla_engranaje,0.8000000000
8.2010000000,0.0085314227,1.5771500632,falla_engranaje,0.8000000000
8.2015000000,0.0084958116,1.5905343111,falla_engranaje,0.8000000000
8.2020000000,0.0083438238,1.5652324363,falla_engranaje,0.8000000000
8.2025000000,0.0084142675,1.5801642399,falla_engranaje,0.8000000000
8.2030000000,0.0082388093,1.5848337563,falla_engranaje,0.8000000000
8.2035000000,0.0083787217,1.5789113378,falla_engranaje,0.8000000000
8.2040000000,0.0084178868,1.6036158300,falla_engranaje,0.8000000000
8.2045000000,0.0084751161,1.5862806912,falla_engranaje,0.8000000000
8.2050000000,0.0085410530,1.5775400802,falla_engranaje,0.8000000000
8.2055000000,0.0083554663,1.5721585032,falla_engranaje,0.8000000000
8.2060000000,0.0084200673,1.5830137217,falla_engranaje,0.8000000000
8.2065000000,0.0083563246,1.5825155899,falla_engranaje,0.8000000000
8.2070000000,0.0083490708,1.5805151458,falla_engranaje,0.8000000000
8.2075000000,0.0084693948,1.5959477660,falla_engranaje,0.8000000000
8.2080000000,0.0084996635,1.5843953620,falla_engranaje,0.8000000000
8.2085000000,0.0083622679,1.5848019212,falla_engranaje,0.8000000000
8.2090000000,0.0085031709,1.5843275555,falla_engranaje,0.8000000000
8.2095000000,0.0084965512,1.5892665885,falla_engranaje,0.8000000000
8.2100000000,0.0084230224,1.5818546016,falla_engranaje,0.8000000000
8.2105000000,0.0084229202,1.5988904958,falla_engranaje,0.8000000000
8.2110000000,0.0084972478,1.5697825237,falla_engranaje,0.8000000000
8.2115000000,0.0083836960,1.5795466017,falla_engranaje,0.8000000000
8.2120000000,0.0084455197,1.5809236940,falla_engranaje,0.8000000000
8.2125000000,0.0084402413,1.5758390789,falla_engranaje,0.8000000000
8.2130000000,0.0083991808,1.5843163956,falla_engranaje,0.8000000000
8.2135000000,0.0083522035,1.5771229187,falla_engranaje,0.8000000000
8.2140000000,0.0083857829,1.5978925472,falla_engranaje,0.8000000000
8.2145000000,0.0084670800,1.5787318916,falla_engranaje,0.8000000000
8.2150000000,0.0084030211,1.5843249306,falla_engranaje,0.8000000000
8.2155000000,0.0083168387,1.5870670672,falla_engranaje,0.8000000000
8.2160000000,0.0083906484,1.5777816322,falla_engranaje,0.8000000000
8.2165000000,0.0083677664,1.5733177812,falla_engranaje,0.8000000000
8.2170000000,0.0082897728,1.5832922328,falla_engranaje,0.8000000000
8.2175000000,0.0084009628,1.5889370094,falla_engranaje,0.8000000000
8.2180000000,0.0083497240,1.5884217537,falla_engranaje,0.8000000000
8.2185000000,0.0083397926,1.5864009984,falla_engranaje,0.8000000000
8.2190000000,0.0084567805,1.5997241990,falla_engranaje,0.8000000000
8.2195000000,0.0084106707,1.5856283485,falla_engranaje,0.8000000000
8.2200000000,0.0083335830,1.5851982557,falla_engranaje,0.8000000000
8.2205000000,0.0083212099,1.5937567373,falla_engranaje,0.8000000000
8.2210000000,0.0083954305,1.5931578452,falla_engranaje,0.8000000000
8.2215000000,0.0082403548,1.5796316769,falla_engranaje,0.8000000000
8.2220000000,0.0081518133,1.5947903423,falla_engranaje,0.8000000000
8.2225000000,0.0083110972,1.5782126860,falla_engranaje,0.8000000000
8.2230000000,0.0082606962,1.6012491854,falla_engranaje,0.8000000000
8.2235000000,0.0083159926,1.5866804189,falla_engranaje,0.8000000000
8.2240000000,0.0083156208,1.5636497842,falla_engranaje,0.8000000000
8.2245000000,0.0082331673,1.5717642243,falla_engranaje,0.8000000000
8.2250000000,0.0082470840,1.6008130011,falla_engranaje,0.8000000000
8.2255000000,0.0082774399,1.5788356957,falla_engranaje,0.8000000000
8.2260000000,0.0083511468,1.5938845724,falla_engranaje,0.8000000000
8.2265000000,0.0083095750,1.5890707391,falla_engranaje,0.8000000000
8.2270000000,0.0082137816,1.5775616420,falla_engranaje,0.8000000000
8.2275000000,0.0082609186,1.5718511527,falla_engranaje,0.8000000000
8.2280000000,0.0082123983,1.5808887632,falla_engranaje,0.8000000000
8.2285000000,0.0083078726,1.5816379749,falla_engranaje,0.8000000000
8.2290000000,0.0082077097,1.5700112432,falla_engranaje,0.8000000000
8.2295000000,0.0081812183,1.5789190987,falla_engranaje,0.8000000000
8.2300000000,0.0082969500,1.5942087687,falla_engranaje,0.8000000000
8.2305000000,0.0080683284,1.5738160418,falla_engranaje,0.8000000000
8.2310000000,0.0082350121,1.5622022589,falla_engranaje,0.8000000000
8.2315000000,0.0082608899,1.5898643706,falla_engranaje,0.8000000000
8.2320000000,0.0082164332,1.5789737832,falla_engranaje,0.8000000000
8.2325000000,0.0081695941,1.5751859334,falla_engranaje,0.8000000000
8.2330000000,0.0082366707,1.5848012513,falla_engranaje,0.8000000000
8.2335000000,0.0082919922,1.5761205349,falla_engranaje,0.8000000000
8.2340000000,0.0081864802,1.5655239050,falla_engranaje,0.8000000000
8.2345000000,0.0081765314,1.5782924159,falla_engranaje,0.8000000000
8.2350000000,0.0081242913,1.5691583237,falla_engranaje,0.8000000000
8.2355000000,0.0082252819,1.5844867850,falla_engranaje,0.8000000000
8.2360000000,0.0081052646,1.5763724656,falla_engranaje,0.8000000000
8.2365000000,0.0080695564,1.5666553047,falla_engranaje,0.8000000000
8.2370000000,0.0081486621,1.5624749802,falla_engranaje,0.8000000000
8.2375000000,0.0079927666,1.5651931070,falla_engranaje,0.8000000000
8.2380000000,0.0081151276,1.5730740202,falla_engranaje,0.8000000000
8.2385000000,0.0081109037,1.5512864620,falla_engranaje,0.8000000000
8.2390000000,0.0080894370,1.5629474969,falla_engranaje,0.8000000000
8.2395000000,0.0080652274,1.5557904833,falla_engranaje,0.8000000000
8.2400000000,0.0080042089,1.5681527397,falla_engranaje,0.8000000000
8.2405000000,0.0081025144,1.5425235759,falla_engranaje,0.8000000000
8.2410000000,0.0080955733,1.5630085987,falla_engranaje,0.8000000000
8.2415000000,0.0080311394,1.5715655708,falla_engranaje,0.8000000000
8.2420000000,0.0080865093,1.5601213862,falla_engranaje,0.8000000000
8.2425000000,0.0080633946,1.5563886956,falla_engranaje,0.8000000000
8.2430000000,0.0079307702,1.5521410408,falla_engranaje,0.8000000000
8.2435000000,0.0080686124,1.5692204192,falla_engranaje,0.8000000000
8.2440000000,0.0080541611,1.5589283854,falla_engranaje,0.8000000000
8.2445000000,0.0078340921,1.5457686997,falla_engranaje,0.8000000000
8.2450000000,0.0078966647,1.5530286710,falla_engranaje,0.8000000000
8.2455000000,0.0079106868,1.5665361563,falla_engranaje,0.8000000000
8.2460000000,0.0078579570,1.5550695547,falla_engranaje,0.8000000000
8.2465000000,0.0079740503,1.5632662875,falla_engranaje,0.8000000000
8.2470000000,0.0079911311,1.5453710936,falla_engranaje,0.8000000000
8.2475000000,0.0079101004,1.5643462078,falla_engranaje,0.8000000000
8.2480000000,0.0078351309,1.5471407131,falla_engranaje,0.8000000000
8.2485000000,0.0078401172,1.5637973716,falla_engranaje,0.8000000000
8.2490000000,0.0078213926,1.5369554015,falla_engranaje,0.8000000000
8.2495000000,0.0079063010,1.5572237741,falla_engranaje,0.8000000000
8.2500000000,0.0078634790,1.5668240505,falla_engranaje,0.8000000000
8.2505000000,0.0078790787,1.5376317446,falla_engranaje,0.8000000000
8.2510000000,0.0077782009,1.5430276357,falla_engranaje,0.8000000000
8.2515000000,0.0079512687,1.5536107911,falla_engranaje,0.8000000000
8.2520000000,0.0078536013,1.5496820263,falla_engranaje,0.8000000000
8.2525000000,0.0076601082,1.5576360229,falla_engranaje,0.8000000000
8.2530000000,0.0076703301,1.5422347776,falla_engranaje,0.8000000000
8.2535000000,0.0077476352,1.5602820753,falla_engranaje,0.8000000000
8.2540000000,0.0077240872,1.5635715225,falla_engranaje,0.8000000000
8.2545000000,0.0076481116,1.5294314554,falla_engranaje,0.8000000000
8.2550000000,0.0077558559,1.5434272914,falla_engranaje,0.8000000000
8.2555000000,0.0077862535,1.5468962743,falla_engranaje,0.8000000000
8.2560000000,0.0076443958,1.5330365137,falla_engranaje,0.8000000000
8.2565000000,0.0076007410,1.5525610227,falla_engranaje,0.8000000000
8.2570000000,0.0077729248,1.5430006976,falla_engranaje,0.8000000000
8.2575000000,0.0076873796,1.5259254769,falla_engranaje,0.8000000000
8.2580000000,0.0075789560,1.5235191102,falla_engranaje,0.8000000000
8.2585000000,0.0077129082,1.5501465556,falla_engranaje,0.8000000000
8.2590000000,0.0075531722,1.5340998757,falla_engranaje,0.8000000000
8.2595000000,0.0074904513,1.5232180903,falla_engranaje,0.8000000000
8.2600000000,0.0076613563,1.5255883485,falla_engranaje,0.8000000000
8.2605000000,0.0075861871,1.5149360597,falla_engranaje,0.8000000000
8.2610000000,0.0075474073,1.5183542419,falla_engranaje,0.8000000000
8.2615000000,0.0076795079,1.5381960087,falla_engranaje,0.8000000000
8.2620000000,0.0075898363,1.5290683504,falla_engranaje,0.8000000000
8.2625000000,0.0075153363,1.5107735578,falla_engranaje,0.8000000000
8.2630000000,0.0075552229,1.5158273709,falla_engranaje,0.8000000000
8.2635000000,0.0075104804,1.5317814471,falla_engranaje,0.8000000000
8.2640000000,0.0075525821,1.5091972876,falla_engranaje,0.8000000000
8.2645000000,0.0076636912,1.5273328811,falla_engranaje,0.8000000000
8.2650000000,0.0074704835,1.5242986700,falla_engranaje,0.8000000000
8.2655000000,0.0074608723,1.5215100203,falla_engranaje,0.8000000000
8.2660000000,0.0074514715,1.5106469366,falla_engranaje,0.8000000000
8.2665000000,0.0074413498,1.5244005693,falla_engranaje,0.8000000000
8.2670000000,0.0073839768,1.5004889961,falla_engranaje,0.8000000000
8.2675000000,0.0073548942,1.5008238636,falla_engranaje,0.8000000000
8.2680000000,0.0073714289,1.5150733495,falla_engranaje,0.8000000000
8.2685000000,0.0074418356,1.5199223857,falla_engranaje,0.8000000000
8.2690000000,0.0074391879,1.5153312062,falla_engranaje,0.8000000000
8.2695000000,0.0072590506,1.5032210447,falla_engranaje,0.8000000000
8.2700000000,0.0072593830,1.4924283799,falla_engranaje,0.8000000000
8.2705000000,0.0074001044,1.5205340414,falla_engranaje,0.8000000000
8.2710000000,0.0073012942,1.4820365203,falla_engranaje,0.8000000000
8.2715000000,0.0073433840,1.4968941409,falla_engranaje,0.8000000000
8.2720000000,0.0073254323,1.4928880286,falla_engranaje,0.8000000000
8.2725000000,0.0072852320,1.4966500862,falla_engranaje,0.8000000000
8.2730000000,0.0072023238,1.4875976620,falla_engranaje,0.8000000000
8.2735000000,0.0072480800,1.5069922236,falla_engranaje,0.8000000000
8.2740000000,0.0073332421,1.5041078758,falla_engranaje,0.8000000000
8.2745000000,0.0072199411,1.4895073832,falla_engranaje,0.8000000000
8.2750000000,0.0071091955,1.4948875302,falla_engranaje,0.8000000000
8.2755000000,0.0072677659,1.4855636364,falla_engranaje,0.8000000000
8.2760000000,0.0070948695,1.4844213493,falla_engranaje,0.8000000000
8.2765000000,0.0070435391,1.4877207916,falla_engranaje,0.8000000000
8.2770000000,0.0070831294,1.4850751673,falla_engranaje,0.8000000000
8.2775000000,0.0070621122,1.4698247038,falla_engranaje,0.8000000000
8.2780000000,0.0070689496,1.4703057718,falla_engranaje,0.8000000000
8.2785000000,0.0070653982,1.4828407555,falla_engranaje,0.8000000000
8.2790000000,0.0069971519,1.4873396880,falla_engranaje,0.8000000000
8.2795000000,0.0070761049,1.4610872523,falla_engranaje,0.8000000000
8.2800000000,0.0070677781,1.4562891587,falla_engranaje,0.8000000000
8.2805000000,0.0070853186,1.4628979398,falla_engranaje,0.8000000000
8.2810000000,0.0069863060,1.4548982391,falla_engranaje,0.8000000000
8.2815000000,0.0069904389,1.4581455602,falla_engranaje,0.8000000000
8.2820000000,0.0071503794,1.4554131772,falla_engranaje,0.8000000000
8.2825000000,0.0069187513,1.4491932863,falla_engranaje,0.8000000000
8.2830000000,0.0069224832,1.4554893584,falla_engranaje,0.8000000000
8.2835000000,0.0068707617,1.4774777402,falla_engranaje,0.8000000000
8.2840000000,0.0070183170,1.4781776324,falla_engranaje,0.8000000000
8.2845000000,0.0069306577,1.4619660986,falla_engranaje,0.8000000000
8.2850000000,0.0068167726,1.4609926294,falla_engranaje,0.8000000000
8.2855000000,0.0067934521,1.4505326172,falla_engranaje,0.8000000000
8.2860000000,0.0067826318,1.4461009690,falla_engranaje,0.8000000000
8.2865000000,0.0067437061,1.4619154473,falla_engranaje,0.8000000000
8.2870000000,0.0068022027,1.4459345252,falla_engranaje,0.8000000000
8.2875000000,0.0067074199,1.4672569923,falla_engranaje,0.8000000000
8.2880000000,0.0068686284,1.4368699252,falla_engranaje,0.8000000000
8.2885000000,0.0067063780,1.4497132476,falla_engranaje,0.8000000000
8.2890000000,0.0066799008,1.4335215276,falla_engranaje,0.8000000000
8.2895000000,0.0067371875,1.4345150319,falla_engranaje,0.8000000000
8.2900000000,0.0067242636,1.4528725034,falla_engranaje,0.8000000000
8.2905000000,0.0067169255,1.4384119979,falla_engranaje,0.8000000000
8.2910000000,0.0066574032,1.4283080497,falla_engranaje,0.8000000000
8.2915000000,0.0066810039,1.4486818349,falla_engranaje,0.8000000000
8.2920000000,0.0066462204,1.4222637248,falla_engranaje,0.8000000000
8.2925000000,0.0064639925,1.4338248372,falla_engranaje,0.8000000000
8.2930000000,0.0065196796,1.4166371878,falla_engranaje,0.8000000000
8.2935000000,0.0066035319,1.4215415266,falla_engranaje,0.8000000000
8.2940000000,0.0066486190,1.4227282297,falla_engranaje,0.8000000000
8.2945000000,0.0067050649,1.4010292264,falla_engranaje,0.8000000000
8.2950000000,0.0066127105,1.4197407520,falla_engranaje,0.8000000000
8.2955000000,0.0065180132,1.4165747794,falla_engranaje,0.8000000000
8.2960000000,0.0065037239,1.4149907289,falla_engranaje,0.8000000000
8.2965000000,0.0066443824,1.4220752965,falla_engranaje,0.8000000000
8.2970000000,0.0064719624,1.4010070162,falla_engranaje,0.8000000000
8.2975000000,0.0064715374,1.3864399574,falla_engranaje,0.8000000000
8.2980000000,0.0064620938,1.4104088563,falla_engranaje,0.8000000000
8.2985000000,0.0062998952,1.4094080113,falla_engranaje,0.8000000000
8.2990000000,0.0064240936,1.4041472914,falla_engranaje,0.8000000000
8.2995000000,0.0065001551,1.3933264611,falla_engranaje,0.8000000000
8.3000000000,0.0063585924,1.3974024711,falla_engranaje,0.8000000000
8.3005000000,0.0064225028,1.3836953868,falla_engranaje,0.8000000000
8.3010000000,0.0062808976,1.3758633035,falla_engranaje,0.8000000000
8.3015000000,0.0062523873,1.3937090333,falla_engranaje,0.8000000000
8.3020000000,0.0063069717,1.3981638474,falla_engranaje,0.8000000000
8.3025000000,0.0062466266,1.3973085558,falla_engranaje,0.8000000000
8.3030000000,0.0062800944,1.3828406092,falla_engranaje,0.8000000000
8.3035000000,0.0061947939,1.3741055673,falla_engranaje,0.8000000000
8.3040000000,0.0063091677,1.3761292149,falla_engranaje,0.8000000000
8.3045000000,0.0062460402,1.3785631122,falla_engranaje,0.8000000000
8.3050000000,0.0060859493,1.3866893516,falla_engranaje,0.8000000000
8.3055000000,0.0061997181,1.3841729561,falla_engranaje,0.8000000000
8.3060000000,0.0061783335,1.3646833544,falla_engranaje,0.8000000000
8.3065000000,0.0060818835,1.3721678417,falla_engranaje,0.8000000000
8.3070000000,0.0060548123,1.3697620334,falla_engranaje,0.8000000000
8.3075000000,0.0060820126,1.3735357680,falla_engranaje,0.8000000000
8.3080000000,0.0061288770,1.3803759847,falla_engranaje,0.8000000000
8.3085000000,0.0060970343,1.3669153561,falla_engranaje,0.8000000000
8.3090000000,0.0059390980,1.3759722288,falla_engranaje,0.8000000000
8.3095000000,0.0060578328,1.3665549009,falla_engranaje,0.8000000000
8.3100000000,0.0059617525,1.3552636878,falla_engranaje,0.8000000000
8.3105000000,0.0059596646,1.3624417828,falla_engranaje,0.8000000000
8.3110000000,0.0061329658,1.3505886464,falla_engranaje,0.8000000000
8.3115000000,0.0060952045,1.3584643832,falla_engranaje,0.8000000000
8.3120000000,0.0059431976,1.3488414892,falla_engranaje,0.8000000000
8.3125000000,0.0060005183,1.3527829503,falla_engranaje,0.8000000000
8.3130000000,0.0058986576,1.3410669140,falla_engranaje,0.8000000000
8.3135000000,0.0059406863,1.3479179414,falla_engranaje,0.8000000000
8.3140000000,0.0058690963,1.3522629374,falla_engranaje,0.8000000000
8.3145000000,0.0058929550,1.3252256967,falla_engranaje,0.8000000000
8.3150000000,0.0058287291,1.3272418070,falla_engranaje,0.8000000000
8.3155000000,0.0058446155,1.3448042320,falla_engranaje,0.8000000000
8.3160000000,0.0058847329,1.3467742775,falla_engranaje,0.8000000000
8.3165000000,0.0058318881,1.3271294265,falla_engranaje,0.8000000000
8.3170000000,0.0058267395,1.3280862522,falla_engranaje,0.8000000000
8.3175000000,0.0059000900,1.3299658225,falla_engranaje,0.8000000000
8.3180000000,0.0057751501,1.3320126971,falla_engranaje,0.8000000000
8.3185000000,0.0057443063,1.3251305976,falla_engranaje,0.8000000000
8.3190000000,0.0056194124,1.3350178482,falla_engranaje,0.8000000000
8.3195000000,0.0056749676,1.3259935281,falla_engranaje,0.8000000000
8.3200000000,0.0056759727,1.3141334688,falla_engranaje,0.8000000000
8.3205000000,0.0056472336,1.3140830400,falla_engranaje,0.8000000000
8.3210000000,0.0056364756,1.3143977555,falla_engranaje,0.8000000000
8.3215000000,0.0055784036,1.3065542295,falla_engranaje,0.8000000000
8.3220000000,0.0055633234,1.3145743339,falla_engranaje,0.8000000000
8.3225000000,0.0055763628,1.3143656408,falla_engranaje,0.8000000000
8.3230000000,0.0056477738,1.2878047236,falla_engranaje,0.8000000000
8.3235000000,0.0055224873,1.2999799532,falla_engranaje,0.8000000000
8.3240000000,0.0055776957,1.3021564409,falla_engranaje,0.8000000000
8.3245000000,0.0054644742,1.2994985340,falla_engranaje,0.8000000000
8.3250000000,0.0055276076,1.2906491643,falla_engranaje,0.8000000000
8.3255000000,0.0054777821,1.2800458513,falla_engranaje,0.8000000000
8.3260000000,0.0055264854,1.2923874283,falla_engranaje,0.8000000000
8.3265000000,0.0053648768,1.2857094951,falla_engranaje,0.8000000000
8.3270000000,0.0053862679,1.3033541012,falla_engranaje,0.8000000000
8.3275000000,0.0053551765,1.2904958960,falla_engranaje,0.8000000000
8.3280000000,0.0052987069,1.2973926002,falla_engranaje,0.8000000000
8.3285000000,0.0054129930,1.2727206571,falla_engranaje,0.8000000000
8.3290000000,0.0053514103,1.2697373811,falla_engranaje,0.8000000000
8.3295000000,0.0053739059,1.2608960378,falla_engranaje,0.8000000000
8.3300000000,0.0052197200,1.2679085576,falla_engranaje,0.8000000000
8.3305000000,0.0051442772,1.2690505139,falla_engranaje,0.8000000000
8.3310000000,0.0053217562,1.2534130685,falla_engranaje,0.8000000000
8.3315000000,0.0053053955,1.2526448208,falla_engranaje,0.8000000000
8.3320000000,0.0051616337,1.2608062800,falla_engranaje,0.8000000000
8.3325000000,0.0052650276,1.2723786403,falla_engranaje,0.8000000000
8.3330000000,0.0051962151,1.2514199472,falla_engranaje,0.8000000000
8.3335000000,0.0051986807,1.2486725565,falla_engranaje,0.8000000000
8.3340000000,0.0050813093,1.2500607879,falla_engranaje,0.8000000000
8.3345000000,0.0051108797,1.2712277918,falla_engranaje,0.8000000000
8.3350000000,0.0050875650,1.2505854482,falla_engranaje,0.8000000000
8.3355000000,0.0051558756,1.2509608262,falla_engranaje,0.8000000000
8.3360000000,0.0051307455,1.2380458879,falla_engranaje,0.8000000000
8.3365000000,0.0052210584,1.2461859584,falla_engranaje,0.8000000000
8.3370000000,0.0051170047,1.2338359186,falla_engranaje,0.8000000000
8.3375000000,0.0049796231,1.2526764509,falla_engranaje,0.8000000000
8.3380000000,0.0050422605,1.2397051946,falla_engranaje,0.8000000000
8.3385000000,0.0049349243,1.2307030205,falla_engranaje,0.8000000000
8.3390000000,0.0049474937,1.2384654539,falla_engranaje,0.8000000000
8.3395000000,0.0049703884,1.2310134402,falla_engranaje,0.8000000000
8.3400000000,0.0049795891,1.2347630579,falla_engranaje,0.8000000000
8.3405000000,0.0049383531,1.2019533726,falla_engranaje,0.8000000000
8.3410000000,0.0048153803,1.2133665371,falla_engranaje,0.8000000000
8.3415000000,0.0048726057,1.2261401432,falla_engranaje,0.8000000000
8.3420000000,0.0049502108,1.2110576149,falla_engranaje,0.8000000000
8.3425000000,0.0048696512,1.2153050100,falla_engranaje,0.8000000000
8.3430000000,0.0049039245,1.2242226866,falla_engranaje,0.8000000000
8.3435000000,0.0047687674,1.2198747634,falla_engranaje,0.8000000000
8.3440000000,0.0047443611,1.2004914674,falla_engranaje,0.8000000000
8.3445000000,0.0047588362,1.2064478895,falla_engranaje,0.8000000000
8.3450000000,0.0049162118,1.2076963660,falla_engranaje,0.8000000000
8.3455000000,0.0047437600,1.2034223000,falla_engranaje,0.8000000000
8.3460000000,0.0047005539,1.1923872616,falla_engranaje,0.8000000000
8.3465000000,0.0047024354,1.1886280476,falla_engranaje,0.8000000000
8.3470000000,0.0046818542,1.2017378385,falla_engranaje,0.8000000000
8.3475000000,0.0047240871,1.1754483294,falla_engranaje,0.8000000000
8.3480000000,0.0047036349,1.1951727562,falla_engranaje,0.8000000000
8.3485000000,0.0046217475,1.1862322850,falla_engranaje,0.8000000000
8.3490000000,0.0046633877,1.1829372369,falla_engranaje,0.8000000000
8.3495000000,0.0045786017,1.1825397854,falla_engranaje,0.8000000000
8.3500000000,0.0045951244,1.1956620128,falla_engranaje,0.8000000000
8.3505000000,0.0046451413,1.1838268554,falla_engranaje,0.8000000000
8.3510000000,0.0046618963,1.1765834541,falla_engranaje,0.8000000000
8.3515000000,0.0046024789,1.1797710779,falla_engranaje,0.8000000000
8.3520000000,0.0045919297,1.1605795203,falla_engranaje,0.8000000000
8.3525000000,0.0045670052,1.1697981474,falla_engranaje,0.8000000000
8.3530000000,0.0046186176,1.1626496460,falla_engranaje,0.8000000000
8.3535000000,0.0045651333,1.1727045577,falla_engranaje,0.8000000000
8.3540000000,0.0043627559,1.1630402624,falla_engranaje,0.8000000000
8.3545000000,0.0044688739,1.2007862903,falla_engranaje,0.8000000000
8.3550000000,0.0044787459,1.1727029265,falla_engranaje,0.8000000000
8.3555000000,0.0044091847,1.1617289723,falla_engranaje,0.8000000000
8.3560000000,0.0043385659,1.1727967465,falla_engranaje,0.8000000000
8.3565000000,0.0044110568,1.1539744327,falla_engranaje,0.8000000000
8.3570000000,0.0043563442,1.1522294324,falla_engranaje,0.8000000000
8.3575000000,0.0043103242,1.1484772345,falla_engranaje,0.8000000000
8.3580000000,0.0043362139,1.1457024157,falla_engranaje,0.8000000000
8.3585000000,0.0043416298,1.1447067367,falla_engranaje,0.8000000000
8.3590000000,0.0042124102,1.1401376164,falla_engranaje,0.8000000000
8.3595000000,0.0042463894,1.1446273595,falla_engranaje,0.8000000000
8.3600000000,0.0040969216,1.1360789926,falla_engranaje,0.8000000000
8.3605000000,0.0043483772,1.1534615969,falla_engranaje,0.8000000000
8.3610000000,0.0042920268,1.1514141941,falla_engranaje,0.8000000000
8.3615000000,0.0042616165,1.1147232044,falla_engranaje,0.8000000000
8.3620000000,0.0042769704,1.1330570595,falla_engranaje,0.8000000000
8.3625000000,0.0041269854,1.1174439152,falla_engranaje,0.8000000000
8.3630000000,0.0042118940,1.1350308277,falla_engranaje,0.8000000000
8.3635000000,0.0041887638,1.1219039779,falla_engranaje,0.8000000000
8.3640000000,0.0042074351,1.1146601655,falla_engranaje,0.8000000000
8.3645000000,0.0042114242,1.1136409370,falla_engranaje,0.8000000000
8.3650000000,0.0041237941,1.1259674393,falla_engranaje,0.8000000000
8.3655000000,0.0040757233,1.1185133122,falla_engranaje,0.8000000000
8.3660000000,0.0041245649,1.1058626726,falla_engranaje,0.8000000000
8.3665000000,0.0039713612,1.1048121455,falla_engranaje,0.8000000000
8.3670000000,0.0039195639,1.1275544188,falla_engranaje,0.8000000000
8.3675000000,0.0040296946,1.1083911028,falla_engranaje,0.8000000000
8.3680000000,0.0039512101,1.1118259544,falla_engranaje,0.8000000000
8.3685000000,0.0039912998,1.0761415809,falla_engranaje,0.8000000000
8.3690000000,0.0040194987,1.1017628739,falla_engranaje,0.8000000000
8.3695000000,0.0039429443,1.0883447235,falla_engranaje,0.8000000000
8.3700000000,0.0038492181,1.0870791944,falla_engranaje,0.8000000000
8.3705000000,0.0038852539,1.0850279837,falla_engranaje,0.8000000000
8.3710000000,0.0037620072,1.0877388865,falla_engranaje,0.8000000000
8.3715000000,0.0039378141,1.0896955168,falla_engranaje,0.8000000000
8.3720000000,0.0039128661,1.0726891560,falla_engranaje,0.8000000000
8.3725000000,0.0038862918,1.0786070929,falla_engranaje,0.8000000000
8.3730000000,0.0039793572,1.0896451839,falla_engranaje,0.8000000000
8.3735000000,0.0037918817,1.0903550983,falla_engranaje,0.8000000000
8.3740000000,0.0038400583,1.0788307978,falla_engranaje,0.8000000000
8.3745000000,0.0037829634,1.0809000468,falla_engranaje,0.8000000000
8.3750000000,0.0037834211,1.0616810165,falla_engranaje,0.8000000000
8.3755000000,0.0038284380,1.0806279131,falla_engranaje,0.8000000000
8.3760000000,0.0036836470,1.0513401972,falla_engranaje,0.8000000000
8.3765000000,0.0036969672,1.0722240378,falla_engranaje,0.8000000000
8.3770000000,0.0037484389,1.0628717992,falla_engranaje,0.8000000000
8.3775000000,0.0038070579,1.0673667995,falla_engranaje,0.8000000000
8.3780000000,0.0036378985,1.0608664189,falla_engranaje,0.8000000000
8.3785000000,0.0035507877,1.0445692789,falla_engranaje,0.8000000000
8.3790000000,0.0036625023,1.0359626860,falla_engranaje,0.8000000000
8.3795000000,0.0037465680,1.0531638164,falla_engranaje,0.8000000000
8.3800000000,0.0036125501,1.0699864675,falla_engranaje,0.8000000000
8.3805000000,0.0036435062,1.0348737406,falla_engranaje,0.8000000000
8.3810000000,0.0035722144,1.0554397922,falla_engranaje,0.8000000000
8.3815000000,0.0035997159,1.0446046253,falla_engranaje,0.8000000000
8.3820000000,0.0034890083,1.0331917444,falla_engranaje,0.8000000000
8.3825000000,0.0035994387,1.0217807262,falla_engranaje,0.8000000000
8.3830000000,0.0036002061,1.0444492643,falla_engranaje,0.8000000000
8.3835000000,0.0034464949,1.0268256478,falla_engranaje,0.8000000000
8.3840000000,0.0035825514,1.0322233988,falla_engranaje,0.8000000000
8.3845000000,0.0035471198,1.0268594770,falla_engranaje,0.8000000000
8.3850000000,0.0036272063,1.0303460144,falla_engranaje,0.8000000000
8.3855000000,0.0035242512,1.0104011971,falla_engranaje,0.8000000000
8.3860000000,0.0033766621,1.0101039879,falla_engranaje,0.8000000000
8.3865000000,0.0033018692,1.0262446045,falla_engranaje,0.8000000000
8.3870000000,0.0033978949,1.0291747093,falla_engranaje,0.8000000000
8.3875000000,0.0032876316,1.0230721536,falla_engranaje,0.8000000000
8.3880000000,0.0034336053,1.0060857936,falla_engranaje,0.8000000000
8.3885000000,0.0033889832,1.0265659339,falla_engranaje,0.8000000000
8.3890000000,0.0033756090,0.9919235614,falla_engranaje,0.8000000000
8.3895000000,0.0033398636,1.0139329733,falla_engranaje,0.8000000000
8.3900000000,0.0032673155,1.0077714683,falla_engranaje,0.8000000000
8.3905000000,0.0031740783,1.0099646552,falla_engranaje,0.8000000000
8.3910000000,0.0033464786,1.0060297733,falla_engranaje,0.8000000000
8.3915000000,0.0032700699,0.9853167721,falla_engranaje,0.8000000000
8.3920000000,0.0033618019,1.0130358284,falla_engranaje,0.8000000000
8.3925000000,0.0033406407,0.9958508850,falla_engranaje,0.8000000000
8.3930000000,0.0032192371,1.0037187665,falla_engranaje,0.8000000000
8.3935000000,0.0032915560,0.9922623143,falla_engranaje,0.8000000000
8.3940000000,0.0031877805,0.9849912846,falla_engranaje,0.8000000000
8.3945000000,0.0032008911,1.0019458105,falla_engranaje,0.8000000000
8.3950000000,0.0031783108,0.9764770760,falla_engranaje,0.8000000000
8.3955000000,0.0031424008,0.9875462377,falla_engranaje,0.8000000000
8.3960000000,0.0032627458,0.9942574839,falla_engranaje,0.8000000000
8.3965000000,0.0031740079,0.9850234258,falla_engranaje,0.8000000000
8.3970000000,0.0031285510,0.9771692374,falla_engranaje,0.8000000000
8.3975000000,0.0032427498,0.9722792211,falla_engranaje,0.8000000000
8.3980000000,0.0030771304,0.9694167259,falla_engranaje,0.8000000000
8.3985000000,0.0031073355,0.9782226575,falla_engranaje,0.8000000000
8.3990000000,0.0030663400,0.9770372599,falla_engranaje,0.8000000000
8.3995000000,0.0031609848,0.9657464788,falla_engranaje,0.8000000000
8.4000000000,0.0029733854,0.9557530649,falla_engranaje,0.8000000000
8.4005000000,0.0029800765,0.9551516483,falla_engranaje,0.8000000000
8.4010000000,0.0029817517,0.9734658487,falla_engranaje,0.8000000000
8.4015000000,0.0030572459,0.9744191534,falla_engranaje,0.8000000000
8.4020000000,0.0030152051,0.9656974854,falla_engranaje,0.8000000000
8.4025000000,0.0031030141,0.9565287260,falla_engranaje,0.8000000000
8.4030000000,0.0031051607,0.9554590358,falla_engranaje,0.8000000000
8.4035000000,0.0029499927,0.9461006588,falla_engranaje,0.8000000000
8.4040000000,0.0029296881,0.9683901957,falla_engranaje,0.8000000000
8.4045000000,0.0028591536,0.9433523432,falla_engranaje,0.8000000000
8.4050000000,0.0030004322,0.9364676933,falla_engranaje,0.8000000000
8.4055000000,0.0028221448,0.9337702339,falla_engranaje,0.8000000000
8.4060000000,0.0029918125,0.9582050281,falla_engranaje,0.8000000000
8.4065000000,0.0030151767,0.9430817384,falla_engranaje,0.8000000000
8.4070000000,0.0028377146,0.9372252159,falla_engranaje,0.8000000000
8.4075000000,0.0028769437,0.9535122742,falla_engranaje,0.8000000000
8.4080000000,0.0028879107,0.9216743775,falla_engranaje,0.8000000000
8.4085000000,0.0029306257,0.9252488055,falla_engranaje,0.8000000000
8.4090000000,0.0028352835,0.9328429110,falla_engranaje,0.8000000000
8.4095000000,0.0027928265,0.9415770674,falla_engranaje,0.8000000000
8.4100000000,0.0027794033,0.9390870860,falla_engranaje,0.8000000000
8.4105000000,0.0028408939,0.9248689045,falla_engranaje,0.8000000000
8.4110000000,0.0026892777,0.9220707524,falla_engranaje,0.8000000000
8.4115000000,0.0028174531,0.9259931567,falla_engranaje,0.8000000000
8.4120000000,0.0027245167,0.9359248156,falla_engranaje,0.8000000000
8.4125000000,0.0027841011,0.9168784750,falla_engranaje,0.8000000000
8.4130000000,0.0028145508,0.9173316602,falla_engranaje,0.8000000000
8.4135000000,0.0027475117,0.9026463569,falla_engranaje,0.8000000000
8.4140000000,0.0026842789,0.9111594266,falla_engranaje,0.8000000000
8.4145000000,0.0028031294,0.9095918509,falla_engranaje,0.8000000000
8.4150000000,0.0026051669,0.9068649527,falla_engranaje,0.8000000000
8.4155000000,0.0026869048,0.9087938158,falla_engranaje,0.8000000000
8.4160000000,0.0027063846,0.9251825518,falla_engranaje,0.8000000000
8.4165000000,0.0027566833,0.9238645893,falla_engranaje,0.8000000000
8.4170000000,0.0026220389,0.8936759917,falla_engranaje,0.8000000000
8.4175000000,0.0027158951,0.8998385006,falla_engranaje,0.8000000000
8.4180000000,0.0026298725,0.8940781344,falla_engranaje,0.8000000000
8.4185000000,0.0026258849,0.8843428690,falla_engranaje,0.8000000000
8.4190000000,0.0026688431,0.8856923779,falla_engranaje,0.8000000000
8.4195000000,0.0027162359,0.9108571578,falla_engranaje,0.8000000000
8.4200000000,0.0026636837,0.8925320755,falla_engranaje,0.8000000000
8.4205000000,0.0025175770,0.8920942491,falla_engranaje,0.8000000000
8.4210000000,0.0025946452,0.8940134836,falla_engranaje,0.8000000000
8.4215000000,0.0025966133,0.8930389172,falla_engranaje,0.8000000000
8.4220000000,0.0025971937,0.8770667476,falla_engranaje,0.8000000000
8.4225000000,0.0024418015,0.9049358058,falla_engranaje,0.8000000000
8.4230000000,0.0025381851,0.8767679280,falla_engranaje,0.8000000000
8.4235000000,0.0024528579,0.8869436449,falla_engranaje,0.8000000000
8.4240000000,0.0024837766,0.8823888392,falla_engranaje,0.8000000000
8.4245000000,0.0025787020,0.8660205995,falla_engranaje,0.8000000000
8.4250000000,0.0026574728,0.8660058816,falla_engranaje,0.8000000000
8.4255000000,0.0024241647,0.8708747733,falla_engranaje,0.8000000000
8.4260000000,0.0025948491,0.8824702663,falla_engranaje,0.8000000000
8.4265000000,0.0024483925,0.8747904447,falla_engranaje,0.8000000000
8.4270000000,0.0025601152,0.8718081536,falla_engranaje,0.8000000000
8.4275000000,0.0024935475,0.8598105003,falla_engranaje,0.8000000000
8.4280000000,0.0024365130,0.8801979131,falla_engranaje,0.8000000000
8.4285000000,0.0025334957,0.8767901052,falla_engranaje,0.8000000000
8.4290000000,0.0024637138,0.8734392500,falla_engranaje,0.8000000000
8.4295000000,0.0024156373,0.8604837100,falla_engranaje,0.8000000000
8.4300000000,0.0024041342,0.8501290714,falla_engranaje,0.8000000000
8.4305000000,0.0025011390,0.8580613454,falla_engranaje,0.8000000000
8.4310000000,0.0023278085,0.8580364881,falla_engranaje,0.8000000000
8.4315000000,0.0024024684,0.8260610855,falla_engranaje,0.8000000000
8.4320000000,0.0023727691,0.8506232069,falla_engranaje,0.8000000000
8.4325000000,0.0023517352,0.8486135675,falla_engranaje,0.8000000000
8.4330000000,0.0023464546,0.8460729722,falla_engranaje,0.8000000000
8.4335000000,0.0024405785,0.8478430106,falla_engranaje,0.8000000000
8.4340000000,0.0022279793,0.8380771484,falla_engranaje,0.8000000000
8.4345000000,0.0024403018,0.8588157741,falla_engranaje,0.8000000000
8.4350000000,0.0022483162,0.8606119212,falla_engranaje,0.8000000000
8.4355000000,0.0023230031,0.8440634437,falla_engranaje,0.8000000000
8.4360000000,0.0021983787,0.8386654457,falla_engranaje,0.8000000000
8.4365000000,0.0022159675,0.8542342241,falla_engranaje,0.8000000000
8.4370000000,0.0023576401,0.8435257026,falla_engranaje,0.8000000000
8.4375000000,0.0022676624,0.8410860072,falla_engranaje,0.8000000000
8.4380000000,0.0023902103,0.8400879201,falla_engranaje,0.8000000000
8.4385000000,0.0022705641,0.8227093012,falla_engranaje,0.8000000000
8.4390000000,0.0023178531,0.8303108964,falla_engranaje,0.8000000000
8.4395000000,0.0023014251,0.8441780728,falla_engranaje,0.8000000000
8.4400000000,0.0022552722,0.8113695229,falla_engranaje,0.8000000000
8.4405000000,0.0023094763,0.8093665324,falla_engranaje,0.8000000000
8.4410000000,0.0022249063,0.8205156228,falla_engranaje,0.8000000000
8.4415000000,0.0022789365,0.8231063592,falla_engranaje,0.8000000000
8.4420000000,0.0022609715,0.8321541584,falla_engranaje,0.8000000000
8.4425000000,0.0023183700,0.8280043025,falla_engranaje,0.8000000000
8.4430000000,0.0022238802,0.8184659484,falla_engranaje,0.8000000000
8.4435000000,0.0021843816,0.8155474093,falla_engranaje,0.8000000000
8.4440000000,0.0022228962,0.8171466121,falla_engranaje,0.8000000000
8.4445000000,0.0022118020,0.8152880167,falla_engranaje,0.8000000000
8.4450000000,0.0022463586,0.8197589074,falla_engranaje,0.8000000000
8.4455000000,0.0021987760,0.8172514864,falla_engranaje,0.8000000000
8.4460000000,0.0021736163,0.8073315956,falla_engranaje,0.8000000000
8.4465000000,0.0022707208,0.7952970206,falla_engranaje,0.8000000000
8.4470000000,0.0022432460,0.7981188262,falla_engranaje,0.8000000000
8.4475000000,0.0021843985,0.7962462461,falla_engranaje,0.8000000000
8.4480000000,0.0021882380,0.8007545936,falla_engranaje,0.8000000000
8.4485000000,0.0022232590,0.8090949056,falla_engranaje,0.8000000000
8.4490000000,0.0021554714,0.7944061116,falla_engranaje,0.8000000000
8.4495000000,0.0021705837,0.8037815748,falla_engranaje,0.8000000000
8.4500000000,0.0020939843,0.7946927256,falla_engranaje,0.8000000000
8.4505000000,0.0023364517,0.7836898556,falla_engranaje,0.8000000000
8.4510000000,0.0021306576,0.7892127515,falla_engranaje,0.8000000000
8.4515000000,0.0020368266,0.8000283995,falla_engranaje,0.8000000000
8.4520000000,0.0021318002,0.8002245119,falla_engranaje,0.8000000000
8.4525000000,0.0021752807,0.7960567848,falla_engranaje,0.8000000000
8.4530000000,0.0020961785,0.7753777774,falla_engranaje,0.8000000000
8.4535000000,0.0020922430,0.7885383183,falla_engranaje,0.8000000000
8.4540000000,0.0020357757,0.7853304672,falla_engranaje,0.8000000000
8.4545000000,0.0019818269,0.7795211033,falla_engranaje,0.8000000000
8.4550000000,0.0021534929,0.7817581858,falla_engranaje,0.8000000000
8.4555000000,0.0020329200,0.7903796342,falla_engranaje,0.8000000000
8.4560000000,0.0021047061,0.7810558022,falla_engranaje,0.8000000000
8.4565000000,0.0020124038,0.7912376553,falla_engranaje,0.8000000000
8.4570000000,0.0021408035,0.7687340508,falla_engranaje,0.8000000000
8.4575000000,0.0019533951,0.7883979349,falla_engranaje,0.8000000000
8.4580000000,0.0020131730,0.7825514367,falla_engranaje,0.8000000000
8.4585000000,0.0020301671,0.7771010336,falla_engranaje,0.8000000000
8.4590000000,0.0020053459,0.7854582010,falla_engranaje,0.8000000000
8.4595000000,0.0020496499,0.7745031564,falla_engranaje,0.8000000000
8.4600000000,0.0020527784,0.7783636626,falla_engranaje,0.8000000000
8.4605000000,0.0019562317,0.7663948170,falla_engranaje,0.8000000000
8.4610000000,0.0020655737,0.7752464777,falla_engranaje,0.8000000000
8.4615000000,0.0020652557,0.7645563317,falla_engranaje,0.8000000000
8.4620000000,0.0020650716,0.7602654504,falla_engranaje,0.8000000000
8.4625000000,0.0020715580,0.7655845348,falla_engranaje,0.8000000000
8.4630000000,0.0020860289,0.7712369469,falla_engranaje,0.8000000000
8.4635000000,0.0020497261,0.7650696213,falla_engranaje,0.8000000000
8.4640000000,0.0019748082,0.7666208459,falla_engranaje,0.8000000000
8.4645000000,0.0020871606,0.7416667411,falla_engranaje,0.8000000000
8.4650000000,0.0020743566,0.7510216515,falla_engranaje,0.8000000000
8.4655000000,0.0018898957,0.7526465408,falla_engranaje,0.8000000000
8.4660000000,0.0019647334,0.7589292081,falla_engranaje,0.8000000000
8.4665000000,0.0019900798,0.7527606898,falla_engranaje,0.8000000000
8.4670000000,0.0019742848,0.7512693507,falla_engranaje,0.8000000000
8.4675000000,0.0019266767,0.7330194434,falla_engranaje,0.8000000000
8.4680000000,0.0020136000,0.7524281118,falla_engranaje,0.8000000000
8.4685000000,0.0019548668,0.7496161475,falla_engranaje,0.8000000000
8.4690000000,0.0019811747,0.7416521025,falla_engranaje,0.8000000000
8.4695000000,0.0019313126,0.7396722840,falla_engranaje,0.8000000000
8.4700000000,0.0019367572,0.7493954875,falla_engranaje,0.8000000000
8.4705000000,0.0018135363,0.7576169194,falla_engranaje,0.8000000000
8.4710000000,0.0019601837,0.7481330469,falla_engranaje,0.8000000000
8.4715000000,0.0019713141,0.7351796794,falla_engranaje,0.8000000000
8.4720000000,0.0019930864,0.7337811378,falla_engranaje,0.8000000000
8.4725000000,0.0019481474,0.7567948156,falla_engranaje,0.8000000000
8.4730000000,0.0017967380,0.7264805725,falla_engranaje,0.8000000000
8.4735000000,0.0019347282,0.7259037032,falla_engranaje,0.8000000000
8.4740000000,0.0019379107,0.7480783745,falla_engranaje,0.8000000000
8.4745000000,0.0019705867,0.7310890393,falla_engranaje,0.8000000000
8.4750000000,0.0018306299,0.7367903927,falla_engranaje,0.8000000000
8.4755000000,0.0021092569,0.7209659958,falla_engranaje,0.8000000000
8.4760000000,0.0018823735,0.7203292483,falla_engranaje,0.8000000000
8.4765000000,0.0018707324,0.7326173370,falla_engranaje,0.8000000000
8.4770000000,0.0018958145,0.7435507666,falla_engranaje,0.8000000000
8.4775000000,0.0019220306,0.7421423168,falla_engranaje,0.8000000000
8.4780000000,0.0019219105,0.7240721590,falla_engranaje,0.8000000000
8.4785000000,0.0019302723,0.7387162022,falla_engranaje,0.8000000000
8.4790000000,0.0019434400,0.7356130846,falla_engranaje,0.8000000000
8.4795000000,0.0018649574,0.7295692715,falla_engranaje,0.8000000000
8.4800000000,0.0019025111,0.7193353828,falla_engranaje,0.8000000000
8.4805000000,0.0019159514,0.7446350278,falla_engranaje,0.8000000000
8.4810000000,0.0019054986,0.7170127383,falla_engranaje,0.8000000000
8.4815000000,0.0019165280,0.7290010054,falla_engranaje,0.8000000000
8.4820000000,0.0019756456,0.7143532708,falla_engranaje,0.8000000000
8.4825000000,0.0019046413,0.7166260348,falla_engranaje,0.8000000000
8.4830000000,0.0019674860,0.7004193041,falla_engranaje,0.8000000000
8.4835000000,0.0018972178,0.7196220651,falla_engranaje,0.8000000000
8.4840000000,0.0019631849,0.7266225410,falla_engranaje,0.8000000000
8.4845000000,0.0017988149,0.7083859325,falla_engranaje,0.8000000000
8.4850000000,0.0019375517,0.7247180559,falla_engranaje,0.8000000000
8.4855000000,0.0018719287,0.7172180714,falla_engranaje,0.8000000000
8.4860000000,0.0018470302,0.7139592414,falla_engranaje,0.8000000000
8.4865000000,0.0018198678,0.7288092151,falla_engranaje,0.8000000000
8.4870000000,0.0018805297,0.6927186859,falla_engranaje,0.8000000000
8.4875000000,0.0019033370,0.7042094104,falla_engranaje,0.8000000000
8.4880000000,0.0018559176,0.7064196952,falla_engranaje,0.8000000000
8.4885000000,0.0020054757,0.7077394254,falla_engranaje,0.8000000000
8.4890000000,0.0019268913,0.7201757685,falla_engranaje,0.8000000000
8.4895000000,0.0017777897,0.7055818318,falla_engranaje,0.8000000000
8.4900000000,0.0018046801,0.7051745583,falla_engranaje,0.8000000000
8.4905000000,0.0019682281,0.6969716137,falla_engranaje,0.8000000000
8.4910000000,0.0019874324,0.7055821162,falla_engranaje,0.8000000000
8.4915000000,0.0018762589,0.7060528492,falla_engranaje,0.8000000000
8.4920000000,0.0017613803,0.7070532098,falla_engranaje,0.8000000000
8.4925000000,0.0017776677,0.6793468925,falla_engranaje,0.8000000000
8.4930000000,0.0018716549,0.7186385533,falla_engranaje,0.8000000000
8.4935000000,0.0019120400,0.6826675629,falla_engranaje,0.8000000000
8.4940000000,0.0018608632,0.6993868238,falla_engranaje,0.8000000000
8.4945000000,0.0020143755,0.6806484893,falla_engranaje,0.8000000000
8.4950000000,0.0018943397,0.7008265112,falla_engranaje,0.8000000000
8.4955000000,0.0018669335,0.7000795656,falla_engranaje,0.8000000000
8.4960000000,0.0018757468,0.7109355092,falla_engranaje,0.8000000000
8.4965000000,0.0020150902,0.7004935680,falla_engranaje,0.8000000000
8.4970000000,0.0020611956,0.7019921103,falla_engranaje,0.8000000000
8.4975000000,0.0019222668,0.6936234521,falla_engranaje,0.8000000000
8.4980000000,0.0019505804,0.6907747460,falla_engranaje,0.8000000000
8.4985000000,0.0017946221,0.6844689036,falla_engranaje,0.8000000000
8.4990000000,0.0019513439,0.6921263353,falla_engranaje,0.8000000000
8.4995000000,0.0019209529,0.7070702155,falla_engranaje,0.8000000000
8.5000000000,0.0019288422,0.6905904604,falla_engranaje,0.8000000000
8.5005000000,0.0019384200,0.6882345939,falla_engranaje,0.8000000000
8.5010000000,0.0019843908,0.6821717620,falla_engranaje,0.8000000000
8.5015000000,0.0019366324,0.6761994491,falla_engranaje,0.8000000000
8.5020000000,0.0018676332,0.6932950936,falla_engranaje,0.8000000000
8.5025000000,0.0018436345,0.6808166265,falla_engranaje,0.8000000000
8.5030000000,0.0019017360,0.6771939188,falla_engranaje,0.8000000000
8.5035000000,0.0020603185,0.6826593399,falla_engranaje,0.8000000000
8.5040000000,0.0019381635,0.6894090827,falla_engranaje,0.8000000000
8.5045000000,0.0018425740,0.6771239879,falla_engranaje,0.8000000000
8.5050000000,0.0020166982,0.6752390795,falla_engranaje,0.8000000000
8.5055000000,0.0018205640,0.6896707186,falla_engranaje,0.8000000000
8.5060000000,0.0020119502,0.6755650727,falla_engranaje,0.8000000000
8.5065000000,0.0020593213,0.6661622150,falla_engranaje,0.8000000000
8.5070000000,0.0018577707,0.6835655003,falla_engranaje,0.8000000000
8.5075000000,0.0018499619,0.6813386617,falla_engranaje,0.8000000000
8.5080000000,0.0019410470,0.6743533985,falla_engranaje,0.8000000000
8.5085000000,0.0018390039,0.6751770095,falla_engranaje,0.8000000000
8.5090000000,0.0019889034,0.6745355910,falla_engranaje,0.8000000000
8.5095000000,0.0020148259,0.6804299875,falla_engranaje,0.8000000000
8.5100000000,0.0018423220,0.6559323120,falla_engranaje,0.8000000000
8.5105000000,0.0019181160,0.6754279988,falla_engranaje,0.8000000000
8.5110000000,0.0019141088,0.6596943056,falla_engranaje,0.8000000000
8.5115000000,0.0019676355,0.6661910467,falla_engranaje,0.8000000000
8.5120000000,0.0019553634,0.6842226619,falla_engranaje,0.8000000000
8.5125000000,0.0019187340,0.6686386845,falla_engranaje,0.8000000000
8.5130000000,0.0019923580,0.6713204419,falla_engranaje,0.8000000000
8.5135000000,0.0019724347,0.6660696405,falla_engranaje,0.8000000000
8.5140000000,0.0019543466,0.6547051660,falla_engranaje,0.8000000000
8.5145000000,0.0018186830,0.6650096824,falla_engranaje,0.8000000000
8.5150000000,0.0019707939,0.6884726199,falla_engranaje,0.8000000000
8.5155000000,0.0020777953,0.6843667370,falla_engranaje,0.8000000000
8.5160000000,0.0019165287,0.6536260883,falla_engranaje,0.8000000000
8.5165000000,0.0019876101,0.6759302246,falla_engranaje,0.8000000000
8.5170000000,0.0019158194,0.6629034634,falla_engranaje,0.8000000000
8.5175000000,0.0020144255,0.6626037459,falla_engranaje,0.8000000000
8.5180000000,0.0019915602,0.6641899566,falla_engranaje,0.8000000000
8.5185000000,0.0019744952,0.6401546803,falla_engranaje,0.8000000000
8.5190000000,0.0021289009,0.6673012913,falla_engranaje,0.8000000000
8.5195000000,0.0020195108,0.6356804321,falla_engranaje,0.8000000000
8.5200000000,0.0019972320,0.6452966832,falla_engranaje,0.8000000000
8.5205000000,0.0020704918,0.6471609177,falla_engranaje,0.8000000000
8.5210000000,0.0019674998,0.6612063487,falla_engranaje,0.8000000000
8.5215000000,0.0019969655,0.6696484239,falla_engranaje,0.8000000000
8.5220000000,0.0019271984,0.6509799940,falla_engranaje,0.8000000000
8.5225000000,0.0021127766,0.6573064431,falla_engranaje,0.8000000000
8.5230000000,0.0019586613,0.6567999839,falla_engranaje,0.8000000000
8.5235000000,0.0019644884,0.6498658567,falla_engranaje,0.8000000000
8.5240000000,0.0020598634,0.6578069113,falla_engranaje,0.8000000000
8.5245000000,0.0019691730,0.6509063233,falla_engranaje,0.8000000000
8.5250000000,0.0020278564,0.6624759852,falla_engranaje,0.8000000000
8.5255000000,0.0019805357,0.6594325892,falla_engranaje,0.8000000000
8.5260000000,0.0020818433,0.6528759576,falla_engranaje,0.8000000000
8.5265000000,0.0021001386,0.6398690246,falla_engranaje,0.8000000000
8.5270000000,0.0019843372,0.6612706640,falla_engranaje,0.8000000000
8.5275000000,0.0020598263,0.6599773309,falla_engranaje,0.8000000000
8.5280000000,0.0021022703,0.6442321845,falla_engranaje,0.8000000000
8.5285000000,0.0019834971,0.6577931402,falla_engranaje,0.8000000000
8.5290000000,0.0020722697,0.6542646404,falla_engranaje,0.8000000000
8.5295000000,0.0021119911,0.6634583912,falla_engranaje,0.8000000000
8.5300000000,0.0020839438,0.6464290881,falla_engranaje,0.8000000000
8.5305000000,0.0019551689,0.6466733461,falla_engranaje,0.8000000000
8.5310000000,0.0021562381,0.6323735854,falla_engranaje,0.8000000000
8.5315000000,0.0021653780,0.6392103000,falla_engranaje,0.8000000000
8.5320000000,0.0019985423,0.6526010685,falla_engranaje,0.8000000000
8.5325000000,0.0021879212,0.6354955237,falla_engranaje,0.8000000000
8.5330000000,0.0020326083,0.6431885947,falla_engranaje,0.8000000000
8.5335000000,0.0021243608,0.6403450074,falla_engranaje,0.8000000000
8.5340000000,0.0020697267,0.6390880748,falla_engranaje,0.8000000000
8.5345000000,0.0019564937,0.6449256774,falla_engranaje,0.8000000000
8.5350000000,0.0022166653,0.6460817914,falla_engranaje,0.8000000000
8.5355000000,0.0020019907,0.6481146242,falla_engranaje,0.8000000000
8.5360000000,0.0021125291,0.6338501877,falla_engranaje,0.8000000000
8.5365000000,0.0019497079,0.6075213896,falla_engranaje,0.8000000000
8.5370000000,0.0019821139,0.6475311001,falla_engranaje,0.8000000000
8.5375000000,0.0020493811,0.6383003828,falla_engranaje,0.8000000000
8.5380000000,0.0021877764,0.6435516211,falla_engranaje,0.8000000000
8.5385000000,0.0020971852,0.6404344838,falla_engranaje,0.8000000000
8.5390000000,0.0021155297,0.6343865981,falla_engranaje,0.8000000000
8.5395000000,0.0021491366,0.6338039233,falla_engranaje,0.8000000000
8.5400000000,0.0021394007,0.6338679700,falla_engranaje,0.8000000000
8.5405000000,0.0020962096,0.6366814603,falla_engranaje,0.8000000000
8.5410000000,0.0021991937,0.6348926966,falla_engranaje,0.8000000000
8.5415000000,0.0019137090,0.6286879517,falla_engranaje,0.8000000000
8.5420000000,0.0021728283,0.6390797386,falla_engranaje,0.8000000000
8.5425000000,0.0021755421,0.6265071443,falla_engranaje,0.8000000000
8.5430000000,0.0020323718,0.6367021624,falla_engranaje,0.8000000000
8.5435000000,0.0021426336,0.6393350854,falla_engranaje,0.8000000000
8.5440000000,0.0021495314,0.6313803010,falla_engranaje,0.8000000000
8.5445000000,0.0022144072,0.6533434606,falla_engranaje,0.8000000000
8.5450000000,0.0021362675,0.6385073971,falla_engranaje,0.8000000000
8.5455000000,0.0021668987,0.6462674036,falla_engranaje,0.8000000000
8.5460000000,0.0021476613,0.6276097612,falla_engranaje,0.8000000000
8.5465000000,0.0021336942,0.6337647069,falla_engranaje,0.8000000000
8.5470000000,0.0021273532,0.6327638018,falla_engranaje,0.8000000000
8.5475000000,0.0022136609,0.6259597003,falla_engranaje,0.8000000000
8.5480000000,0.0020748818,0.6317988283,falla_engranaje,0.8000000000
8.5485000000,0.0023213972,0.6369881867,falla_engranaje,0.8000000000
8.5490000000,0.0022401292,0.6173365365,falla_engranaje,0.8000000000
8.5495000000,0.0021676554,0.6127027330,falla_engranaje,0.8000000000
8.5500000000,0.0022229652,0.6386304457,falla_engranaje,0.8000000000
8.5505000000,0.0022074328,0.6180518737,falla_engranaje,0.8000000000
8.5510000000,0.0021860768,0.6401408915,falla_engranaje,0.8000000000
8.5515000000,0.0021948767,0.6190677113,falla_engranaje,0.8000000000
8.5520000000,0.0022107606,0.6251376009,falla_engranaje,0.8000000000
8.5525000000,0.0023811115,0.6273704740,falla_engranaje,0.8000000000
8.5530000000,0.0021504582,0.6192379761,falla_engranaje,0.8000000000
8.5535000000,0.0022125551,0.6112680065,falla_engranaje,0.8000000000
8.5540000000,0.0022262037,0.6301847650,falla_engranaje,0.8000000000
8.5545000000,0.0023195464,0.6226761465,falla_engranaje,0.8000000000
8.5550000000,0.0022628036,0.6183005145,falla_engranaje,0.8000000000
8.5555000000,0.0023301947,0.6085973928,falla_engranaje,0.8000000000
8.5560000000,0.0021403965,0.6492400981,falla_engranaje,0.8000000000
8.5565000000,0.0023643498,0.6210965016,falla_engranaje,0.8000000000
8.5570000000,0.0023483786,0.6291953151,falla_engranaje,0.8000000000
8.5575000000,0.0023472512,0.6062703805,falla_engranaje,0.8000000000
8.5580000000,0.0022812191,0.6148067414,falla_engranaje,0.8000000000
8.5585000000,0.0023244580,0.6257918540,falla_engranaje,0.8000000000
8.5590000000,0.0023285175,0.6103689965,falla_engranaje,0.8000000000
8.5595000000,0.0022513073,0.6043754321,falla_engranaje,0.8000000000
8.5600000000,0.0021914900,0.6072115625,falla_engranaje,0.8000000000
8.5605000000,0.0023111619,0.5997524734,falla_engranaje,0.8000000000
8.5610000000,0.0023854479,0.6097770903,falla_engranaje,0.8000000000
8.5615000000,0.0023235684,0.6237926683,falla_engranaje,0.8000000000
8.5620000000,0.0023488393,0.6234425451,falla_engranaje,0.8000000000
8.5625000000,0.0023050798,0.6050895806,falla_engranaje,0.8000000000
8.5630000000,0.0023399635,0.6191387329,falla_engranaje,0.8000000000
8.5635000000,0.0022641810,0.6323984422,falla_engranaje,0.8000000000
8.5640000000,0.0022771006,0.6075801571,falla_engranaje,0.8000000000
8.5645000000,0.0023955235,0.6134026878,falla_engranaje,0.8000000000
8.5650000000,0.0024874360,0.6215560950,falla_engranaje,0.8000000000
8.5655000000,0.0023379010,0.6243809649,falla_engranaje,0.8000000000
8.5660000000,0.0022256422,0.5964649022,falla_engranaje,0.8000000000
8.5665000000,0.0022726234,0.6044148698,falla_engranaje,0.8000000000
8.5670000000,0.0023020589,0.6165342266,falla_engranaje,0.8000000000
8.5675000000,0.0023362529,0.6165775035,falla_engranaje,0.8000000000
8.5680000000,0.0023138070,0.6071812176,falla_engranaje,0.8000000000
8.5685000000,0.0024032145,0.6011820152,falla_engranaje,0.8000000000
8.5690000000,0.0023264973,0.6175623685,falla_engranaje,0.8000000000
8.5695000000,0.0024111016,0.6087475293,falla_engranaje,0.8000000000
8.5700000000,0.0024793877,0.6076390935,falla_engranaje,0.8000000000
8.5705000000,0.0022989961,0.5953053607,falla_engranaje,0.8000000000
8.5710000000,0.0023133144,0.6019761822,falla_engranaje,0.8000000000
8.5715000000,0.0023398604,0.6199582235,falla_engranaje,0.8000000000
8.5720000000,0.0024381851,0.6186753222,falla_engranaje,0.8000000000
8.5725000000,0.0023542598,0.5936459267,falla_engranaje,0.8000000000
8.5730000000,0.0024330824,0.5820484787,falla_engranaje,0.8000000000
8.5735000000,0.0024133531,0.6143618227,falla_engranaje,0.8000000000
8.5740000000,0.0023082924,0.6120534117,falla_engranaje,0.8000000000
8.5745000000,0.0024152404,0.5997959387,falla_engranaje,0.8000000000
8.5750000000,0.0025120065,0.6141182398,falla_engranaje,0.8000000000
8.5755000000,0.0024525415,0.5920715733,falla_engranaje,0.8000000000
8.5760000000,0.0023227186,0.5993747413,falla_engranaje,0.8000000000
8.5765000000,0.0024327936,0.6127298641,falla_engranaje,0.8000000000
8.5770000000,0.0025440045,0.5993167265,falla_engranaje,0.8000000000
8.5775000000,0.0023896949,0.6092261383,falla_engranaje,0.8000000000
8.5780000000,0.0023973823,0.5866893361,falla_engranaje,0.8000000000
8.5785000000,0.0025554474,0.6017752105,falla_engranaje,0.8000000000
8.5790000000,0.0024166918,0.6161971284,falla_engranaje,0.8000000000
8.5795000000,0.0025568249,0.5989086436,falla_engranaje,0.8000000000
8.5800000000,0.0024521691,0.5911776682,falla_engranaje,0.8000000000
8.5805000000,0.0024164380,0.6116189026,falla_engranaje,0.8000000000
8.5810000000,0.0025635804,0.5802065855,falla_engranaje,0.8000000000
8.5815000000,0.0024855543,0.6137525077,falla_engranaje,0.8000000000
8.5820000000,0.0024618102,0.6097615141,falla_engranaje,0.8000000000
8.5825000000,0.0025720299,0.6023407927,falla_engranaje,0.8000000000
8.5830000000,0.0025628053,0.5819723074,falla_engranaje,0.8000000000
8.5835000000,0.0025339070,0.5863476229,falla_engranaje,0.8000000000
8.5840000000,0.0025791280,0.5999248293,falla_engranaje,0.8000000000
8.5845000000,0.0024787825,0.5733866760,falla_engranaje,0.8000000000
8.5850000000,0.0025095359,0.5955759207,falla_engranaje,0.8000000000
8.5855000000,0.0025663914,0.5972445198,falla_engranaje,0.8000000000
8.5860000000,0.0026627466,0.5885823169,falla_engranaje,0.8000000000
8.5865000000,0.0024081164,0.6028247055,falla_engranaje,0.8000000000
8.5870000000,0.0024951785,0.6044046172,falla_engranaje,0.8000000000
8.5875000000,0.0025779315,0.5851187593,falla_engranaje,0.8000000000
8.5880000000,0.0024312563,0.6074318235,falla_engranaje,0.8000000000
8.5885000000,0.0025351757,0.6004532754,falla_engranaje,0.8000000000
8.5890000000,0.0025930612,0.5888942075,falla_engranaje,0.8000000000
8.5895000000,0.0025162060,0.5832161470,falla_engranaje,0.8000000000
8.5900000000,0.0026368463,0.6116460550,falla_engranaje,0.8000000000
8.5905000000,0.0025093165,0.5925837024,falla_engranaje,0.8000000000
8.5910000000,0.0026052726,0.5707998824,falla_engranaje,0.8000000000
8.5915000000,0.0025541306,0.5986483612,falla_engranaje,0.8000000000
8.5920000000,0.0025871620,0.5962307548,falla_engranaje,0.8000000000
8.5925000000,0.0025867532,0.5949706593,falla_engranaje,0.8000000000
8.5930000000,0.0026666029,0.5880075068,falla_engranaje,0.8000000000
8.5935000000,0.0026851309,0.5945416715,falla_engranaje,0.8000000000
8.5940000000,0.0026504845,0.5930200935,falla_engranaje,0.8000000000
8.5945000000,0.0026374406,0.5908443442,falla_engranaje,0.8000000000
8.5950000000,0.0025844888,0.5743687228,falla_engranaje,0.8000000000
8.5955000000,0.0026946063,0.5745020230,falla_engranaje,0.8000000000
8.5960000000,0.0026537928,0.5950643491,falla_engranaje,0.8000000000
8.5965000000,0.0025556889,0.5867334568,falla_engranaje,0.8000000000
8.5970000000,0.0026153099,0.5933093993,falla_engranaje,0.8000000000
8.5975000000,0.0027664856,0.5893848665,falla_engranaje,0.8000000000
8.5980000000,0.0026259628,0.5817481163,falla_engranaje,0.8000000000
8.5985000000,0.0026762345,0.6015605869,falla_engranaje,0.8000000000
8.5990000000,0.0026022744,0.5956776951,falla_engranaje,0.8000000000
8.5995000000,0.0026256733,0.6035411441,falla_engranaje,0.8000000000
8.6000000000,0.0026145566,0.5785407221,falla_engranaje,0.8000000000
8.6005000000,0.0027941775,0.5765584469,falla_engranaje,0.8000000000
8.6010000000,0.0026038384,0.5987720543,falla_engranaje,0.8000000000
8.6015000000,0.0028233884,0.5739133089,falla_engranaje,0.8000000000
8.6020000000,0.0027014868,0.5790510887,falla_engranaje,0.8000000000
8.6025000000,0.0026173732,0.5739372870,falla_engranaje,0.8000000000
8.6030000000,0.0027363043,0.5812620795,falla_engranaje,0.8000000000
8.6035000000,0.0026854192,0.5803918565,falla_engranaje,0.8000000000
8.6040000000,0.0026699153,0.6011858293,falla_engranaje,0.8000000000
8.6045000000,0.0027183832,0.5671168812,falla_engranaje,0.8000000000
8.6050000000,0.0027220173,0.5736033193,falla_engranaje,0.8000000000
8.6055000000,0.0026317100,0.5745341181,falla_engranaje,0.8000000000
8.6060000000,0.0026321560,0.5657882038,falla_engranaje,0.8000000000
8.6065000000,0.0027367354,0.5807898464,falla_engranaje,0.8000000000
8.6070000000,0.0027360188,0.5828933820,falla_engranaje,0.8000000000
8.6075000000,0.0026114156,0.5802962280,falla_engranaje,0.8000000000
8.6080000000,0.0027088178,0.5755680653,falla_engranaje,0.8000000000
8.6085000000,0.0027495956,0.5774802186,falla_engranaje,0.8000000000
8.6090000000,0.0028684444,0.5758619666,falla_engranaje,0.8000000000
8.6095000000,0.0027470024,0.5693918598,falla_engranaje,0.8000000000
8.6100000000,0.0026329368,0.5759606825,falla_engranaje,0.8000000000
8.6105000000,0.0028077396,0.5804882850,falla_engranaje,0.8000000000
8.6110000000,0.0027274590,0.5673738759,falla_engranaje,0.8000000000
8.6115000000,0.0027774295,0.5564117287,falla_engranaje,0.8000000000
8.6120000000,0.0027941633,0.5678369105,falla_engranaje,0.8000000000
8.6125000000,0.0026923766,0.5706292529,falla_engranaje,0.8000000000
8.6130000000,0.0028441984,0.5775788378,falla_engranaje,0.8000000000
8.6135000000,0.0027510326,0.5815116214,falla_engranaje,0.8000000000
8.6140000000,0.0027879613,0.5880435283,falla_engranaje,0.8000000000
8.6145000000,0.0027407489,0.5611829822,falla_engranaje,0.8000000000
8.6150000000,0.0028149551,0.5801044262,falla_engranaje,0.8000000000
8.6155000000,0.0026917392,0.5798242930,falla_engranaje,0.8000000000
8.6160000000,0.0027798977,0.5756220485,falla_engranaje,0.8000000000
8.6165000000,0.0027897951,0.5605438323,falla_engranaje,0.8000000000
8.6170000000,0.0027433882,0.5833418326,falla_engranaje,0.8000000000
8.6175000000,0.0027349492,0.5695481789,falla_engranaje,0.8000000000
8.6180000000,0.0027502666,0.5636017979,falla_engranaje,0.8000000000
8.6185000000,0.0027129033,0.5699007922,falla_engranaje,0.8000000000
8.6190000000,0.0027254890,0.5541234147,falla_engranaje,0.8000000000
8.6195000000,0.0027933295,0.5691250608,falla_engranaje,0.8000000000
8.6200000000,0.0028010304,0.5665658846,falla_engranaje,0.8000000000
8.6205000000,0.0026617142,0.5609156707,falla_engranaje,0.8000000000
8.6210000000,0.0027368003,0.5682928752,falla_engranaje,0.8000000000
8.6215000000,0.0028687324,0.5657656211,falla_engranaje,0.8000000000
8.6220000000,0.0029047823,0.5594063389,falla_engranaje,0.8000000000
8.6225000000,0.0029694961,0.5788755686,falla_engranaje,0.8000000000
8.6230000000,0.0026286992,0.5680003852,falla_engranaje,0.8000000000
8.6235000000,0.0028927943,0.5689370385,falla_engranaje,0.8000000000
8.6240000000,0.0028703333,0.5633555560,falla_engranaje,0.8000000000
8.6245000000,0.0028175599,0.5587150825,falla_engranaje,0.8000000000
8.6250000000,0.0028274305,0.5401448325,falla_engranaje,0.8000000000
8.6255000000,0.0028183576,0.5668723187,falla_engranaje,0.8000000000
8.6260000000,0.0027772187,0.5409042423,falla_engranaje,0.8000000000
8.6265000000,0.0028485917,0.5500215942,falla_engranaje,0.8000000000
8.6270000000,0.0028359292,0.5453404029,falla_engranaje,0.8000000000
8.6275000000,0.0029365046,0.5788747785,falla_engranaje,0.8000000000
8.6280000000,0.0030217496,0.5634747421,falla_engranaje,0.8000000000
8.6285000000,0.0028991479,0.5405933753,falla_engranaje,0.8000000000
8.6290000000,0.0028354756,0.5548911804,falla_engranaje,0.8000000000
8.6295000000,0.0028500700,0.5456749849,falla_engranaje,0.8000000000
8.6300000000,0.0028598188,0.5502735806,falla_engranaje,0.8000000000
8.6305000000,0.0028998685,0.5660796012,falla_engranaje,0.8000000000
8.6310000000,0.0028389504,0.5595369340,falla_engranaje,0.8000000000
8.6315000000,0.0029108162,0.5374298806,falla_engranaje,0.8000000000
8.6320000000,0.0027895129,0.5474852801,falla_engranaje,0.8000000000
8.6325000000,0.0028730290,0.5499633451,falla_engranaje,0.8000000000
8.6330000000,0.0028486893,0.5701511739,falla_engranaje,0.8000000000
8.6335000000,0.0028155546,0.5578184337,falla_engranaje,0.8000000000
8.6340000000,0.0027448553,0.5453170846,falla_engranaje,0.8000000000
8.6345000000,0.0029167724,0.5500563020,falla_engranaje,0.8000000000
8.6350000000,0.0028598858,0.5507992798,falla_engranaje,0.8000000000
8.6355000000,0.0027875219,0.5461229135,falla_engranaje,0.8000000000
8.6360000000,0.0028676884,0.5578603609,falla_engranaje,0.8000000000
8.6365000000,0.0029759433,0.5464368932,falla_engranaje,0.8000000000
8.6370000000,0.0028762690,0.5521822265,falla_engranaje,0.8000000000
8.6375000000,0.0028503128,0.5307624849,falla_engranaje,0.8000000000
8.6380000000,0.0028751622,0.5378912579,falla_engranaje,0.8000000000
8.6385000000,0.0028331358,0.5439225300,falla_engranaje,0.8000000000
8.6390000000,0.0027719556,0.5319973349,falla_engranaje,0.8000000000
8.6395000000,0.0030358008,0.5417474507,falla_engranaje,0.8000000000
8.6400000000,0.0028685713,0.5468193402,falla_engranaje,0.8000000000
8.6405000000,0.0027655227,0.5442792467,falla_engranaje,0.8000000000
8.6410000000,0.0028331819,0.5482503983,falla_engranaje,0.8000000000
8.6415000000,0.0029180432,0.5545150296,falla_engranaje,0.8000000000
8.6420000000,0.0029032453,0.5466543127,falla_engranaje,0.8000000000
8.6425000000,0.0029725490,0.5395228734,falla_engranaje,0.8000000000
8.6430000000,0.0029683615,0.5422249366,falla_engranaje,0.8000000000
8.6435000000,0.0030667693,0.5368089670,falla_engranaje,0.8000000000
8.6440000000,0.0028812976,0.5519609802,falla_engranaje,0.8000000000
8.6445000000,0.0028864850,0.5454898083,falla_engranaje,0.8000000000
8.6450000000,0.0029025449,0.5389301137,falla_engranaje,0.8000000000
8.6455000000,0.0029201954,0.5283793395,falla_engranaje,0.8000000000
8.6460000000,0.0029281865,0.5318333215,falla_engranaje,0.8000000000
8.6465000000,0.0028439410,0.5411229369,falla_engranaje,0.8000000000
8.6470000000,0.0028743006,0.5330992731,falla_engranaje,0.8000000000
8.6475000000,0.0030641169,0.5330481923,falla_engranaje,0.8000000000
8.6480000000,0.0029494469,0.5200865048,falla_engranaje,0.8000000000
8.6485000000,0.0028743728,0.5404843276,falla_engranaje,0.8000000000
8.6490000000,0.0030018539,0.5338955465,falla_engranaje,0.8000000000
8.6495000000,0.0028705555,0.5285897427,falla_engranaje,0.8000000000
8.6500000000,0.0027938648,0.5327352983,falla_engranaje,0.8000000000
8.6505000000,0.0028635904,0.5174192939,falla_engranaje,0.8000000000
8.6510000000,0.0030554020,0.5364830721,falla_engranaje,0.8000000000
8.6515000000,0.0027953260,0.5300302543,falla_engranaje,0.8000000000
8.6520000000,0.0029675091,0.5238141567,falla_engranaje,0.8000000000
8.6525000000,0.0029743927,0.5275933866,falla_engranaje,0.8000000000
8.6530000000,0.0030340566,0.5249947993,falla_engranaje,0.8000000000
8.6535000000,0.0029840169,0.5327789939,falla_engranaje,0.8000000000
8.6540000000,0.0028594873,0.5154880434,falla_engranaje,0.8000000000
8.6545000000,0.0028951713,0.5261105013,falla_engranaje,0.8000000000
8.6550000000,0.0030109115,0.5080840813,falla_engranaje,0.8000000000
8.6555000000,0.0028050499,0.5333194146,falla_engranaje,0.8000000000
8.6560000000,0.0029585870,0.5228752346,falla_engranaje,0.8000000000
8.6565000000,0.0027769777,0.5063176180,falla_engranaje,0.8000000000
8.6570000000,0.0028653879,0.5089387439,falla_engranaje,0.8000000000
8.6575000000,0.0028250539,0.5186783294,falla_engranaje,0.8000000000
8.6580000000,0.0029424783,0.5239037947,falla_engranaje,0.8000000000
8.6585000000,0.0029624710,0.5033848404,falla_engranaje,0.8000000000
8.6590000000,0.0028379030,0.5165132130,falla_engranaje,0.8000000000
8.6595000000,0.0030382111,0.5059059093,falla_engranaje,0.8000000000
8.6600000000,0.0030053437,0.5023534638,falla_engranaje,0.8000000000
8.6605000000,0.0030374046,0.5143785102,falla_engranaje,0.8000000000
8.6610000000,0.0030338318,0.5076837653,falla_engranaje,0.8000000000
8.6615000000,0.0029222146,0.5010630545,falla_engranaje,0.8000000000
8.6620000000,0.0030076379,0.5242742768,falla_engranaje,0.8000000000
8.6625000000,0.0030307942,0.5092399010,falla_engranaje,0.8000000000
8.6630000000,0.0030250442,0.5021993151,falla_engranaje,0.8000000000
8.6635000000,0.0029261223,0.5155651275,falla_engranaje,0.8000000000
8.6640000000,0.0028593853,0.5287033227,falla_engranaje,0.8000000000
8.6645000000,0.0029339957,0.5193387002,falla_engranaje,0.8000000000
8.6650000000,0.0029458067,0.5020855133,falla_engranaje,0.8000000000
8.6655000000,0.0030108924,0.5020095758,falla_engranaje,0.8000000000
8.6660000000,0.0028290661,0.5053376266,falla_engranaje,0.8000000000
8.6665000000,0.0028982938,0.4978349886,falla_engranaje,0.8000000000
8.6670000000,0.0029513412,0.5002401972,falla_engranaje,0.8000000000
8.6675000000,0.0029682091,0.5115854466,falla_engranaje,0.8000000000
8.6680000000,0.0028627091,0.4915591728,falla_engranaje,0.8000000000
8.6685000000,0.0029926564,0.5022316354,falla_engranaje,0.8000000000
8.6690000000,0.0029281505,0.4851413148,falla_engranaje,0.8000000000
8.6695000000,0.0028456968,0.4887713456,falla_engranaje,0.8000000000
8.6700000000,0.0028065185,0.4881632048,falla_engranaje,0.8000000000
8.6705000000,0.0028784308,0.4993930384,falla_engranaje,0.8000000000
8.6710000000,0.0028936901,0.4886032880,falla_engranaje,0.8000000000
8.6715000000,0.0029232957,0.4978948074,falla_engranaje,0.8000000000
8.6720000000,0.0029025366,0.4997624298,falla_engranaje,0.8000000000
8.6725000000,0.0028732795,0.5052583990,falla_engranaje,0.8000000000
8.6730000000,0.0029026708,0.4930619234,falla_engranaje,0.8000000000
8.6735000000,0.0029627609,0.5042713105,falla_engranaje,0.8000000000
8.6740000000,0.0029720711,0.5053501910,falla_engranaje,0.8000000000
8.6745000000,0.0028549249,0.4859077117,falla_engranaje,0.8000000000
8.6750000000,0.0027970940,0.5020302051,falla_engranaje,0.8000000000
8.6755000000,0.0028031458,0.4778856652,falla_engranaje,0.8000000000
8.6760000000,0.0029123328,0.4956960571,falla_engranaje,0.8000000000
8.6765000000,0.0028795596,0.5029107820,falla_engranaje,0.8000000000
8.6770000000,0.0029717326,0.4734975453,falla_engranaje,0.8000000000
8.6775000000,0.0028342709,0.4912657084,falla_engranaje,0.8000000000
8.6780000000,0.0028962781,0.4746531342,falla_engranaje,0.8000000000
8.6785000000,0.0028477715,0.4754741262,falla_engranaje,0.8000000000
8.6790000000,0.0027973671,0.4903402036,falla_engranaje,0.8000000000
8.6795000000,0.0028517289,0.4761489742,falla_engranaje,0.8000000000
8.6800000000,0.0028274298,0.4851135510,falla_engranaje,0.8000000000
8.6805000000,0.0029689806,0.4695682357,falla_engranaje,0.8000000000
8.6810000000,0.0028204590,0.4814218515,falla_engranaje,0.8000000000
8.6815000000,0.0028150060,0.4650087600,falla_engranaje,0.8000000000
8.6820000000,0.0029154889,0.4740558478,falla_engranaje,0.8000000000
8.6825000000,0.0028602193,0.4896922301,falla_engranaje,0.8000000000
8.6830000000,0.0029372262,0.4734468527,falla_engranaje,0.8000000000
8.6835000000,0.0029124212,0.4760345018,falla_engranaje,0.8000000000
8.6840000000,0.0027284267,0.4567104955,falla_engranaje,0.8000000000
8.6845000000,0.0027684764,0.4797051223,falla_engranaje,0.8000000000
8.6850000000,0.0028472572,0.4629095725,falla_engranaje,0.8000000000
8.6855000000,0.0027964410,0.4710139617,falla_engranaje,0.8000000000
8.6860000000,0.0029005404,0.4615072100,falla_engranaje,0.8000000000
8.6865000000,0.0027789217,0.4465452127,falla_engranaje,0.8000000000
8.6870000000,0.0027685583,0.4696509090,falla_engranaje,0.8000000000
8.6875000000,0.0028270972,0.4715378429,falla_engranaje,0.8000000000
8.6880000000,0.0027838521,0.4442090021,falla_engranaje,0.8000000000
8.6885000000,0.0027797037,0.4607930832,falla_engranaje,0.8000000000
8.6890000000,0.0027479939,0.4707412043,falla_engranaje,0.8000000000
8.6895000000,0.0028090250,0.4546759759,falla_engranaje,0.8000000000
8.6900000000,0.0028081803,0.4555984477,falla_engranaje,0.8000000000
8.6905000000,0.0028491004,0.4860695605,falla_engranaje,0.8000000000
8.6910000000,0.0029000086,0.4504648030,falla_engranaje,0.8000000000
8.6915000000,0.0027463066,0.4363223495,falla_engranaje,0.8000000000
8.6920000000,0.0028585660,0.4570999637,falla_engranaje,0.8000000000
8.6925000000,0.0027776959,0.4473162702,falla_engranaje,0.8000000000
8.6930000000,0.0028106062,0.4630298789,falla_engranaje,0.8000000000
8.6935000000,0.0029532591,0.4446941982,falla_engranaje,0.8000000000
8.6940000000,0.0028148469,0.4541639839,falla_engranaje,0.8000000000
8.6945000000,0.0028254633,0.4451994353,falla_engranaje,0.8000000000
8.6950000000,0.0026986619,0.4439369329,falla_engranaje,0.8000000000
8.6955000000,0.0027884090,0.4382178720,falla_engranaje,0.8000000000
8.6960000000,0.0028470106,0.4593782521,falla_engranaje,0.8000000000
8.6965000000,0.0027895030,0.4475949326,falla_engranaje,0.8000000000
8.6970000000,0.0028222206,0.4521234449,falla_engranaje,0.8000000000
8.6975000000,0.0027378129,0.4374637339,falla_engranaje,0.8000000000
8.6980000000,0.0027384900,0.4463831356,falla_engranaje,0.8000000000
8.6985000000,0.0026696234,0.4489231413,falla_engranaje,0.8000000000
8.6990000000,0.0026728682,0.4349413445,falla_engranaje,0.8000000000
8.6995000000,0.0028036340,0.4340097330,falla_engranaje,0.8000000000
8.7000000000,0.0027347178,0.4338116821,falla_engranaje,0.8000000000
8.7005000000,0.0028362685,0.4458682475,falla_engranaje,0.8000000000
8.7010000000,0.0027840080,0.4502980886,falla_engranaje,0.8000000000
8.7015000000,0.0025890206,0.4286594801,falla_engranaje,0.8000000000
8.7020000000,0.0026877523,0.4442437830,falla_engranaje,0.8000000000
8.7025000000,0.0027385877,0.4175002406,falla_engranaje,0.8000000000
8.7030000000,0.0026597950,0.4444053932,falla_engranaje,0.8000000000
8.7035000000,0.0027292812,0.4332774759,falla_engranaje,0.8000000000
8.7040000000,0.0026046265,0.4239673487,falla_engranaje,0.8000000000
8.7045000000,0.0028122242,0.4150060226,falla_engranaje,0.8000000000
8.7050000000,0.0027961493,0.4399754922,falla_engranaje,0.8000000000
8.7055000000,0.0026202289,0.4111144732,falla_engranaje,0.8000000000
8.7060000000,0.0027031786,0.4360130685,falla_engranaje,0.8000000000
8.7065000000,0.0027136312,0.4297963633,falla_engranaje,0.8000000000
8.7070000000,0.0026567791,0.4184724257,falla_engranaje,0.8000000000
8.7075000000,0.0026144894,0.4191533903,falla_engranaje,0.8000000000
8.7080000000,0.0026467085,0.4223909875,falla_engranaje,0.8000000000
8.7085000000,0.0026147693,0.4170196420,falla_engranaje,0.8000000000
8.7090000000,0.0026744870,0.4098325698,falla_engranaje,0.8000000000
8.7095000000,0.0025089146,0.4052791586,falla_engranaje,0.8000000000
8.7100000000,0.0026718329,0.4402865257,falla_engranaje,0.8000000000
8.7105000000,0.0025590718,0.4125357971,falla_engranaje,0.8000000000
8.7110000000,0.0024412068,0.4205777051,falla_engranaje,0.8000000000
8.7115000000,0.0026827347,0.4115100033,falla_engranaje,0.8000000000
8.7120000000,0.0025991571,0.4105589015,falla_engranaje,0.8000000000
8.7125000000,0.0025811846,0.4089049493,falla_engranaje,0.8000000000
8.7130000000,0.0025161096,0.3906859512,falla_engranaje,0.8000000000
8.7135000000,0.0026436220,0.4009899446,falla_engranaje,0.8000000000
8.7140000000,0.0026165218,0.3959531797,falla_engranaje,0.8000000000
8.7145000000,0.0025559127,0.4216428620,falla_engranaje,0.8000000000
8.7150000000,0.0025532416,0.3920977095,falla_engranaje,0.8000000000
8.7155000000,0.0026219773,0.4025601785,falla_engranaje,0.8000000000
8.7160000000,0.0026595686,0.4067095650,falla_engranaje,0.8000000000
8.7165000000,0.0025476621,0.4071855034,falla_engranaje,0.8000000000
8.7170000000,0.0025611487,0.3839181557,falla_engranaje,0.8000000000
8.7175000000,0.0025358038,0.4106561645,falla_engranaje,0.8000000000
8.7180000000,0.0025178348,0.3997252259,falla_engranaje,0.8000000000
8.7185000000,0.0024406355,0.3884956895,falla_engranaje,0.8000000000
8.7190000000,0.0024116219,0.3787925513,falla_engranaje,0.8000000000
8.7195000000,0.0025332983,0.4007673894,falla_engranaje,0.8000000000
8.7200000000,0.0025391054,0.3988624324,falla_engranaje,0.8000000000
8.7205000000,0.0025448441,0.3988102198,falla_engranaje,0.8000000000
8.7210000000,0.0025587283,0.3913651319,falla_engranaje,0.8000000000
8.7215000000,0.0026459405,0.3778274655,falla_engranaje,0.8000000000
8.7220000000,0.0024093950,0.3830513152,falla_engranaje,0.8000000000
8.7225000000,0.0024243270,0.3970917477,falla_engranaje,0.8000000000
8.7230000000,0.0024556221,0.3686398010,falla_engranaje,0.8000000000
8.7235000000,0.0024056311,0.3696145461,falla_engranaje,0.8000000000
8.7240000000,0.0026018789,0.3800754181,falla_engranaje,0.8000000000
8.7245000000,0.0025556650,0.3633322628,falla_engranaje,0.8000000000
8.7250000000,0.0025405490,0.3686394965,falla_engranaje,0.8000000000
8.7255000000,0.0024774949,0.3744654032,falla_engranaje,0.8000000000
8.7260000000,0.0024352890,0.3774709761,falla_engranaje,0.8000000000
8.7265000000,0.0022909027,0.3725854427,falla_engranaje,0.8000000000
8.7270000000,0.0024415055,0.3700158344,falla_engranaje,0.8000000000
8.7275000000,0.0023732820,0.3596348092,falla_engranaje,0.8000000000
8.7280000000,0.0022625051,0.3628824161,falla_engranaje,0.8000000000
8.7285000000,0.0024246362,0.3854050035,falla_engranaje,0.8000000000
8.7290000000,0.0022676005,0.3667692429,falla_engranaje,0.8000000000
8.7295000000,0.0022419997,0.3552072548,falla_engranaje,0.8000000000
8.7300000000,0.0024023055,0.3698597713,falla_engranaje,0.8000000000
8.7305000000,0.0023885837,0.3631064641,falla_engranaje,0.8000000000
8.7310000000,0.0022908979,0.3726202537,falla_engranaje,0.8000000000
8.7315000000,0.0023418499,0.3579650941,falla_engranaje,0.8000000000
8.7320000000,0.0022457928,0.3461127580,falla_engranaje,0.8000000000
8.7325000000,0.0024130822,0.3663588865,falla_engranaje,0.8000000000
8.7330000000,0.0022699146,0.3478969780,falla_engranaje,0.8000000000
8.7335000000,0.0022598575,0.3311968719,falla_engranaje,0.8000000000
8.7340000000,0.0022176286,0.3303341702,falla_engranaje,0.8000000000
8.7345000000,0.0023408030,0.3452016227,falla_engranaje,0.8000000000
8.7350000000,0.0022225883,0.3673409358,falla_engranaje,0.8000000000
8.7355000000,0.0022072401,0.3502313285,falla_engranaje,0.8000000000
8.7360000000,0.0023284170,0.3472279378,falla_engranaje,0.8000000000
8.7365000000,0.0021219845,0.3464656676,falla_engranaje,0.8000000000
8.7370000000,0.0022232190,0.3520428005,falla_engranaje,0.8000000000
8.7375000000,0.0022308757,0.3487528719,falla_engranaje,0.8000000000
8.7380000000,0.0021359941,0.3317576084,falla_engranaje,0.8000000000
8.7385000000,0.0022655620,0.3180230495,falla_engranaje,0.8000000000
8.7390000000,0.0022910740,0.3486404037,falla_engranaje,0.8000000000
8.7395000000,0.0021143843,0.3522906385,falla_engranaje,0.8000000000
8.7400000000,0.0022029960,0.3239375802,falla_engranaje,0.8000000000
8.7405000000,0.0020938245,0.3349619738,falla_engranaje,0.8000000000
8.7410000000,0.0021957831,0.3377422194,falla_engranaje,0.8000000000
8.7415000000,0.0021052993,0.3157684997,falla_engranaje,0.8000000000
8.7420000000,0.0021855141,0.3356902870,falla_engranaje,0.8000000000
8.7425000000,0.0021259582,0.3266862843,falla_engranaje,0.8000000000
8.7430000000,0.0021498253,0.3235642318,falla_engranaje,0.8000000000
8.7435000000,0.0022011213,0.3089535207,falla_engranaje,0.8000000000
8.7440000000,0.0021396782,0.3085731553,falla_engranaje,0.8000000000
8.7445000000,0.0021218788,0.3389412800,falla_engranaje,0.8000000000
8.7450000000,0.0021446135,0.3311416109,falla_engranaje,0.8000000000
8.7455000000,0.0021298924,0.3089563064,falla_engranaje,0.8000000000
8.7460000000,0.0021674671,0.3110924752,falla_engranaje,0.8000000000
8.7465000000,0.0020256618,0.3099059245,falla_engranaje,0.8000000000
8.7470000000,0.0021799683,0.3156704232,falla_engranaje,0.8000000000
8.7475000000,0.0019509691,0.3129581976,falla_engranaje,0.8000000000
8.7480000000,0.0019906780,0.3150227047,falla_engranaje,0.8000000000
8.7485000000,0.0020345794,0.3012566699,falla_engranaje,0.8000000000
8.7490000000,0.0020665601,0.3094712193,falla_engranaje,0.8000000000
8.7495000000,0.0021122480,0.3150084127,falla_engranaje,0.8000000000
8.7500000000,0.0019212681,0.3072373101,falla_engranaje,0.8000000000
8.7505000000,0.0019863948,0.2964832151,falla_engranaje,0.8000000000
8.7510000000,0.0020413957,0.3082694114,falla_engranaje,0.8000000000
8.7515000000,0.0019711016,0.2916486301,falla_engranaje,0.8000000000
8.7520000000,0.0020016103,0.3119540672,falla_engranaje,0.8000000000
8.7525000000,0.0019652056,0.2944426606,falla_engranaje,0.8000000000
8.7530000000,0.0019997885,0.3083664771,falla_engranaje,0.8000000000
8.7535000000,0.0019152414,0.2982767196,falla_engranaje,0.8000000000
8.7540000000,0.0019112019,0.2849017551,falla_engranaje,0.8000000000
8.7545000000,0.0019601412,0.2932551653,falla_engranaje,0.8000000000
8.7550000000,0.0018135420,0.2777311756,falla_engranaje,0.8000000000
8.7555000000,0.0018679570,0.2953651656,falla_engranaje,0.8000000000
8.7560000000,0.0017699771,0.2723864035,falla_engranaje,0.8000000000
8.7565000000,0.0017595287,0.2981271205,falla_engranaje,0.8000000000
8.7570000000,0.0018265166,0.2823527639,falla_engranaje,0.8000000000
8.7575000000,0.0018205523,0.2789030247,falla_engranaje,0.8000000000
8.7580000000,0.0019385407,0.2805046560,falla_engranaje,0.8000000000
8.7585000000,0.0017515772,0.2738031135,falla_engranaje,0.8000000000
8.7590000000,0.0017919596,0.2851598568,falla_engranaje,0.8000000000
8.7595000000,0.0017974864,0.2802910525,falla_engranaje,0.8000000000
8.7600000000,0.0019538537,0.2533444104,falla_engranaje,0.8000000000
8.7605000000,0.0017995478,0.2769777218,falla_engranaje,0.8000000000
8.7610000000,0.0016869487,0.2744694027,falla_engranaje,0.8000000000
8.7615000000,0.0017229983,0.2522925209,falla_engranaje,0.8000000000
8.7620000000,0.0017138858,0.2578250443,falla_engranaje,0.8000000000
8.7625000000,0.0017323822,0.2748939592,falla_engranaje,0.8000000000
8.7630000000,0.0016933092,0.2719369356,falla_engranaje,0.8000000000
8.7635000000,0.0017057881,0.2573140509,falla_engranaje,0.8000000000
8.7640000000,0.0017607897,0.2678703156,falla_engranaje,0.8000000000
8.7645000000,0.0016406267,0.2653035640,falla_engranaje,0.8000000000
8.7650000000,0.0017282749,0.2465283628,falla_engranaje,0.8000000000
8.7655000000,0.0016326649,0.2482387301,falla_engranaje,0.8000000000
8.7660000000,0.0015981440,0.2691580615,falla_engranaje,0.8000000000
8.7665000000,0.0015335047,0.2464300968,falla_engranaje,0.8000000000
8.7670000000,0.0015638817,0.2574786723,falla_engranaje,0.8000000000
8.7675000000,0.0015332555,0.2478863034,falla_engranaje,0.8000000000
8.7680000000,0.0016170417,0.2589543310,falla_engranaje,0.8000000000
8.7685000000,0.0016104636,0.2514559901,falla_engranaje,0.8000000000
8.7690000000,0.0015666978,0.2305980928,falla_engranaje,0.8000000000
8.7695000000,0.0015062348,0.2467044231,falla_engranaje,0.8000000000
8.7700000000,0.0015370946,0.2511649137,falla_engranaje,0.8000000000
8.7705000000,0.0016249339,0.2411248997,falla_engranaje,0.8000000000
8.7710000000,0.0015024207,0.2399720541,falla_engranaje,0.8000000000
8.7715000000,0.0014984497,0.2251000184,falla_engranaje,0.8000000000
8.7720000000,0.0015161238,0.2483200363,falla_engranaje,0.8000000000
8.7725000000,0.0015523193,0.2309619035,falla_engranaje,0.8000000000
8.7730000000,0.0015233458,0.2354755095,falla_engranaje,0.8000000000
8.7735000000,0.0015573160,0.2280443292,falla_engranaje,0.8000000000
8.7740000000,0.0015768395,0.2320708411,falla_engranaje,0.8000000000
8.7745000000,0.0013786882,0.2381979464,falla_engranaje,0.8000000000
8.7750000000,0.0014972290,0.2316759768,falla_engranaje,0.8000000000
8.7755000000,0.0012864382,0.2407839643,falla_engranaje,0.8000000000
8.7760000000,0.0014591729,0.2395207483,falla_engranaje,0.8000000000
8.7765000000,0.0014477925,0.2183505470,falla_engranaje,0.8000000000
8.7770000000,0.0013322125,0.2257961034,falla_engranaje,0.8000000000
8.7775000000,0.0013960352,0.2237059604,falla_engranaje,0.8000000000
8.7780000000,0.0014395659,0.2292546195,falla_engranaje,0.8000000000
8.7785000000,0.0014930902,0.2187122441,falla_engranaje,0.8000000000
8.7790000000,0.0013963014,0.2341030141,falla_engranaje,0.8000000000
8.7795000000,0.0013549631,0.2193481213,falla_engranaje,0.8000000000
8.7800000000,0.0013737077,0.2166140467,falla_engranaje,0.8000000000
8.7805000000,0.0014208940,0.2177761436,falla_engranaje,0.8000000000
8.7810000000,0.0013422015,0.2108451575,falla_engranaje,0.8000000000
8.7815000000,0.0013019886,0.2090716687,falla_engranaje,0.8000000000
8.7820000000,0.0013218286,0.2076424061,falla_engranaje,0.8000000000
8.7825000000,0.0012759782,0.1907596821,falla_engranaje,0.8000000000
8.7830000000,0.0013593849,0.1976284288,falla_engranaje,0.8000000000
8.7835000000,0.0012165201,0.2006424172,falla_engranaje,0.8000000000
8.7840000000,0.0013419896,0.1902588126,falla_engranaje,0.8000000000
8.7845000000,0.0012634745,0.2043908764,falla_engranaje,0.8000000000
8.7850000000,0.0012848465,0.2092096778,falla_engranaje,0.8000000000
8.7855000000,0.0012846863,0.1992327977,falla_engranaje,0.8000000000
8.7860000000,0.0013668993,0.2028788540,falla_engranaje,0.8000000000
8.7865000000,0.0012910836,0.1783473629,falla_engranaje,0.8000000000
8.7870000000,0.0011482615,0.2003130258,falla_engranaje,0.8000000000
8.7875000000,0.0011929969,0.1880989498,falla_engranaje,0.8000000000
8.7880000000,0.0011952656,0.1748187115,falla_engranaje,0.8000000000
8.7885000000,0.0012060183,0.2025314431,falla_engranaje,0.8000000000
8.7890000000,0.0011378421,0.1938704051,falla_engranaje,0.8000000000
8.7895000000,0.0012267626,0.1932834724,falla_engranaje,0.8000000000
8.7900000000,0.0011410268,0.1592213466,falla_engranaje,0.8000000000
8.7905000000,0.0011276867,0.1809014684,falla_engranaje,0.8000000000
8.7910000000,0.0010512484,0.1737870871,falla_engranaje,0.8000000000
8.7915000000,0.0010138793,0.1838726491,falla_engranaje,0.8000000000
8.7920000000,0.0011172937,0.1718765129,falla_engranaje,0.8000000000
8.7925000000,0.0011315372,0.1586522467,falla_engranaje,0.8000000000
8.7930000000,0.0010226887,0.1761755072,falla_engranaje,0.8000000000
8.7935000000,0.0010254314,0.1698278049,falla_engranaje,0.8000000000
8.7940000000,0.0010781388,0.1701824810,falla_engranaje,0.8000000000
8.7945000000,0.0010498180,0.1539012011,falla_engranaje,0.8000000000
8.7950000000,0.0011190629,0.1631800318,falla_engranaje,0.8000000000
8.7955000000,0.0010705341,0.1782379250,falla_engranaje,0.8000000000
8.7960000000,0.0009315906,0.1677479550,falla_engranaje,0.8000000000
8.7965000000,0.0009925729,0.1538402283,falla_engranaje,0.8000000000
8.7970000000,0.0009140277,0.1431531317,falla_engranaje,0.8000000000
8.7975000000,0.0008619450,0.1545303408,falla_engranaje,0.8000000000
8.7980000000,0.0009797042,0.1509756861,falla_engranaje,0.8000000000
8.7985000000,0.0008906652,0.1490233732,falla_engranaje,0.8000000000
8.7990000000,0.0009619349,0.1480429238,falla_engranaje,0.8000000000
8.7995000000,0.0009846889,0.1575582124,falla_engranaje,0.8000000000
8.8000000000,0.0008398950,0.1480842009,falla_engranaje,0.8000000000
8.8005000000,0.0006727266,0.1256304033,falla_engranaje,0.8000000000
8.8010000000,0.0008907826,0.1343470058,falla_engranaje,0.8000000000
8.8015000000,0.0007193215,0.1496180166,falla_engranaje,0.8000000000
8.8020000000,0.0007393440,0.1352718260,falla_engranaje,0.8000000000
8.8025000000,0.0007072243,0.1329053112,falla_engranaje,0.8000000000
8.8030000000,0.0009865140,0.1426423736,falla_engranaje,0.8000000000
8.8035000000,0.0007668229,0.1371112047,falla_engranaje,0.8000000000
8.8040000000,0.0008441435,0.1423201484,falla_engranaje,0.8000000000
8.8045000000,0.0008006830,0.1439784139,falla_engranaje,0.8000000000
8.8050000000,0.0006498465,0.1242552255,falla_engranaje,0.8000000000
8.8055000000,0.0007460909,0.1275686502,falla_engranaje,0.8000000000
8.8060000000,0.0006507791,0.1301994273,falla_engranaje,0.8000000000
8.8065000000,0.0006927674,0.1036609333,falla_engranaje,0.8000000000
8.8070000000,0.0008551014,0.1268051451,falla_engranaje,0.8000000000
8.8075000000,0.0007923242,0.1164680946,falla_engranaje,0.8000000000
8.8080000000,0.0007823142,0.1266430335,falla_engranaje,0.8000000000
8.8085000000,0.0006601604,0.1210404582,falla_engranaje,0.8000000000
8.8090000000,0.0006597646,0.1144400771,falla_engranaje,0.8000000000
8.8095000000,0.0006646561,0.0998230488,falla_engranaje,0.8000000000
8.8100000000,0.0007299914,0.1141716250,falla_engranaje,0.8000000000
8.8105000000,0.0007445894,0.1202996178,falla_engranaje,0.8000000000
8.8110000000,0.0007147746,0.1127850039,falla_engranaje,0.8000000000
8.8115000000,0.0005641679,0.1043637743,falla_engranaje,0.8000000000
8.8120000000,0.0006722284,0.1115027345,falla_engranaje,0.8000000000
8.8125000000,0.0004960377,0.1005911005,falla_engranaje,0.8000000000
8.8130000000,0.0004056878,0.1048820557,falla_engranaje,0.8000000000
8.8135000000,0.0005634846,0.1087024327,falla_engranaje,0.8000000000
8.8140000000,0.0004910585,0.0871656388,falla_engranaje,0.8000000000
8.8145000000,0.0005227511,0.0951357112,falla_engranaje,0.8000000000
8.8150000000,0.0006546276,0.1092876142,falla_engranaje,0.8000000000
8.8155000000,0.0004500205,0.0754522756,falla_engranaje,0.8000000000
8.8160000000,0.0006067562,0.0979353159,falla_engranaje,0.8000000000
8.8165000000,0.0005191856,0.0904018268,falla_engranaje,0.8000000000
8.8170000000,0.0004086493,0.1031826362,falla_engranaje,0.8000000000
8.8175000000,0.0005184960,0.0907618298,falla_engranaje,0.8000000000
8.8180000000,0.0004652329,0.0909027326,falla_engranaje,0.8000000000
8.8185000000,0.0004425956,0.0809841302,falla_engranaje,0.8000000000
8.8190000000,0.0004242158,0.0755397603,falla_engranaje,0.8000000000
8.8195000000,0.0004742719,0.0717396336,falla_engranaje,0.8000000000
8.8200000000,0.0003079881,0.0876466981,falla_engranaje,0.8000000000
8.8205000000,0.0003963038,0.0857093080,falla_engranaje,0.8000000000
8.8210000000,0.0003155941,0.0802727415,falla_engranaje,0.8000000000
8.8215000000,0.0001460006,0.0655850088,falla_engranaje,0.8000000000
8.8220000000,0.0004359106,0.0728640912,falla_engranaje,0.8000000000
8.8225000000,0.0002557178,0.0650096703,falla_engranaje,0.8000000000
8.8230000000,0.0003081850,0.0629605101,falla_engranaje,0.8000000000
8.8235000000,0.0003370563,0.0568426771,falla_engranaje,0.8000000000
8.8240000000,0.0002310623,0.0751917566,falla_engranaje,0.8000000000
8.8245000000,0.0003699887,0.0631888041,falla_engranaje,0.8000000000
8.8250000000,0.0003313428,0.0692296444,falla_engranaje,0.8000000000
8.8255000000,0.0002802344,0.0532722770,falla_engranaje,0.8000000000
8.8260000000,0.0002774523,0.0400461522,falla_engranaje,0.8000000000
8.8265000000,0.0002427032,0.0595230487,falla_engranaje,0.8000000000
8.8270000000,0.0001236086,0.0508702896,falla_engranaje,0.8000000000
8.8275000000,0.0001287678,0.0559599383,falla_engranaje,0.8000000000
8.8280000000,0.0001909527,0.0581663905,falla_engranaje,0.8000000000
8.8285000000,0.0002891538,0.0559738434,falla_engranaje,0.8000000000
8.8290000000,0.0001933757,0.0544128015,falla_engranaje,0.8000000000
8.8295000000,0.0002065643,0.0641496026,falla_engranaje,0.8000000000
8.8300000000,0.0001716682,0.0511248640,falla_engranaje,0.8000000000
8.8305000000,0.0000859917,0.0313022265,falla_engranaje,0.8000000000
8.8310000000,0.0001372330,0.0614434720,falla_engranaje,0.8000000000
8.8315000000,0.0001310903,0.0265218451,falla_engranaje,0.8000000000
8.8320000000,0.0002300001,0.0369712549,falla_engranaje,0.8000000000
8.8325000000,0.0000932373,0.0378444301,falla_engranaje,0.8000000000
8.8330000000,0.0001278963,0.0251360691,falla_engranaje,0.8000000000
8.8335000000,0.0000573646,0.0177107231,falla_engranaje,0.8000000000
8.8340000000,0.0001573375,0.0268704070,falla_engranaje,0.8000000000
8.8345000000,0.0000677285,0.0482075164,falla_engranaje,0.8000000000
8.8350000000,0.0000491947,0.0344588599,falla_engranaje,0.8000000000
8.8355000000,0.0002306737,0.0365314777,falla_engranaje,0.8000000000
8.8360000000,0.0000163179,0.0382138676,falla_engranaje,0.8000000000
8.8365000000,-0.0000125994,0.0033275676,falla_engranaje,0.8000000000
8.8370000000,0.0000685620,0.0228630011,falla_engranaje,0.8000000000
8.8375000000,-0.0001367416,0.0329767701,falla_engranaje,0.8000000000
8.8380000000,-0.0000871904,0.0191598232,falla_engranaje,0.8000000000
8.8385000000,-0.0000581950,0.0168103981,falla_engranaje,0.8000000000
8.8390000000,-0.0000122194,0.0273862647,falla_engranaje,0.8000000000
8.8395000000,-0.0000879215,0.0139508432,falla_engranaje,0.8000000000
8.8400000000,-0.0000259689,0.0027312913,falla_engranaje,0.8000000000
8.8405000000,-0.0000864461,0.0274082748,falla_engranaje,0.8000000000
8.8410000000,0.0000023778,-0.0062692780,falla_engranaje,0.8000000000
8.8415000000,-0.0001496203,0.0087345690,falla_engranaje,0.8000000000
8.8420000000,-0.0001193292,0.0180202802,falla_engranaje,0.8000000000
8.8425000000,-0.0001790635,0.0010821140,falla_engranaje,0.8000000000
8.8430000000,-0.0000808160,0.0034963099,falla_engranaje,0.8000000000
8.8435000000,-0.0001884379,0.0085737049,falla_engranaje,0.8000000000
8.8440000000,-0.0001531482,-0.0140305836,falla_engranaje,0.8000000000
8.8445000000,-0.0003300169,-0.0059325521,falla_engranaje,0.8000000000
8.8450000000,-0.0001777517,0.0119279834,falla_engranaje,0.8000000000
8.8455000000,-0.0001590279,-0.0114807027,falla_engranaje,0.8000000000
8.8460000000,-0.0002082861,0.0096412595,falla_engranaje,0.8000000000
8.8465000000,-0.0001361755,-0.0096224422,falla_engranaje,0.8000000000
8.8470000000,-0.0001688124,0.0016890457,falla_engranaje,0.8000000000
8.8475000000,-0.0001467121,0.0085345945,falla_engranaje,0.8000000000
8.8480000000,-0.0002180544,-0.0246525801,falla_engranaje,0.8000000000
8.8485000000,-0.0003144988,-0.0058608773,falla_engranaje,0.8000000000
8.8490000000,-0.0002155677,-0.0156844287,falla_engranaje,0.8000000000
8.8495000000,-0.0003625065,-0.0240084092,falla_engranaje,0.8000000000
8.8500000000,-0.0002702272,-0.0412288273,falla_engranaje,0.8000000000
8.8505000000,-0.0004463144,-0.0175367304,falla_engranaje,0.8000000000
8.8510000000,-0.0004717432,-0.0217481264,falla_engranaje,0.8000000000
8.8515000000,-0.0002533949,-0.0152959346,falla_engranaje,0.8000000000
8.8520000000,-0.0003675562,-0.0135073598,falla_engranaje,0.8000000000
8.8525000000,-0.0004124545,-0.0203319457,falla_engranaje,0.8000000000
8.8530000000,-0.0004180453,-0.0245477185,falla_engranaje,0.8000000000
8.8535000000,-0.0005076240,-0.0406176958,falla_engranaje,0.8000000000
8.8540000000,-0.0003342779,-0.0437103152,falla_engranaje,0.8000000000
8.8545000000,-0.0004126618,-0.0279553370,falla_engranaje,0.8000000000
8.8550000000,-0.0004260365,-0.0498478347,falla_engranaje,0.8000000000
8.8555000000,-0.0003644798,-0.0456966128,falla_engranaje,0.8000000000
8.8560000000,-0.0003184354,-0.0312898557,falla_engranaje,0.8000000000
8.8565000000,-0.0004578020,-0.0362405603,falla_engranaje,0.8000000000
8.8570000000,-0.0004533026,-0.0591344644,falla_engranaje,0.8000000000
8.8575000000,-0.0005030255,-0.0507110828,falla_engranaje,0.8000000000
8.8580000000,-0.0003854793,-0.0400249103,falla_engranaje,0.8000000000
8.8585000000,-0.0005846154,-0.0480258058,falla_engranaje,0.8000000000
8.8590000000,-0.0005671784,-0.0595953527,falla_engranaje,0.8000000000
8.8595000000,-0.0005209037,-0.0565997528,falla_engranaje,0.8000000000
8.8600000000,-0.0004525872,-0.0549262147,falla_engranaje,0.8000000000
8.8605000000,-0.0006992697,-0.0568885370,falla_engranaje,0.8000000000
8.8610000000,-0.0006800998,-0.0567671201,falla_engranaje,0.8000000000
8.8615000000,-0.0005727762,-0.0412241352,falla_engranaje,0.8000000000
8.8620000000,-0.0005398381,-0.0672438312,falla_engranaje,0.8000000000
8.8625000000,-0.0005025458,-0.0519243193,falla_engranaje,0.8000000000
8.8630000000,-0.0007228405,-0.0609362533,falla_engranaje,0.8000000000
8.8635000000,-0.0005855168,-0.0621015558,falla_engranaje,0.8000000000
8.8640000000,-0.0006341812,-0.0564935126,falla_engranaje,0.8000000000
8.8645000000,-0.0006003703,-0.0515543824,falla_engranaje,0.8000000000
8.8650000000,-0.0006573985,-0.0859134343,falla_engranaje,0.8000000000
8.8655000000,-0.0006933048,-0.0819946005,falla_engranaje,0.8000000000
8.8660000000,-0.0007106309,-0.0728302583,falla_engranaje,0.8000000000
8.8665000000,-0.0006498808,-0.0856448550,falla_engranaje,0.8000000000
8.8670000000,-0.0005496502,-0.0786032831,falla_engranaje,0.8000000000
8.8675000000,-0.0006636494,-0.0698409614,falla_engranaje,0.8000000000
8.8680000000,-0.0007868519,-0.0835387848,falla_engranaje,0.8000000000
8.8685000000,-0.0007863531,-0.0857879661,falla_engranaje,0.8000000000
8.8690000000,-0.0007787665,-0.0876645086,falla_engranaje,0.8000000000
8.8695000000,-0.0007113596,-0.1073697572,falla_engranaje,0.8000000000
8.8700000000,-0.0007631500,-0.0691008148,falla_engranaje,0.8000000000
8.8705000000,-0.0006984977,-0.0887202468,falla_engranaje,0.8000000000
8.8710000000,-0.0007757673,-0.0971505441,falla_engranaje,0.8000000000
8.8715000000,-0.0007406991,-0.0790018233,falla_engranaje,0.8000000000
8.8720000000,-0.0007665525,-0.0921350034,falla_engranaje,0.8000000000
8.8725000000,-0.0007964046,-0.0781957951,falla_engranaje,0.8000000000
8.8730000000,-0.0006897611,-0.0895335286,falla_engranaje,0.8000000000
8.8735000000,-0.0007223321,-0.1098850314,falla_engranaje,0.8000000000
8.8740000000,-0.0009645642,-0.0777716028,falla_engranaje,0.8000000000
8.8745000000,-0.0008948048,-0.0885278371,falla_engranaje,0.8000000000
8.8750000000,-0.0008784353,-0.1112340201,falla_engranaje,0.8000000000
8.8755000000,-0.0008788632,-0.1143818906,falla_engranaje,0.8000000000
8.8760000000,-0.0009148096,-0.1105342045,falla_engranaje,0.8000000000
8.8765000000,-0.0007777680,-0.1028336583,falla_engranaje,0.8000000000
8.8770000000,-0.0008920833,-0.0926936962,falla_engranaje,0.8000000000
8.8775000000,-0.0008261664,-0.1014436965,falla_engranaje,0.8000000000
8.8780000000,-0.0008847046,-0.0973749128,falla_engranaje,0.8000000000
8.8785000000,-0.0008614680,-0.0965241618,falla_engranaje,0.8000000000
8.8790000000,-0.0008686494,-0.1111700380,falla_engranaje,0.8000000000
8.8795000000,-0.0008509334,-0.1068098153,falla_engranaje,0.8000000000
8.8800000000,-0.0008690356,-0.1103627771,falla_engranaje,0.8000000000
8.8805000000,-0.0009347267,-0.1149318270,falla_engranaje,0.8000000000
8.8810000000,-0.0010734071,-0.1106264519,falla_engranaje,0.8000000000
8.8815000000,-0.0009522955,-0.1060094396,falla_engranaje,0.8000000000
8.8820000000,-0.0009423564,-0.1194021244,falla_engranaje,0.8000000000
8.8825000000,-0.0009511563,-0.1163723669,falla_engranaje,0.8000000000
8.8830000000,-0.0009852371,-0.1155612430,falla_engranaje,0.8000000000
8.8835000000,-0.0009876813,-0.1103380557,falla_engranaje,0.8000000000
8.8840000000,-0.0010339285,-0.1169776514,falla_engranaje,0.8000000000
8.8845000000,-0.0009774226,-0.1245817974,falla_engranaje,0.8000000000
8.8850000000,-0.0011487244,-0.1249584622,falla_engranaje,0.8000000000
8.8855000000,-0.0011030589,-0.1272637997,falla_engranaje,0.8000000000
8.8860000000,-0.0009133159,-0.1282711479,falla_engranaje,0.8000000000
8.8865000000,-0.0010654359,-0.1283154538,falla_engranaje,0.8000000000
8.8870000000,-0.0010803708,-0.1362949116,falla_engranaje,0.8000000000
8.8875000000,-0.0011640088,-0.1194837884,falla_engranaje,0.8000000000
8.8880000000,-0.0009672044,-0.1318098301,falla_engranaje,0.8000000000
8.8885000000,-0.0011345083,-0.1303912303,falla_engranaje,0.8000000000
8.8890000000,-0.0010627580,-0.1320916671,falla_engranaje,0.8000000000
8.8895000000,-0.0010460234,-0.1352709233,falla_engranaje,0.8000000000
8.8900000000,-0.0012835736,-0.1370798831,falla_engranaje,0.8000000000
8.8905000000,-0.0010344205,-0.1312852338,falla_engranaje,0.8000000000
8.8910000000,-0.0012511670,-0.1302012193,falla_engranaje,0.8000000000
8.8915000000,-0.0012343231,-0.1328042839,falla_engranaje,0.8000000000
8.8920000000,-0.0011965506,-0.1502209342,falla_engranaje,0.8000000000
8.8925000000,-0.0011313575,-0.1447432245,falla_engranaje,0.8000000000
8.8930000000,-0.0011027289,-0.1511874522,falla_engranaje,0.8000000000
8.8935000000,-0.0010935064,-0.1484529075,falla_engranaje,0.8000000000
8.8940000000,-0.0011111856,-0.1372538606,falla_engranaje,0.8000000000
8.8945000000,-0.0011437637,-0.1415988162,falla_engranaje,0.8000000000
8.8950000000,-0.0011347326,-0.1688058456,falla_engranaje,0.8000000000
8.8955000000,-0.0011265847,-0.1542383114,falla_engranaje,0.8000000000
8.8960000000,-0.0012704768,-0.1520508635,falla_engranaje,0.8000000000
8.8965000000,-0.0012184137,-0.1609177374,falla_engranaje,0.8000000000
8.8970000000,-0.0012116362,-0.1527099277,falla_engranaje,0.8000000000
8.8975000000,-0.0012886764,-0.1572755908,falla_engranaje,0.8000000000
8.8980000000,-0.0013618820,-0.1655526331,falla_engranaje,0.8000000000
8.8985000000,-0.0011958556,-0.1465403654,falla_engranaje,0.8000000000
8.8990000000,-0.0012885157,-0.1628949419,falla_engranaje,0.8000000000
8.8995000000,-0.0011672360,-0.1628588071,falla_engranaje,0.8000000000
8.9000000000,-0.0012556604,-0.1771541509,falla_engranaje,0.8000000000
8.9005000000,-0.0012271989,-0.1703884082,falla_engranaje,0.8000000000
8.9010000000,-0.0013229346,-0.1640116893,falla_engranaje,0.8000000000
8.9015000000,-0.0012678724,-0.1589374472,falla_engranaje,0.8000000000
8.9020000000,-0.0013231165,-0.1756316334,falla_engranaje,0.8000000000
8.9025000000,-0.0013385524,-0.1789235389,falla_engranaje,0.8000000000
8.9030000000,-0.0011880535,-0.1681285080,falla_engranaje,0.8000000000
8.9035000000,-0.0013562916,-0.1890595058,falla_engranaje,0.8000000000
8.9040000000,-0.0013978525,-0.1689187298,falla_engranaje,0.8000000000
8.9045000000,-0.0013365088,-0.1683978592,falla_engranaje,0.8000000000
8.9050000000,-0.0013063603,-0.1914742782,falla_engranaje,0.8000000000
8.9055000000,-0.0013061187,-0.1895961402,falla_engranaje,0.8000000000
8.9060000000,-0.0013365274,-0.1827315234,falla_engranaje,0.8000000000
8.9065000000,-0.0013596694,-0.1744706767,falla_engranaje,0.8000000000
8.9070000000,-0.0014199477,-0.1774018609,falla_engranaje,0.8000000000
8.9075000000,-0.0012986884,-0.1821839374,falla_engranaje,0.8000000000
8.9080000000,-0.0013606057,-0.1974101620,falla_engranaje,0.8000000000
8.9085000000,-0.0014463603,-0.1942134000,falla_engranaje,0.8000000000
8.9090000000,-0.0013584407,-0.1817754220,falla_engranaje,0.8000000000
8.9095000000,-0.0014572072,-0.1787902879,falla_engranaje,0.8000000000
8.9100000000,-0.0014217076,-0.1758247464,falla_engranaje,0.8000000000
8.9105000000,-0.0014209516,-0.1979905641,falla_engranaje,0.8000000000
8.9110000000,-0.0015248626,-0.2030158288,falla_engranaje,0.8000000000
8.9115000000,-0.0014429398,-0.1839604074,falla_engranaje,0.8000000000
8.9120000000,-0.0014002107,-0.1997230425,falla_engranaje,0.8000000000
8.9125000000,-0.0014019596,-0.2047915730,falla_engranaje,0.8000000000
8.9130000000,-0.0014428549,-0.2065682113,falla_engranaje,0.8000000000
8.9135000000,-0.0013226914,-0.2076116678,falla_engranaje,0.8000000000
8.9140000000,-0.0015572055,-0.1967994045,falla_engranaje,0.8000000000
8.9145000000,-0.0015219971,-0.1994797307,falla_engranaje,0.8000000000
8.9150000000,-0.0015406805,-0.1934031585,falla_engranaje,0.8000000000
8.9155000000,-0.0015467161,-0.2205761315,falla_engranaje,0.8000000000
8.9160000000,-0.0015774875,-0.2080997027,falla_engranaje,0.8000000000
8.9165000000,-0.0013834033,-0.2024974138,falla_engranaje,0.8000000000
8.9170000000,-0.0014820064,-0.2294115904,falla_engranaje,0.8000000000
8.9175000000,-0.0015182342,-0.2246859313,falla_engranaje,0.8000000000
8.9180000000,-0.0015912986,-0.2000501852,falla_engranaje,0.8000000000
8.9185000000,-0.0014683782,-0.2041657694,falla_engranaje,0.8000000000
8.9190000000,-0.0016252044,-0.2009579309,falla_engranaje,0.8000000000
8.9195000000,-0.0015283567,-0.2063891117,falla_engranaje,0.8000000000
8.9200000000,-0.0014825970,-0.2354471948,falla_engranaje,0.8000000000
8.9205000000,-0.0014338555,-0.2059359297,falla_engranaje,0.8000000000
8.9210000000,-0.0016365407,-0.2203982751,falla_engranaje,0.8000000000
8.9215000000,-0.0015494936,-0.2161060627,falla_engranaje,0.8000000000
8.9220000000,-0.0016377258,-0.2178019539,falla_engranaje,0.8000000000
8.9225000000,-0.0017233129,-0.2321591674,falla_engranaje,0.8000000000
8.9230000000,-0.0016461248,-0.2223210536,falla_engranaje,0.8000000000
8.9235000000,-0.0015010982,-0.2165176188,falla_engranaje,0.8000000000
8.9240000000,-0.0015303065,-0.2170809660,falla_engranaje,0.8000000000
8.9245000000,-0.0016001904,-0.2329732892,falla_engranaje,0.8000000000
8.9250000000,-0.0016648663,-0.2103121907,falla_engranaje,0.8000000000
8.9255000000,-0.0016651832,-0.2215591645,falla_engranaje,0.8000000000
8.9260000000,-0.0016016941,-0.2173927086,falla_engranaje,0.8000000000
8.9265000000,-0.0016336188,-0.2247503339,falla_engranaje,0.8000000000
8.9270000000,-0.0017931035,-0.2320528358,falla_engranaje,0.8000000000
8.9275000000,-0.0015454260,-0.2175259912,falla_engranaje,0.8000000000
8.9280000000,-0.0016145963,-0.2251172311,falla_engranaje,0.8000000000
8.9285000000,-0.0016338602,-0.2146397649,falla_engranaje,0.8000000000
8.9290000000,-0.0016410330,-0.2269628577,falla_engranaje,0.8000000000
8.9295000000,-0.0016216829,-0.2224024596,falla_engranaje,0.8000000000
8.9300000000,-0.0016539678,-0.2525308699,falla_engranaje,0.8000000000
8.9305000000,-0.0015522827,-0.2472763386,falla_engranaje,0.8000000000
8.9310000000,-0.0015859719,-0.2374626064,falla_engranaje,0.8000000000
8.9315000000,-0.0016535564,-0.2434394722,falla_engranaje,0.8000000000
8.9320000000,-0.0017136159,-0.2329224088,falla_engranaje,0.8000000000
8.9325000000,-0.0017333316,-0.2308472864,falla_engranaje,0.8000000000
8.9330000000,-0.0016979661,-0.2412804227,falla_engranaje,0.8000000000
8.9335000000,-0.0016945344,-0.2236825971,falla_engranaje,0.8000000000
8.9340000000,-0.0016542381,-0.2382496262,falla_engranaje,0.8000000000
8.9345000000,-0.0017809054,-0.2508913147,falla_engranaje,0.8000000000
8.9350000000,-0.0017554324,-0.2478455615,falla_engranaje,0.8000000000
8.9355000000,-0.0016825243,-0.2473666026,falla_engranaje,0.8000000000
8.9360000000,-0.0015559702,-0.2482935723,falla_engranaje,0.8000000000
8.9365000000,-0.0017997981,-0.2628395023,falla_engranaje,0.8000000000
8.9370000000,-0.0018342707,-0.2462580096,falla_engranaje,0.8000000000
8.9375000000,-0.0017607788,-0.2327024539,falla_engranaje,0.8000000000
8.9380000000,-0.0016566130,-0.2534834592,falla_engranaje,0.8000000000
8.9385000000,-0.0018071890,-0.2439082009,falla_engranaje,0.8000000000
8.9390000000,-0.0017515766,-0.2512195047,falla_engranaje,0.8000000000
8.9395000000,-0.0018868381,-0.2568665522,falla_engranaje,0.8000000000
8.9400000000,-0.0018734632,-0.2432634031,falla_engranaje,0.8000000000
8.9405000000,-0.0018396520,-0.2537578301,falla_engranaje,0.8000000000
8.9410000000,-0.0018087323,-0.2611615469,falla_engranaje,0.8000000000
8.9415000000,-0.0018452999,-0.2565247128,falla_engranaje,0.8000000000
8.9420000000,-0.0016901407,-0.2576140168,falla_engranaje,0.8000000000
8.9425000000,-0.0018385783,-0.2657551598,falla_engranaje,0.8000000000
8.9430000000,-0.0018068011,-0.2655036912,falla_engranaje,0.8000000000
8.9435000000,-0.0018068133,-0.2556963706,falla_engranaje,0.8000000000
8.9440000000,-0.0018540947,-0.2558062996,falla_engranaje,0.8000000000
8.9445000000,-0.0017405737,-0.2530583210,falla_engranaje,0.8000000000
8.9450000000,-0.0017601338,-0.2563229475,falla_engranaje,0.8000000000
8.9455000000,-0.0018156502,-0.2529157668,falla_engranaje,0.8000000000
8.9460000000,-0.0019010364,-0.2563457760,falla_engranaje,0.8000000000
8.9465000000,-0.0017706609,-0.2657659771,falla_engranaje,0.8000000000
8.9470000000,-0.0017783773,-0.2778297772,falla_engranaje,0.8000000000
8.9475000000,-0.0019354780,-0.2601285106,falla_engranaje,0.8000000000
8.9480000000,-0.0018539985,-0.2614446226,falla_engranaje,0.8000000000
8.9485000000,-0.0017475636,-0.2632813771,falla_engranaje,0.8000000000
8.9490000000,-0.0018810339,-0.2795165653,falla_engranaje,0.8000000000
8.9495000000,-0.0017975413,-0.2678922265,falla_engranaje,0.8000000000
8.9500000000,-0.0018415460,-0.2710620936,falla_engranaje,0.8000000000
8.9505000000,-0.0017982618,-0.2637939915,falla_engranaje,0.8000000000
8.9510000000,-0.0017832258,-0.2708451117,falla_engranaje,0.8000000000
8.9515000000,-0.0018150670,-0.2770015233,falla_engranaje,0.8000000000
8.9520000000,-0.0018110100,-0.2828703427,falla_engranaje,0.8000000000
8.9525000000,-0.0019143240,-0.2665278690,falla_engranaje,0.8000000000
8.9530000000,-0.0018389065,-0.2788612966,falla_engranaje,0.8000000000
8.9535000000,-0.0019395422,-0.2829398474,falla_engranaje,0.8000000000
8.9540000000,-0.0018620061,-0.2791638076,falla_engranaje,0.8000000000
8.9545000000,-0.0019804934,-0.2858148178,falla_engranaje,0.8000000000
8.9550000000,-0.0017552223,-0.2735073766,falla_engranaje,0.8000000000
8.9555000000,-0.0019136027,-0.2745799528,falla_engranaje,0.8000000000
8.9560000000,-0.0020038722,-0.2737551925,falla_engranaje,0.8000000000
8.9565000000,-0.0018148134,-0.2781421115,falla_engranaje,0.8000000000
8.9570000000,-0.0017397300,-0.2858013766,falla_engranaje,0.8000000000
8.9575000000,-0.0018932145,-0.2886420781,falla_engranaje,0.8000000000
8.9580000000,-0.0019144592,-0.2736055741,falla_engranaje,0.8000000000
8.9585000000,-0.0019183345,-0.2977769142,falla_engranaje,0.8000000000
8.9590000000,-0.0019326499,-0.2788469526,falla_engranaje,0.8000000000
8.9595000000,-0.0018944434,-0.2993076226,falla_engranaje,0.8000000000
8.9600000000,-0.0018914160,-0.3012639119,falla_engranaje,0.8000000000
8.9605000000,-0.0019290097,-0.2788707864,falla_engranaje,0.8000000000
8.9610000000,-0.0019078203,-0.2826649595,falla_engranaje,0.8000000000
8.9615000000,-0.0019930333,-0.2983860317,falla_engranaje,0.8000000000
8.9620000000,-0.0018538280,-0.2891642554,falla_engranaje,0.8000000000
8.9625000000,-0.0018776940,-0.2944421198,falla_engranaje,0.8000000000
8.9630000000,-0.0019110018,-0.2861228320,falla_engranaje,0.8000000000
8.9635000000,-0.0019099530,-0.2986027683,falla_engranaje,0.8000000000
8.9640000000,-0.0018504360,-0.2866530847,falla_engranaje,0.8000000000
8.9645000000,-0.0018683507,-0.2838415109,falla_engranaje,0.8000000000
8.9650000000,-0.0019805330,-0.2914887301,falla_engranaje,0.8000000000
8.9655000000,-0.0018792704,-0.3230527449,falla_engranaje,0.8000000000
8.9660000000,-0.0019282785,-0.3065058256,falla_engranaje,0.8000000000
8.9665000000,-0.0018897673,-0.2949995987,falla_engranaje,0.8000000000
8.9670000000,-0.0018856110,-0.3071736209,falla_engranaje,0.8000000000
8.9675000000,-0.0018265514,-0.2878180123,falla_engranaje,0.8000000000
8.9680000000,-0.0018613975,-0.2689921188,falla_engranaje,0.8000000000
8.9685000000,-0.0019724098,-0.2802255096,falla_engranaje,0.8000000000
8.9690000000,-0.0018098294,-0.2890320146,falla_engranaje,0.8000000000
8.9695000000,-0.0018296924,-0.3034716038,falla_engranaje,0.8000000000
8.9700000000,-0.0018780076,-0.3161436773,falla_engranaje,0.8000000000
8.9705000000,-0.0020248553,-0.2957626557,falla_engranaje,0.8000000000
8.9710000000,-0.0019255045,-0.3125555908,falla_engranaje,0.8000000000
8.9715000000,-0.0019279359,-0.2924355018,falla_engranaje,0.8000000000
8.9720000000,-0.0019141653,-0.2872924466,falla_engranaje,0.8000000000
8.9725000000,-0.0020801323,-0.3085714593,falla_engranaje,0.8000000000
8.9730000000,-0.0019143721,-0.2820071301,falla_engranaje,0.8000000000
8.9735000000,-0.0019722458,-0.2996478225,falla_engranaje,0.8000000000
8.9740000000,-0.0019943817,-0.3023896938,falla_engranaje,0.8000000000
8.9745000000,-0.0019737196,-0.2937939454,falla_engranaje,0.8000000000
8.9750000000,-0.0019384123,-0.3130803409,falla_engranaje,0.8000000000
8.9755000000,-0.0017887499,-0.3118103940,falla_engranaje,0.8000000000
8.9760000000,-0.0018090829,-0.3189540593,falla_engranaje,0.8000000000
8.9765000000,-0.0020082171,-0.3149999942,falla_engranaje,0.8000000000
8.9770000000,-0.0019546930,-0.3030684611,falla_engranaje,0.8000000000
8.9775000000,-0.0019661934,-0.3113076292,falla_engranaje,0.8000000000
8.9780000000,-0.0018624495,-0.2978071165,falla_engranaje,0.8000000000
8.9785000000,-0.0018514540,-0.3002795146,falla_engranaje,0.8000000000
8.9790000000,-0.0019372264,-0.3100706132,falla_engranaje,0.8000000000
8.9795000000,-0.0019796782,-0.3064687430,falla_engranaje,0.8000000000
8.9800000000,-0.0018338740,-0.3046675972,falla_engranaje,0.8000000000
8.9805000000,-0.0019231868,-0.3080993105,falla_engranaje,0.8000000000
8.9810000000,-0.0020168498,-0.3105893650,falla_engranaje,0.8000000000
8.9815000000,-0.0018858485,-0.2849087254,falla_engranaje,0.8000000000
8.9820000000,-0.0020011253,-0.3176277978,falla_engranaje,0.8000000000
8.9825000000,-0.0019449286,-0.3371367620,falla_engranaje,0.8000000000
8.9830000000,-0.0018764155,-0.3424246916,falla_engranaje,0.8000000000
8.9835000000,-0.0019593851,-0.3189920739,falla_engranaje,0.8000000000
8.9840000000,-0.0019763477,-0.3056535810,falla_engranaje,0.8000000000
8.9845000000,-0.0019183081,-0.3180260082,falla_engranaje,0.8000000000
8.9850000000,-0.0019923305,-0.3198853873,falla_engranaje,0.8000000000
8.9855000000,-0.0020410326,-0.3133346614,falla_engranaje,0.8000000000
8.9860000000,-0.0020492231,-0.3165712652,falla_engranaje,0.8000000000
8.9865000000,-0.0019086279,-0.3071651060,falla_engranaje,0.8000000000
8.9870000000,-0.0018944740,-0.3294697525,falla_engranaje,0.8000000000
8.9875000000,-0.0020203189,-0.3162649138,falla_engranaje,0.8000000000
8.9880000000,-0.0019260654,-0.3274410092,falla_engranaje,0.8000000000
8.9885000000,-0.0018515352,-0.3187690507,falla_engranaje,0.8000000000
8.9890000000,-0.0020305230,-0.3169632296,falla_engranaje,0.8000000000
8.9895000000,-0.0018629837,-0.3139320328,falla_engranaje,0.8000000000
8.9900000000,-0.0019304263,-0.3077669165,falla_engranaje,0.8000000000
8.9905000000,-0.0019101136,-0.3124433306,falla_engranaje,0.8000000000
8.9910000000,-0.0018843044,-0.3254941940,falla_engranaje,0.8000000000
8.9915000000,-0.0020441335,-0.3160435557,falla_engranaje,0.8000000000
8.9920000000,-0.0020446451,-0.3235933538,falla_engranaje,0.8000000000
8.9925000000,-0.0019441174,-0.3259283237,falla_engranaje,0.8000000000
8.9930000000,-0.0018300902,-0.2989339574,falla_engranaje,0.8000000000
8.9935000000,-0.0020052867,-0.3279854493,falla_engranaje,0.8000000000
8.9940000000,-0.0019456522,-0.3384142404,falla_engranaje,0.8000000000
8.9945000000,-0.0017794024,-0.3380545700,falla_engranaje,0.8000000000
8.9950000000,-0.0019155224,-0.3320721864,falla_engranaje,0.8000000000
8.9955000000,-0.0018830067,-0.3123440117,falla_engranaje,0.8000000000
8.9960000000,-0.0019158981,-0.3334584087,falla_engranaje,0.8000000000
8.9965000000,-0.0018901743,-0.3282451791,falla_engranaje,0.8000000000
8.9970000000,-0.0019141949,-0.3217642445,falla_engranaje,0.8000000000
8.9975000000,-0.0018557488,-0.3306297867,falla_engranaje,0.8000000000
8.9980000000,-0.0018676107,-0.3340821373,falla_engranaje,0.8000000000
8.9985000000,-0.0018633466,-0.3306039895,falla_engranaje,0.8000000000
8.9990000000,-0.0018971863,-0.3257145938,falla_engranaje,0.8000000000
8.9995000000,-0.0019052885,-0.3361253577,falla_engranaje,0.8000000000
9.0000000000,-0.0019026569,-0.3335641761,falla_engranaje,0.8000000000
9.0005000000,-0.0019154420,-0.3320101037,falla_engranaje,0.8000000000
9.0010000000,-0.0019250499,-0.3388430469,falla_engranaje,0.8000000000
9.0015000000,-0.0019610345,-0.3293492106,falla_engranaje,0.8000000000
9.0020000000,-0.0019379553,-0.3268601385,falla_engranaje,0.8000000000
9.0025000000,-0.0019449783,-0.3255424101,falla_engranaje,0.8000000000
9.0030000000,-0.0019724021,-0.3484568198,falla_engranaje,0.8000000000
9.0035000000,-0.0019907376,-0.3502785051,falla_engranaje,0.8000000000
9.0040000000,-0.0018553032,-0.3363092743,falla_engranaje,0.8000000000
9.0045000000,-0.0018308514,-0.3219365028,falla_engranaje,0.8000000000
9.0050000000,-0.0020627261,-0.3380713099,falla_engranaje,0.8000000000
9.0055000000,-0.0019718097,-0.3461181770,falla_engranaje,0.8000000000
9.0060000000,-0.0018381241,-0.3438821357,falla_engranaje,0.8000000000
9.0065000000,-0.0018836169,-0.3260940818,falla_engranaje,0.8000000000
9.0070000000,-0.0018055856,-0.3473682030,falla_engranaje,0.8000000000
9.0075000000,-0.0019483566,-0.3613496733,falla_engranaje,0.8000000000
9.0080000000,-0.0018946020,-0.3420842900,falla_engranaje,0.8000000000
9.0085000000,-0.0019112149,-0.3408389137,falla_engranaje,0.8000000000
9.0090000000,-0.0018169225,-0.3386488847,falla_engranaje,0.8000000000
9.0095000000,-0.0018072510,-0.3405786649,falla_engranaje,0.8000000000
9.0100000000,-0.0018537923,-0.3370856561,falla_engranaje,0.8000000000
9.0105000000,-0.0019267224,-0.3278851543,falla_engranaje,0.8000000000
9.0110000000,-0.0018185837,-0.3524499814,falla_engranaje,0.8000000000
9.0115000000,-0.0018355928,-0.3430927740,falla_engranaje,0.8000000000
9.0120000000,-0.0018856716,-0.3192895627,falla_engranaje,0.8000000000
9.0125000000,-0.0019621154,-0.3423624553,falla_engranaje,0.8000000000
9.0130000000,-0.0018608754,-0.3402167067,falla_engranaje,0.8000000000
9.0135000000,-0.0018501080,-0.3348195692,falla_engranaje,0.8000000000
9.0140000000,-0.0018376031,-0.3347228008,falla_engranaje,0.8000000000
9.0145000000,-0.0018059807,-0.3527171726,falla_engranaje,0.8000000000
9.0150000000,-0.0017661717,-0.3515072073,falla_engranaje,0.8000000000
9.0155000000,-0.0018231730,-0.3433873211,falla_engranaje,0.8000000000
9.0160000000,-0.0018291265,-0.3396123798,falla_engranaje,0.8000000000
9.0165000000,-0.0017274506,-0.3337252458,falla_engranaje,0.8000000000
9.0170000000,-0.0020035391,-0.3560572426,falla_engranaje,0.8000000000
9.0175000000,-0.0018378118,-0.3385631964,falla_engranaje,0.8000000000
9.0180000000,-0.0017768730,-0.3608359165,falla_engranaje,0.8000000000
9.0185000000,-0.0019221575,-0.3532571102,falla_engranaje,0.8000000000
9.0190000000,-0.0018241083,-0.3418020455,falla_engranaje,0.8000000000
9.0195000000,-0.0018097637,-0.3451360314,falla_engranaje,0.8000000000
9.0200000000,-0.0019426035,-0.3478032798,falla_engranaje,0.8000000000
9.0205000000,-0.0019978426,-0.3620582741,falla_engranaje,0.8000000000
9.0210000000,-0.0017333946,-0.3614313936,falla_engranaje,0.8000000000
9.0215000000,-0.0018722499,-0.3419795667,falla_engranaje,0.8000000000
9.0220000000,-0.0017261106,-0.3578045760,falla_engranaje,0.8000000000
9.0225000000,-0.0018102561,-0.3630251893,falla_engranaje,0.8000000000
9.0230000000,-0.0018914098,-0.3470945392,falla_engranaje,0.8000000000
9.0235000000,-0.0017536804,-0.3416040902,falla_engranaje,0.8000000000
9.0240000000,-0.0017858664,-0.3505974446,falla_engranaje,0.8000000000
9.0245000000,-0.0017493726,-0.3445633852,falla_engranaje,0.8000000000
9.0250000000,-0.0017771816,-0.3625950920,falla_engranaje,0.8000000000
9.0255000000,-0.0017369570,-0.3721987078,falla_engranaje,0.8000000000
9.0260000000,-0.0017339811,-0.3479343983,falla_engranaje,0.8000000000
9.0265000000,-0.0017279877,-0.3570088188,falla_engranaje,0.8000000000
9.0270000000,-0.0017700720,-0.3608957008,falla_engranaje,0.8000000000
9.0275000000,-0.0017756988,-0.3658862018,falla_engranaje,0.8000000000
9.0280000000,-0.0018163601,-0.3689731476,falla_engranaje,0.8000000000
9.0285000000,-0.0016787654,-0.3712440459,falla_engranaje,0.8000000000
9.0290000000,-0.0017661082,-0.3674917757,falla_engranaje,0.8000000000
9.0295000000,-0.0018745446,-0.3506149015,falla_engranaje,0.8000000000
9.0300000000,-0.0017562034,-0.3717308310,falla_engranaje,0.8000000000
9.0305000000,-0.0016900504,-0.3608038694,falla_engranaje,0.8000000000
9.0310000000,-0.0017609881,-0.3723626483,falla_engranaje,0.8000000000
9.0315000000,-0.0017739570,-0.3534471880,falla_engranaje,0.8000000000
9.0320000000,-0.0017743644,-0.3636061311,falla_engranaje,0.8000000000
9.0325000000,-0.0017098913,-0.3395308605,falla_engranaje,0.8000000000
9.0330000000,-0.0016941652,-0.3627519532,falla_engranaje,0.8000000000
9.0335000000,-0.0017817252,-0.3623532505,falla_engranaje,0.8000000000
9.0340000000,-0.0017703422,-0.3563628225,falla_engranaje,0.8000000000
9.0345000000,-0.0019267386,-0.3692514070,falla_engranaje,0.8000000000
9.0350000000,-0.0017089867,-0.3570236434,falla_engranaje,0.8000000000
9.0355000000,-0.0016996077,-0.3587567836,falla_engranaje,0.8000000000
9.0360000000,-0.0018331102,-0.3457717081,falla_engranaje,0.8000000000
9.0365000000,-0.0017720489,-0.3548185791,falla_engranaje,0.8000000000
9.0370000000,-0.0018149054,-0.3482211365,falla_engranaje,0.8000000000
9.0375000000,-0.0018127108,-0.3711281030,falla_engranaje,0.8000000000
9.0380000000,-0.0017429822,-0.3577201231,falla_engranaje,0.8000000000
9.0385000000,-0.0017031081,-0.3626376700,falla_engranaje,0.8000000000
9.0390000000,-0.0017934891,-0.3633827672,falla_engranaje,0.8000000000
9.0395000000,-0.0016997448,-0.3701784116,falla_engranaje,0.8000000000
9.0400000000,-0.0017479553,-0.3567899627,falla_engranaje,0.8000000000
9.0405000000,-0.0016310573,-0.3795541259,falla_engranaje,0.8000000000
9.0410000000,-0.0017423806,-0.3649621585,falla_engranaje,0.8000000000
9.0415000000,-0.0016984211,-0.3558318385,falla_engranaje,0.8000000000
9.0420000000,-0.0015844918,-0.3438550369,falla_engranaje,0.8000000000
9.0425000000,-0.0016917103,-0.3632328844,falla_engranaje,0.8000000000
9.0430000000,-0.0017478733,-0.3837744372,falla_engranaje,0.8000000000
9.0435000000,-0.0017025846,-0.3628219715,falla_engranaje,0.8000000000
9.0440000000,-0.0016742217,-0.3482526321,falla_engranaje,0.8000000000
9.0445000000,-0.0017515194,-0.3468688175,falla_engranaje,0.8000000000
9.0450000000,-0.0016837119,-0.3563479595,falla_engranaje,0.8000000000
9.0455000000,-0.0016245746,-0.3804031164,falla_engranaje,0.8000000000
9.0460000000,-0.0017160432,-0.3456323402,falla_engranaje,0.8000000000
9.0465000000,-0.0017777619,-0.3610669646,falla_engranaje,0.8000000000
9.0470000000,-0.0016347495,-0.3643017429,falla_engranaje,0.8000000000
9.0475000000,-0.0016031559,-0.3682453164,falla_engranaje,0.8000000000
9.0480000000,-0.0016299386,-0.3678125078,falla_engranaje,0.8000000000
9.0485000000,-0.0016702871,-0.3760510343,falla_engranaje,0.8000000000
9.0490000000,-0.0016681337,-0.3697265693,falla_engranaje,0.8000000000
9.0495000000,-0.0016517029,-0.3588115370,falla_engranaje,0.8000000000
9.0500000000,-0.0017617264,-0.3822972849,falla_engranaje,0.8000000000
9.0505000000,-0.0017356882,-0.3527097660,falla_engranaje,0.8000000000
9.0510000000,-0.0017839994,-0.3652861643,falla_engranaje,0.8000000000
9.0515000000,-0.0016818557,-0.3776696038,falla_engranaje,0.8000000000
9.0520000000,-0.0016791760,-0.3513152808,falla_engranaje,0.8000000000
9.0525000000,-0.0016937725,-0.3591159080,falla_engranaje,0.8000000000
9.0530000000,-0.0017097062,-0.3813450786,falla_engranaje,0.8000000000
9.0535000000,-0.0017220911,-0.3417923799,falla_engranaje,0.8000000000
9.0540000000,-0.0017410634,-0.3700106848,falla_engranaje,0.8000000000
9.0545000000,-0.0016016553,-0.3686499288,falla_engranaje,0.8000000000
9.0550000000,-0.0017463247,-0.3706781357,falla_engranaje,0.8000000000
9.0555000000,-0.0016777683,-0.3765185191,falla_engranaje,0.8000000000
9.0560000000,-0.0015862654,-0.3609652675,falla_engranaje,0.8000000000
9.0565000000,-0.0016100128,-0.3660896805,falla_engranaje,0.8000000000
9.0570000000,-0.0015680930,-0.3675248175,falla_engranaje,0.8000000000
9.0575000000,-0.0015513936,-0.3620686145,falla_engranaje,0.8000000000
9.0580000000,-0.0015683623,-0.3648195392,falla_engranaje,0.8000000000
9.0585000000,-0.0016347461,-0.3665605676,falla_engranaje,0.8000000000
9.0590000000,-0.0015047277,-0.3639909741,falla_engranaje,0.8000000000
9.0595000000,-0.0016153616,-0.3759350866,falla_engranaje,0.8000000000
9.0600000000,-0.0017217421,-0.3704426162,falla_engranaje,0.8000000000
9.0605000000,-0.0015844065,-0.3639377746,falla_engranaje,0.8000000000
9.0610000000,-0.0015658476,-0.3861287278,falla_engranaje,0.8000000000
9.0615000000,-0.0016228715,-0.3540674651,falla_engranaje,0.8000000000
9.0620000000,-0.0015986009,-0.3666841777,falla_engranaje,0.8000000000
9.0625000000,-0.0015889433,-0.3727798526,falla_engranaje,0.8000000000
9.0630000000,-0.0014570559,-0.3701651517,falla_engranaje,0.8000000000
9.0635000000,-0.0015854833,-0.3729666295,falla_engranaje,0.8000000000
9.0640000000,-0.0014899993,-0.3679110285,falla_engranaje,0.8000000000
9.0645000000,-0.0016515528,-0.3707423631,falla_engranaje,0.8000000000
9.0650000000,-0.0015839991,-0.3790624298,falla_engranaje,0.8000000000
9.0655000000,-0.0016699876,-0.3873421104,falla_engranaje,0.8000000000
9.0660000000,-0.0015375753,-0.3792656806,falla_engranaje,0.8000000000
9.0665000000,-0.0015472818,-0.3582316683,falla_engranaje,0.8000000000
9.0670000000,-0.0015599842,-0.3662981339,falla_engranaje,0.8000000000
9.0675000000,-0.0014559008,-0.3691035229,falla_engranaje,0.8000000000
9.0680000000,-0.0015690732,-0.3667896750,falla_engranaje,0.8000000000
9.0685000000,-0.0015529547,-0.3573817583,falla_engranaje,0.8000000000
9.0690000000,-0.0014866884,-0.3896124173,falla_engranaje,0.8000000000
9.0695000000,-0.0015514966,-0.3789243763,falla_engranaje,0.8000000000
9.0700000000,-0.0015726452,-0.3775033423,falla_engranaje,0.8000000000
9.0705000000,-0.0015036487,-0.3772632733,falla_engranaje,0.8000000000
9.0710000000,-0.0015457899,-0.3827267977,falla_engranaje,0.8000000000
9.0715000000,-0.0015834914,-0.3705281231,falla_engranaje,0.8000000000
9.0720000000,-0.0014999280,-0.3790731514,falla_engranaje,0.8000000000
9.0725000000,-0.0015063715,-0.3854024253,falla_engranaje,0.8000000000
9.0730000000,-0.0015816301,-0.3892802456,falla_engranaje,0.8000000000
9.0735000000,-0.0013439578,-0.3882263417,falla_engranaje,0.8000000000
9.0740000000,-0.0014509113,-0.3994314477,falla_engranaje,0.8000000000
9.0745000000,-0.0012795375,-0.3754265167,falla_engranaje,0.8000000000
9.0750000000,-0.0015057403,-0.3845305810,falla_engranaje,0.8000000000
9.0755000000,-0.0015061810,-0.3718440323,falla_engranaje,0.8000000000
9.0760000000,-0.0014141431,-0.3765252609,falla_engranaje,0.8000000000
9.0765000000,-0.0013879167,-0.3668635413,falla_engranaje,0.8000000000
9.0770000000,-0.0015639608,-0.3725783232,falla_engranaje,0.8000000000
9.0775000000,-0.0014443963,-0.3805915001,falla_engranaje,0.8000000000
9.0780000000,-0.0014194564,-0.3756494109,falla_engranaje,0.8000000000
9.0785000000,-0.0015324124,-0.3701728461,falla_engranaje,0.8000000000
9.0790000000,-0.0014816001,-0.3763015388,falla_engranaje,0.8000000000
9.0795000000,-0.0014209393,-0.3809816707,falla_engranaje,0.8000000000
9.0800000000,-0.0015375511,-0.3599264396,falla_engranaje,0.8000000000
9.0805000000,-0.0013753867,-0.3588083306,falla_engranaje,0.8000000000
9.0810000000,-0.0013073123,-0.3861024874,falla_engranaje,0.8000000000
9.0815000000,-0.0015098572,-0.3811779037,falla_engranaje,0.8000000000
9.0820000000,-0.0014662381,-0.3939078136,falla_engranaje,0.8000000000
9.0825000000,-0.0015341403,-0.3681360384,falla_engranaje,0.8000000000
9.0830000000,-0.0013959324,-0.3762381145,falla_engranaje,0.8000000000
9.0835000000,-0.0014357748,-0.3807132197,falla_engranaje,0.8000000000
9.0840000000,-0.0014548348,-0.3806822468,falla_engranaje,0.8000000000
9.0845000000,-0.0013948943,-0.3809200692,falla_engranaje,0.8000000000
9.0850000000,-0.0014239118,-0.3852859659,falla_engranaje,0.8000000000
9.0855000000,-0.0013934385,-0.3896118931,falla_engranaje,0.8000000000
9.0860000000,-0.0014783121,-0.3766597291,falla_engranaje,0.8000000000
9.0865000000,-0.0013179101,-0.3774561036,falla_engranaje,0.8000000000
9.0870000000,-0.0014105684,-0.3882857665,falla_engranaje,0.8000000000
9.0875000000,-0.0013841727,-0.3747187118,falla_engranaje,0.8000000000
9.0880000000,-0.0015051158,-0.3681241429,falla_engranaje,0.8000000000
9.0885000000,-0.0014409514,-0.3796095310,falla_engranaje,0.8000000000
9.0890000000,-0.0013296323,-0.3765181307,falla_engranaje,0.8000000000
9.0895000000,-0.0014036901,-0.3932457292,falla_engranaje,0.8000000000
9.0900000000,-0.0013904303,-0.3858297409,falla_engranaje,0.8000000000
9.0905000000,-0.0013868831,-0.3723174515,falla_engranaje,0.8000000000
9.0910000000,-0.0013362555,-0.3868795245,falla_engranaje,0.8000000000
9.0915000000,-0.0012642093,-0.4049365914,falla_engranaje,0.8000000000
9.0920000000,-0.0012689868,-0.4004482688,falla_engranaje,0.8000000000
9.0925000000,-0.0014375022,-0.3723633634,falla_engranaje,0.8000000000
9.0930000000,-0.0013842149,-0.3803681192,falla_engranaje,0.8000000000
9.0935000000,-0.0014824242,-0.3627893023,falla_engranaje,0.8000000000
9.0940000000,-0.0013150073,-0.3790727240,falla_engranaje,0.8000000000
9.0945000000,-0.0014024576,-0.3879082469,falla_engranaje,0.8000000000
9.0950000000,-0.0012626595,-0.3825791349,falla_engranaje,0.8000000000
9.0955000000,-0.0014389887,-0.3931601838,falla_engranaje,0.8000000000
9.0960000000,-0.0013681362,-0.3932911338,falla_engranaje,0.8000000000
9.0965000000,-0.0013745972,-0.3832998095,falla_engranaje,0.8000000000
9.0970000000,-0.0013369967,-0.3983122881,falla_engranaje,0.8000000000
9.0975000000,-0.0014401447,-0.3777724590,falla_engranaje,0.8000000000
9.0980000000,-0.0013333174,-0.3896904639,falla_engranaje,0.8000000000
9.0985000000,-0.0013007273,-0.4134976925,falla_engranaje,0.8000000000
9.0990000000,-0.0013132110,-0.3858957272,falla_engranaje,0.8000000000
9.0995000000,-0.0013890688,-0.3884085424,falla_engranaje,0.8000000000
9.1000000000,-0.0012739645,-0.3580694052,falla_engranaje,0.8000000000
9.1005000000,-0.0014423292,-0.3740264621,falla_engranaje,0.8000000000
9.1010000000,-0.0013290967,-0.3828929782,falla_engranaje,0.8000000000
9.1015000000,-0.0013200302,-0.3950052674,falla_engranaje,0.8000000000
9.1020000000,-0.0012483998,-0.3709444991,falla_engranaje,0.8000000000
9.1025000000,-0.0013522395,-0.3915868306,falla_engranaje,0.8000000000
9.1030000000,-0.0012891222,-0.3829974855,falla_engranaje,0.8000000000
9.1035000000,-0.0013799510,-0.3702597906,falla_engranaje,0.8000000000
9.1040000000,-0.0013434223,-0.3835711819,falla_engranaje,0.8000000000
9.1045000000,-0.0014562128,-0.3860636344,falla_engranaje,0.8000000000
9.1050000000,-0.0013955991,-0.3914137356,falla_engranaje,0.8000000000
9.1055000000,-0.0014196097,-0.3971764648,falla_engranaje,0.8000000000
9.1060000000,-0.0013563913,-0.3949933085,falla_engranaje,0.8000000000
9.1065000000,-0.0011109466,-0.3934612484,falla_engranaje,0.8000000000
9.1070000000,-0.0012429909,-0.4063434753,falla_engranaje,0.8000000000
9.1075000000,-0.0013108548,-0.3911679308,falla_engranaje,0.8000000000
9.1080000000,-0.0012162638,-0.3908784837,falla_engranaje,0.8000000000
9.1085000000,-0.0012695389,-0.3849729154,falla_engranaje,0.8000000000
9.1090000000,-0.0014193779,-0.3848959303,falla_engranaje,0.8000000000
9.1095000000,-0.0015396253,-0.3680937947,falla_engranaje,0.8000000000
9.1100000000,-0.0012703131,-0.3929553052,falla_engranaje,0.8000000000
9.1105000000,-0.0012283793,-0.3703342869,falla_engranaje,0.8000000000
9.1110000000,-0.0012575989,-0.4063928759,falla_engranaje,0.8000000000
9.1115000000,-0.0013047361,-0.3987790381,falla_engranaje,0.8000000000
9.1120000000,-0.0012846990,-0.3761468325,falla_engranaje,0.8000000000
9.1125000000,-0.0010617397,-0.3895359325,falla_engranaje,0.8000000000
9.1130000000,-0.0012527993,-0.3810900190,falla_engranaje,0.8000000000
9.1135000000,-0.0012883723,-0.4068798093,falla_engranaje,0.8000000000
9.1140000000,-0.0012973494,-0.3838719592,falla_engranaje,0.8000000000
9.1145000000,-0.0012628124,-0.3953535330,falla_engranaje,0.8000000000
9.1150000000,-0.0012875959,-0.3893211793,falla_engranaje,0.8000000000
9.1155000000,-0.0013701705,-0.3828365431,falla_engranaje,0.8000000000
9.1160000000,-0.0012336045,-0.3851596548,falla_engranaje,0.8000000000
9.1165000000,-0.0012996503,-0.3867024745,falla_engranaje,0.8000000000
9.1170000000,-0.0012531240,-0.4043761208,falla_engranaje,0.8000000000
9.1175000000,-0.0012085719,-0.3956268393,falla_engranaje,0.8000000000
9.1180000000,-0.0012015352,-0.3878081412,falla_engranaje,0.8000000000
9.1185000000,-0.0013691330,-0.3892475536,falla_engranaje,0.8000000000
9.1190000000,-0.0011717029,-0.4071343886,falla_engranaje,0.8000000000
9.1195000000,-0.0012040700,-0.4088372633,falla_engranaje,0.8000000000
9.1200000000,-0.0011313025,-0.3888914887,falla_engranaje,0.8000000000
9.1205000000,-0.0013008147,-0.3973619766,falla_engranaje,0.8000000000
9.1210000000,-0.0012967303,-0.3947521067,falla_engranaje,0.8000000000
9.1215000000,-0.0012505500,-0.3833450534,falla_engranaje,0.8000000000
9.1220000000,-0.0011653900,-0.4089015904,falla_engranaje,0.8000000000
9.1225000000,-0.0013446971,-0.3880057247,falla_engranaje,0.8000000000
9.1230000000,-0.0011519078,-0.3999325906,falla_engranaje,0.8000000000
9.1235000000,-0.0012693853,-0.3998944135,falla_engranaje,0.8000000000
9.1240000000,-0.0012787259,-0.3980212253,falla_engranaje,0.8000000000
9.1245000000,-0.0011976281,-0.4033176090,falla_engranaje,0.8000000000
9.1250000000,-0.0012544477,-0.4054028071,falla_engranaje,0.8000000000
9.1255000000,-0.0012445171,-0.3917008809,falla_engranaje,0.8000000000
9.1260000000,-0.0011055036,-0.4065989271,falla_engranaje,0.8000000000
9.1265000000,-0.0012948799,-0.3883172039,falla_engranaje,0.8000000000
9.1270000000,-0.0011466837,-0.4090704018,falla_engranaje,0.8000000000
9.1275000000,-0.0012107811,-0.3967241698,falla_engranaje,0.8000000000
9.1280000000,-0.0013157467,-0.3955605964,falla_engranaje,0.8000000000
9.1285000000,-0.0012255732,-0.4035063333,falla_engranaje,0.8000000000
9.1290000000,-0.0012484512,-0.4052016782,falla_engranaje,0.8000000000
9.1295000000,-0.0011659401,-0.4072302337,falla_engranaje,0.8000000000
9.1300000000,-0.0012550715,-0.4090556346,falla_engranaje,0.8000000000
9.1305000000,-0.0011911268,-0.4028037906,falla_engranaje,0.8000000000
9.1310000000,-0.0012474782,-0.4146723921,falla_engranaje,0.8000000000
9.1315000000,-0.0011054263,-0.3913492208,falla_engranaje,0.8000000000
9.1320000000,-0.0012486125,-0.4017037117,falla_engranaje,0.8000000000
9.1325000000,-0.0012143633,-0.4146402709,falla_engranaje,0.8000000000
9.1330000000,-0.0011775506,-0.3860136177,falla_engranaje,0.8000000000
9.1335000000,-0.0012830330,-0.4039241844,falla_engranaje,0.8000000000
9.1340000000,-0.0010883257,-0.4054134052,falla_engranaje,0.8000000000
9.1345000000,-0.0013017051,-0.4062081846,falla_engranaje,0.8000000000
9.1350000000,-0.0012587522,-0.4148665849,falla_engranaje,0.8000000000
9.1355000000,-0.0011726841,-0.3923647771,falla_engranaje,0.8000000000
9.1360000000,-0.0011725924,-0.4018063065,falla_engranaje,0.8000000000
9.1365000000,-0.0011781705,-0.4074734679,falla_engranaje,0.8000000000
9.1370000000,-0.0011194068,-0.4153832440,falla_engranaje,0.8000000000
9.1375000000,-0.0012405949,-0.4040460223,falla_engranaje,0.8000000000
9.1380000000,-0.0011948799,-0.4139798475,falla_engranaje,0.8000000000
9.1385000000,-0.0011397387,-0.4081115154,falla_engranaje,0.8000000000
9.1390000000,-0.0011908786,-0.4068224405,falla_engranaje,0.8000000000
9.1395000000,-0.0012615849,-0.3892863181,falla_engranaje,0.8000000000
9.1400000000,-0.0011516848,-0.3955550383,falla_engranaje,0.8000000000
9.1405000000,-0.0012011753,-0.4124430070,falla_engranaje,0.8000000000
9.1410000000,-0.0011808809,-0.4237298290,falla_engranaje,0.8000000000
9.1415000000,-0.0011500630,-0.4172493827,falla_engranaje,0.8000000000
9.1420000000,-0.0011399820,-0.4039844008,falla_engranaje,0.8000000000
9.1425000000,-0.0012642360,-0.4237317161,falla_engranaje,0.8000000000
9.1430000000,-0.0011844678,-0.3943649887,falla_engranaje,0.8000000000
9.1435000000,-0.0011033536,-0.4059373749,falla_engranaje,0.8000000000
9.1440000000,-0.0012973385,-0.4159655841,falla_engranaje,0.8000000000
9.1445000000,-0.0010204392,-0.3998144932,falla_engranaje,0.8000000000
9.1450000000,-0.0011206337,-0.4131407941,falla_engranaje,0.8000000000
9.1455000000,-0.0012489752,-0.4080583955,falla_engranaje,0.8000000000
9.1460000000,-0.0010766526,-0.4042132383,falla_engranaje,0.8000000000
9.1465000000,-0.0011427102,-0.3768204238,falla_engranaje,0.8000000000
9.1470000000,-0.0012056672,-0.4299152500,falla_engranaje,0.8000000000
9.1475000000,-0.0011711095,-0.4187340854,falla_engranaje,0.8000000000
9.1480000000,-0.0011440210,-0.4163466381,falla_engranaje,0.8000000000
9.1485000000,-0.0011319638,-0.4119460370,falla_engranaje,0.8000000000
9.1490000000,-0.0011393026,-0.4076138352,falla_engranaje,0.8000000000
9.1495000000,-0.0011483029,-0.4119926564,falla_engranaje,0.8000000000
9.1500000000,-0.0011634622,-0.4136162175,falla_engranaje,0.8000000000
9.1505000000,-0.0011466309,-0.4371030640,falla_engranaje,0.8000000000
9.1510000000,-0.0011547791,-0.4209292593,falla_engranaje,0.8000000000
9.1515000000,-0.0012154556,-0.4231295218,falla_engranaje,0.8000000000
9.1520000000,-0.0011364764,-0.4246773906,falla_engranaje,0.8000000000
9.1525000000,-0.0011017210,-0.4212503381,falla_engranaje,0.8000000000
9.1530000000,-0.0011387208,-0.4153036570,falla_engranaje,0.8000000000
9.1535000000,-0.0011646281,-0.4488089433,falla_engranaje,0.8000000000
9.1540000000,-0.0011649158,-0.4004885759,falla_engranaje,0.8000000000
9.1545000000,-0.0011918057,-0.4271934118,falla_engranaje,0.8000000000
9.1550000000,-0.0011332231,-0.4132187113,falla_engranaje,0.8000000000
9.1555000000,-0.0011432811,-0.3937170044,falla_engranaje,0.8000000000
9.1560000000,-0.0012285221,-0.4221526972,falla_engranaje,0.8000000000
9.1565000000,-0.0011015442,-0.4321194289,falla_engranaje,0.8000000000
9.1570000000,-0.0011263709,-0.4182115366,falla_engranaje,0.8000000000
9.1575000000,-0.0013016565,-0.4265635763,falla_engranaje,0.8000000000
9.1580000000,-0.0011619714,-0.4332679029,falla_engranaje,0.8000000000
9.1585000000,-0.0011503367,-0.4290898225,falla_engranaje,0.8000000000
9.1590000000,-0.0010624713,-0.4416031176,falla_engranaje,0.8000000000
9.1595000000,-0.0010970966,-0.4393723733,falla_engranaje,0.8000000000
9.1600000000,-0.0012453493,-0.4240006716,falla_engranaje,0.8000000000
9.1605000000,-0.0011198035,-0.4306010101,falla_engranaje,0.8000000000
9.1610000000,-0.0011852643,-0.4089431016,falla_engranaje,0.8000000000
9.1615000000,-0.0011425142,-0.4389914161,falla_engranaje,0.8000000000
9.1620000000,-0.0011827800,-0.4281864002,falla_engranaje,0.8000000000
9.1625000000,-0.0010738169,-0.4414256947,falla_engranaje,0.8000000000
9.1630000000,-0.0010270045,-0.4327518120,falla_engranaje,0.8000000000
9.1635000000,-0.0012190754,-0.4152553959,falla_engranaje,0.8000000000
9.1640000000,-0.0011829446,-0.4397893687,falla_engranaje,0.8000000000
9.1645000000,-0.0010879800,-0.4403775060,falla_engranaje,0.8000000000
9.1650000000,-0.0011748353,-0.4356847930,falla_engranaje,0.8000000000
9.1655000000,-0.0010429422,-0.4171755707,falla_engranaje,0.8000000000
9.1660000000,-0.0012555022,-0.4382740342,falla_engranaje,0.8000000000
9.1665000000,-0.0011469347,-0.4108165759,falla_engranaje,0.8000000000
9.1670000000,-0.0011515304,-0.4250332496,falla_engranaje,0.8000000000
9.1675000000,-0.0012096150,-0.4292166374,falla_engranaje,0.8000000000
9.1680000000,-0.0012894817,-0.4194301364,falla_engranaje,0.8000000000
9.1685000000,-0.0011962620,-0.4397169193,falla_engranaje,0.8000000000
9.1690000000,-0.0010969270,-0.4137430921,falla_engranaje,0.8000000000
9.1695000000,-0.0012160499,-0.4355725807,falla_engranaje,0.8000000000
9.1700000000,-0.0012985642,-0.4294649988,falla_engranaje,0.8000000000
9.1705000000,-0.0011918523,-0.4147963461,falla_engranaje,0.8000000000
9.1710000000,-0.0012076671,-0.4450648155,falla_engranaje,0.8000000000
9.1715000000,-0.0011899215,-0.4131714860,falla_engranaje,0.8000000000
9.1720000000,-0.0012252394,-0.4341447137,falla_engranaje,0.8000000000
9.1725000000,-0.0012947582,-0.4320900829,falla_engranaje,0.8000000000
9.1730000000,-0.0011994453,-0.4391519456,falla_engranaje,0.8000000000
9.1735000000,-0.0011406545,-0.4412052270,falla_engranaje,0.8000000000
9.1740000000,-0.0012010643,-0.4459953432,falla_engranaje,0.8000000000
9.1745000000,-0.0011572509,-0.4396504626,falla_engranaje,0.8000000000
9.1750000000,-0.0011475235,-0.4367308582,falla_engranaje,0.8000000000
9.1755000000,-0.0011352398,-0.4174444235,falla_engranaje,0.8000000000
9.1760000000,-0.0011474143,-0.4369012506,falla_engranaje,0.8000000000
9.1765000000,-0.0012527940,-0.4286739868,falla_engranaje,0.8000000000
9.1770000000,-0.0011683520,-0.4412649555,falla_engranaje,0.8000000000
9.1775000000,-0.0011594690,-0.4427443406,falla_engranaje,0.8000000000
9.1780000000,-0.0011657269,-0.4521708657,falla_engranaje,0.8000000000
9.1785000000,-0.0011962941,-0.4324412699,falla_engranaje,0.8000000000
9.1790000000,-0.0012009327,-0.4318843410,falla_engranaje,0.8000000000
9.1795000000,-0.0011510506,-0.4330804788,falla_engranaje,0.8000000000
9.1800000000,-0.0011550908,-0.4622682439,falla_engranaje,0.8000000000
9.1805000000,-0.0012585452,-0.4308027491,falla_engranaje,0.8000000000
9.1810000000,-0.0011573627,-0.4254606474,falla_engranaje,0.8000000000
9.1815000000,-0.0014052223,-0.4569647530,falla_engranaje,0.8000000000
9.1820000000,-0.0012298247,-0.4380875638,falla_engranaje,0.8000000000
9.1825000000,-0.0011934037,-0.4555769364,falla_engranaje,0.8000000000
9.1830000000,-0.0013441347,-0.4448419337,falla_engranaje,0.8000000000
9.1835000000,-0.0011453626,-0.4540682086,falla_engranaje,0.8000000000
9.1840000000,-0.0012268791,-0.4263449865,falla_engranaje,0.8000000000
9.1845000000,-0.0012106753,-0.4501911302,falla_engranaje,0.8000000000
9.1850000000,-0.0012685048,-0.4592727929,falla_engranaje,0.8000000000
9.1855000000,-0.0011762110,-0.4350895391,falla_engranaje,0.8000000000
9.1860000000,-0.0012162337,-0.4360230911,falla_engranaje,0.8000000000
9.1865000000,-0.0012157820,-0.4496558453,falla_engranaje,0.8000000000
9.1870000000,-0.0012606575,-0.4285201252,falla_engranaje,0.8000000000
9.1875000000,-0.0011644734,-0.4513072725,falla_engranaje,0.8000000000
9.1880000000,-0.0012106157,-0.4448727072,falla_engranaje,0.8000000000
9.1885000000,-0.0011809697,-0.4517185160,falla_engranaje,0.8000000000
9.1890000000,-0.0011850894,-0.4445520965,falla_engranaje,0.8000000000
9.1895000000,-0.0013762715,-0.4436061236,falla_engranaje,0.8000000000
9.1900000000,-0.0010516339,-0.4521472396,falla_engranaje,0.8000000000
9.1905000000,-0.0012550465,-0.4584257856,falla_engranaje,0.8000000000
9.1910000000,-0.0011022087,-0.4489089551,falla_engranaje,0.8000000000
9.1915000000,-0.0012610090,-0.4432590124,falla_engranaje,0.8000000000
9.1920000000,-0.0012161537,-0.4418336914,falla_engranaje,0.8000000000
9.1925000000,-0.0011339763,-0.4630005115,falla_engranaje,0.8000000000
9.1930000000,-0.0012697648,-0.4418675439,falla_engranaje,0.8000000000
9.1935000000,-0.0012158024,-0.4520298581,falla_engranaje,0.8000000000
9.1940000000,-0.0010780265,-0.4511438705,falla_engranaje,0.8000000000
9.1945000000,-0.0013368765,-0.4532639886,falla_engranaje,0.8000000000
9.1950000000,-0.0012802423,-0.4399432202,falla_engranaje,0.8000000000
9.1955000000,-0.0013301424,-0.4548624982,falla_engranaje,0.8000000000
9.1960000000,-0.0013226742,-0.4486315231,falla_engranaje,0.8000000000
9.1965000000,-0.0013096431,-0.4467927241,falla_engranaje,0.8000000000
9.1970000000,-0.0012895014,-0.4386182620,falla_engranaje,0.8000000000
9.1975000000,-0.0012089815,-0.4503504923,falla_engranaje,0.8000000000
9.1980000000,-0.0013008403,-0.4750633315,falla_engranaje,0.8000000000
9.1985000000,-0.0012385893,-0.4612563260,falla_engranaje,0.8000000000
9.1990000000,-0.0012668617,-0.4581526477,falla_engranaje,0.8000000000
9.1995000000,-0.0013605264,-0.4345475978,falla_engranaje,0.8000000000
9.2000000000,-0.0010956389,-0.4482548767,falla_engranaje,0.8000000000
9.2005000000,-0.0013333388,-0.4667943895,falla_engranaje,0.8000000000
9.2010000000,-0.0012311815,-0.4625130653,falla_engranaje,0.8000000000
9.2015000000,-0.0013962088,-0.4414074649,falla_engranaje,0.8000000000
9.2020000000,-0.0012958093,-0.4610559396,falla_engranaje,0.8000000000
9.2025000000,-0.0012273610,-0.4692631605,falla_engranaje,0.8000000000
9.2030000000,-0.0012376831,-0.4635427439,falla_engranaje,0.8000000000
9.2035000000,-0.0013445772,-0.4578905995,falla_engranaje,0.8000000000
9.2040000000,-0.0014027127,-0.4696497653,falla_engranaje,0.8000000000
9.2045000000,-0.0014024283,-0.4654954825,falla_engranaje,0.8000000000
9.2050000000,-0.0013289730,-0.4533005564,falla_engranaje,0.8000000000
9.2055000000,-0.0013273954,-0.4516032920,falla_engranaje,0.8000000000
9.2060000000,-0.0013175835,-0.4621777811,falla_engranaje,0.8000000000
9.2065000000,-0.0013015005,-0.4810492343,falla_engranaje,0.8000000000
9.2070000000,-0.0013552505,-0.4641968621,falla_engranaje,0.8000000000
9.2075000000,-0.0013378746,-0.4580137847,falla_engranaje,0.8000000000
9.2080000000,-0.0013514175,-0.4505807685,falla_engranaje,0.8000000000
9.2085000000,-0.0014849933,-0.4947195152,falla_engranaje,0.8000000000
9.2090000000,-0.0013177994,-0.4733845054,falla_engranaje,0.8000000000
9.2095000000,-0.0013393583,-0.4789426813,falla_engranaje,0.8000000000
9.2100000000,-0.0013613284,-0.4546453747,falla_engranaje,0.8000000000
9.2105000000,-0.0014206981,-0.4592798873,falla_engranaje,0.8000000000
9.2110000000,-0.0013981953,-0.4846043388,falla_engranaje,0.8000000000
9.2115000000,-0.0014226150,-0.4614310780,falla_engranaje,0.8000000000
9.2120000000,-0.0013417626,-0.4736637864,falla_engranaje,0.8000000000
9.2125000000,-0.0013039636,-0.4716306624,falla_engranaje,0.8000000000
9.2130000000,-0.0014155731,-0.4623046372,falla_engranaje,0.8000000000
9.2135000000,-0.0013862899,-0.4706220193,falla_engranaje,0.8000000000
9.2140000000,-0.0014129607,-0.4843233671,falla_engranaje,0.8000000000
9.2145000000,-0.0013459227,-0.4761229779,falla_engranaje,0.8000000000
9.2150000000,-0.0013739306,-0.4839444586,falla_engranaje,0.8000000000
9.2155000000,-0.0012939636,-0.4688112129,falla_engranaje,0.8000000000
9.2160000000,-0.0012876912,-0.4804443743,falla_engranaje,0.8000000000
9.2165000000,-0.0013752183,-0.4774026349,falla_engranaje,0.8000000000
9.2170000000,-0.0014275975,-0.4705096418,falla_engranaje,0.8000000000
9.2175000000,-0.0014189978,-0.4803262045,falla_engranaje,0.8000000000
9.2180000000,-0.0014212515,-0.4705717350,falla_engranaje,0.8000000000
9.2185000000,-0.0014858871,-0.4903685024,falla_engranaje,0.8000000000
9.2190000000,-0.0013107594,-0.4897051490,falla_engranaje,0.8000000000
9.2195000000,-0.0014218887,-0.4886044578,falla_engranaje,0.8000000000
9.2200000000,-0.0014452467,-0.4720195553,falla_engranaje,0.8000000000
9.2205000000,-0.0014598119,-0.4704335544,falla_engranaje,0.8000000000
9.2210000000,-0.0014315330,-0.4932441277,falla_engranaje,0.8000000000
9.2215000000,-0.0014917854,-0.4880082239,falla_engranaje,0.8000000000
9.2220000000,-0.0013461859,-0.4793815549,falla_engranaje,0.8000000000
9.2225000000,-0.0015306358,-0.4846955185,falla_engranaje,0.8000000000
9.2230000000,-0.0014710068,-0.4823788610,falla_engranaje,0.8000000000
9.2235000000,-0.0013636178,-0.4767553634,falla_engranaje,0.8000000000
9.2240000000,-0.0014998846,-0.4817658727,falla_engranaje,0.8000000000
9.2245000000,-0.0014846308,-0.4775308017,falla_engranaje,0.8000000000
9.2250000000,-0.0014455659,-0.4811458792,falla_engranaje,0.8000000000
9.2255000000,-0.0016240229,-0.5018725435,falla_engranaje,0.8000000000
9.2260000000,-0.0015435652,-0.4686133796,falla_engranaje,0.8000000000
9.2265000000,-0.0014312305,-0.4942049359,falla_engranaje,0.8000000000
9.2270000000,-0.0015533709,-0.5011521564,falla_engranaje,0.8000000000
9.2275000000,-0.0014792233,-0.4891322099,falla_engranaje,0.8000000000
9.2280000000,-0.0015154772,-0.4986910532,falla_engranaje,0.8000000000
9.2285000000,-0.0015209346,-0.4969687211,falla_engranaje,0.8000000000
9.2290000000,-0.0015207457,-0.4956925754,falla_engranaje,0.8000000000
9.2295000000,-0.0015550327,-0.4874656875,falla_engranaje,0.8000000000
9.2300000000,-0.0015227665,-0.4894512924,falla_engranaje,0.8000000000
9.2305000000,-0.0015173176,-0.5092744733,falla_engranaje,0.8000000000
9.2310000000,-0.0015698487,-0.4862222682,falla_engranaje,0.8000000000
9.2315000000,-0.0016051198,-0.5075241342,falla_engranaje,0.8000000000
9.2320000000,-0.0015951597,-0.5032822378,falla_engranaje,0.8000000000
9.2325000000,-0.0013992500,-0.5011821849,falla_engranaje,0.8000000000
9.2330000000,-0.0015987542,-0.5014881541,falla_engranaje,0.8000000000
9.2335000000,-0.0015881643,-0.4888734581,falla_engranaje,0.8000000000
9.2340000000,-0.0015696701,-0.4966250551,falla_engranaje,0.8000000000
9.2345000000,-0.0015928220,-0.5057383299,falla_engranaje,0.8000000000
9.2350000000,-0.0015401713,-0.4812969502,falla_engranaje,0.8000000000
9.2355000000,-0.0015479289,-0.5086101168,falla_engranaje,0.8000000000
9.2360000000,-0.0016355540,-0.5123141750,falla_engranaje,0.8000000000
9.2365000000,-0.0014969495,-0.4886748652,falla_engranaje,0.8000000000
9.2370000000,-0.0015835898,-0.5033578017,falla_engranaje,0.8000000000
9.2375000000,-0.0015618481,-0.4991590325,falla_engranaje,0.8000000000
9.2380000000,-0.0016032387,-0.4995923974,falla_engranaje,0.8000000000
9.2385000000,-0.0016382969,-0.5146283087,falla_engranaje,0.8000000000
9.2390000000,-0.0016996552,-0.5025250036,falla_engranaje,0.8000000000
9.2395000000,-0.0016214313,-0.5111872157,falla_engranaje,0.8000000000
9.2400000000,-0.0016463539,-0.5109946490,falla_engranaje,0.8000000000
9.2405000000,-0.0016132595,-0.5127006492,falla_engranaje,0.8000000000
9.2410000000,-0.0016004454,-0.5181089672,falla_engranaje,0.8000000000
9.2415000000,-0.0016962511,-0.5098485220,falla_engranaje,0.8000000000
9.2420000000,-0.0017148128,-0.5168934958,falla_engranaje,0.8000000000
9.2425000000,-0.0017406099,-0.4950695185,falla_engranaje,0.8000000000
9.2430000000,-0.0016428361,-0.5132824911,falla_engranaje,0.8000000000
9.2435000000,-0.0016340252,-0.5215240434,falla_engranaje,0.8000000000
9.2440000000,-0.0017083155,-0.4870812625,falla_engranaje,0.8000000000
9.2445000000,-0.0016422438,-0.5050196546,falla_engranaje,0.8000000000
9.2450000000,-0.0016817641,-0.5102882634,falla_engranaje,0.8000000000
9.2455000000,-0.0016016486,-0.5372738070,falla_engranaje,0.8000000000
9.2460000000,-0.0016537871,-0.5208669549,falla_engranaje,0.8000000000
9.2465000000,-0.0017171163,-0.5267679158,falla_engranaje,0.8000000000
9.2470000000,-0.0016532582,-0.5190142305,falla_engranaje,0.8000000000
9.2475000000,-0.0016262900,-0.5227823852,falla_engranaje,0.8000000000
9.2480000000,-0.0016399631,-0.5122052620,falla_engranaje,0.8000000000
9.2485000000,-0.0016181890,-0.5135486742,falla_engranaje,0.8000000000
9.2490000000,-0.0015677658,-0.5227698533,falla_engranaje,0.8000000000
9.2495000000,-0.0015473306,-0.5237600366,falla_engranaje,0.8000000000
9.2500000000,-0.0016852767,-0.5072718623,falla_engranaje,0.8000000000
9.2505000000,-0.0017125498,-0.5149381523,falla_engranaje,0.8000000000
9.2510000000,-0.0015856445,-0.5417968705,falla_engranaje,0.8000000000
9.2515000000,-0.0016903471,-0.5256740965,falla_engranaje,0.8000000000
9.2520000000,-0.0017159789,-0.5319340227,falla_engranaje,0.8000000000
9.2525000000,-0.0017407998,-0.5310071379,falla_engranaje,0.8000000000
9.2530000000,-0.0018093270,-0.5210815773,falla_engranaje,0.8000000000
9.2535000000,-0.0018028400,-0.5137848699,falla_engranaje,0.8000000000
9.2540000000,-0.0018417196,-0.5327408958,falla_engranaje,0.8000000000
9.2545000000,-0.0019273356,-0.5173471388,falla_engranaje,0.8000000000
9.2550000000,-0.0018393874,-0.5259156925,falla_engranaje,0.8000000000
9.2555000000,-0.0018513355,-0.5012436443,falla_engranaje,0.8000000000
9.2560000000,-0.0018530517,-0.5366477765,falla_engranaje,0.8000000000
9.2565000000,-0.0019050152,-0.5353413988,falla_engranaje,0.8000000000
9.2570000000,-0.0019662797,-0.5232328939,falla_engranaje,0.8000000000
9.2575000000,-0.0018305266,-0.5347129310,falla_engranaje,0.8000000000
9.2580000000,-0.0018687207,-0.5264347589,falla_engranaje,0.8000000000
9.2585000000,-0.0018130208,-0.5413094628,falla_engranaje,0.8000000000
9.2590000000,-0.0019059433,-0.5313997284,falla_engranaje,0.8000000000
9.2595000000,-0.0018115082,-0.5366471523,falla_engranaje,0.8000000000
9.2600000000,-0.0018787389,-0.5335219781,falla_engranaje,0.8000000000
9.2605000000,-0.0018896097,-0.5326941678,falla_engranaje,0.8000000000
9.2610000000,-0.0019163323,-0.5311156366,falla_engranaje,0.8000000000
9.2615000000,-0.0018925798,-0.5374169733,falla_engranaje,0.8000000000
9.2620000000,-0.0018404090,-0.5340154882,falla_engranaje,0.8000000000
9.2625000000,-0.0018803832,-0.5412454459,falla_engranaje,0.8000000000
9.2630000000,-0.0019595804,-0.5469154533,falla_engranaje,0.8000000000
9.2635000000,-0.0017800703,-0.5519260997,falla_engranaje,0.8000000000
9.2640000000,-0.0020256394,-0.5189420285,falla_engranaje,0.8000000000
9.2645000000,-0.0019477573,-0.5212004939,falla_engranaje,0.8000000000
9.2650000000,-0.0017755608,-0.5416984209,falla_engranaje,0.8000000000
9.2655000000,-0.0018550374,-0.5462648072,falla_engranaje,0.8000000000
9.2660000000,-0.0018812359,-0.5482056047,falla_engranaje,0.8000000000
9.2665000000,-0.0017801819,-0.5517546713,falla_engranaje,0.8000000000
9.2670000000,-0.0019999806,-0.5409279701,falla_engranaje,0.8000000000
9.2675000000,-0.0019765846,-0.5310983559,falla_engranaje,0.8000000000
9.2680000000,-0.0018671528,-0.5489216314,falla_engranaje,0.8000000000
9.2685000000,-0.0019795077,-0.5217299005,falla_engranaje,0.8000000000
9.2690000000,-0.0020375985,-0.5610428106,falla_engranaje,0.8000000000
9.2695000000,-0.0018712179,-0.5379701466,falla_engranaje,0.8000000000
9.2700000000,-0.0019247551,-0.5498988441,falla_engranaje,0.8000000000
9.2705000000,-0.0019484810,-0.5414032880,falla_engranaje,0.8000000000
9.2710000000,-0.0020715028,-0.5622950195,falla_engranaje,0.8000000000
9.2715000000,-0.0020714946,-0.5505565180,falla_engranaje,0.8000000000
9.2720000000,-0.0020769316,-0.5517020066,falla_engranaje,0.8000000000
9.2725000000,-0.0020636218,-0.5312149983,falla_engranaje,0.8000000000
9.2730000000,-0.0020461831,-0.5513090392,falla_engranaje,0.8000000000
9.2735000000,-0.0019353088,-0.5339347455,falla_engranaje,0.8000000000
9.2740000000,-0.0020806553,-0.5642397462,falla_engranaje,0.8000000000
9.2745000000,-0.0019923850,-0.5405710648,falla_engranaje,0.8000000000
9.2750000000,-0.0021643636,-0.5526175143,falla_engranaje,0.8000000000
9.2755000000,-0.0021413036,-0.5570279261,falla_engranaje,0.8000000000
9.2760000000,-0.0019743739,-0.5427617888,falla_engranaje,0.8000000000
9.2765000000,-0.0021261522,-0.5562376300,falla_engranaje,0.8000000000
9.2770000000,-0.0020268641,-0.5630569977,falla_engranaje,0.8000000000
9.2775000000,-0.0019896599,-0.5548051301,falla_engranaje,0.8000000000
9.2780000000,-0.0020742663,-0.5430079723,falla_engranaje,0.8000000000
9.2785000000,-0.0020490598,-0.5523500339,falla_engranaje,0.8000000000
9.2790000000,-0.0021745640,-0.5707823995,falla_engranaje,0.8000000000
9.2795000000,-0.0021550355,-0.5600814335,falla_engranaje,0.8000000000
9.2800000000,-0.0021061306,-0.5478779301,falla_engranaje,0.8000000000
9.2805000000,-0.0021104338,-0.5551652042,falla_engranaje,0.8000000000
9.2810000000,-0.0020673713,-0.5447968459,falla_engranaje,0.8000000000
9.2815000000,-0.0022089584,-0.5516741366,falla_engranaje,0.8000000000
9.2820000000,-0.0021440249,-0.5634717497,falla_engranaje,0.8000000000
9.2825000000,-0.0020818301,-0.5591902555,falla_engranaje,0.8000000000
9.2830000000,-0.0022240937,-0.5731150919,falla_engranaje,0.8000000000
9.2835000000,-0.0020733284,-0.5652226689,falla_engranaje,0.8000000000
9.2840000000,-0.0021058496,-0.5620557924,falla_engranaje,0.8000000000
9.2845000000,-0.0021582465,-0.5563206966,falla_engranaje,0.8000000000
9.2850000000,-0.0021262926,-0.5917285873,falla_engranaje,0.8000000000
9.2855000000,-0.0021023064,-0.5638067517,falla_engranaje,0.8000000000
9.2860000000,-0.0022028461,-0.5614542087,falla_engranaje,0.8000000000
9.2865000000,-0.0021400383,-0.5543576200,falla_engranaje,0.8000000000
9.2870000000,-0.0020929933,-0.5617145319,falla_engranaje,0.8000000000
9.2875000000,-0.0021988775,-0.5822071676,falla_engranaje,0.8000000000
9.2880000000,-0.0022613591,-0.5539082915,falla_engranaje,0.8000000000
9.2885000000,-0.0022528054,-0.5649538049,falla_engranaje,0.8000000000
9.2890000000,-0.0021931767,-0.5739448330,falla_engranaje,0.8000000000
9.2895000000,-0.0022225450,-0.5921100969,falla_engranaje,0.8000000000
9.2900000000,-0.0022311854,-0.5720304074,falla_engranaje,0.8000000000
9.2905000000,-0.0021747724,-0.5730433805,falla_engranaje,0.8000000000
9.2910000000,-0.0021489964,-0.5883814755,falla_engranaje,0.8000000000
9.2915000000,-0.0022524236,-0.5777522153,falla_engranaje,0.8000000000
9.2920000000,-0.0022314958,-0.5916136735,falla_engranaje,0.8000000000
9.2925000000,-0.0021750945,-0.5694215174,falla_engranaje,0.8000000000
9.2930000000,-0.0022917420,-0.5607367238,falla_engranaje,0.8000000000
9.2935000000,-0.0022751032,-0.5859301134,falla_engranaje,0.8000000000
9.2940000000,-0.0022495506,-0.5784812385,falla_engranaje,0.8000000000
9.2945000000,-0.0023999027,-0.5644977704,falla_engranaje,0.8000000000
9.2950000000,-0.0022191557,-0.5743999816,falla_engranaje,0.8000000000
9.2955000000,-0.0022138255,-0.5889603076,falla_engranaje,0.8000000000
9.2960000000,-0.0023031046,-0.5694264026,falla_engranaje,0.8000000000
9.2965000000,-0.0023357637,-0.5995551953,falla_engranaje,0.8000000000
9.2970000000,-0.0024405828,-0.5769887577,falla_engranaje,0.8000000000
9.2975000000,-0.0022528535,-0.5692674246,falla_engranaje,0.8000000000
9.2980000000,-0.0023725010,-0.5685825714,falla_engranaje,0.8000000000
9.2985000000,-0.0023450007,-0.5832845232,falla_engranaje,0.8000000000
9.2990000000,-0.0022792574,-0.5734777002,falla_engranaje,0.8000000000
9.2995000000,-0.0023385076,-0.5890649146,falla_engranaje,0.8000000000
9.3000000000,-0.0023525059,-0.5727965746,falla_engranaje,0.8000000000
9.3005000000,-0.0024538077,-0.5794783119,falla_engranaje,0.8000000000
9.3010000000,-0.0022532793,-0.5832465658,falla_engranaje,0.8000000000
9.3015000000,-0.0024013888,-0.5983923373,falla_engranaje,0.8000000000
9.3020000000,-0.0023702141,-0.5907030706,falla_engranaje,0.8000000000
9.3025000000,-0.0026102308,-0.5827662363,falla_engranaje,0.8000000000
9.3030000000,-0.0023894883,-0.5825670832,falla_engranaje,0.8000000000
9.3035000000,-0.0024529942,-0.5744160432,falla_engranaje,0.8000000000
9.3040000000,-0.0023116193,-0.6005506503,falla_engranaje,0.8000000000
9.3045000000,-0.0024077782,-0.5818073028,falla_engranaje,0.8000000000
9.3050000000,-0.0024202004,-0.5857209372,falla_engranaje,0.8000000000
9.3055000000,-0.0023878781,-0.5739709832,falla_engranaje,0.8000000000
9.3060000000,-0.0024705805,-0.5983210492,falla_engranaje,0.8000000000
9.3065000000,-0.0023471782,-0.5881641158,falla_engranaje,0.8000000000
9.3070000000,-0.0023795805,-0.5854229684,falla_engranaje,0.8000000000
9.3075000000,-0.0024102907,-0.5929953492,falla_engranaje,0.8000000000
9.3080000000,-0.0024242572,-0.5936607543,falla_engranaje,0.8000000000
9.3085000000,-0.0025235808,-0.5950131803,falla_engranaje,0.8000000000
9.3090000000,-0.0024586085,-0.6061387275,falla_engranaje,0.8000000000
9.3095000000,-0.0025871257,-0.5672890048,falla_engranaje,0.8000000000
9.3100000000,-0.0025029307,-0.5849070356,falla_engranaje,0.8000000000
9.3105000000,-0.0024679216,-0.6065940170,falla_engranaje,0.8000000000
9.3110000000,-0.0025436136,-0.5943713376,falla_engranaje,0.8000000000
9.3115000000,-0.0024925366,-0.5712658898,falla_engranaje,0.8000000000
9.3120000000,-0.0024937091,-0.6094133782,falla_engranaje,0.8000000000
9.3125000000,-0.0026222503,-0.5841492739,falla_engranaje,0.8000000000
9.3130000000,-0.0025083062,-0.6002231218,falla_engranaje,0.8000000000
9.3135000000,-0.0025677779,-0.5876295517,falla_engranaje,0.8000000000
9.3140000000,-0.0025863795,-0.5985082737,falla_engranaje,0.8000000000
9.3145000000,-0.0025402667,-0.5993163041,falla_engranaje,0.8000000000
9.3150000000,-0.0024751563,-0.5993935431,falla_engranaje,0.8000000000
9.3155000000,-0.0025979861,-0.5971214912,falla_engranaje,0.8000000000
9.3160000000,-0.0025598604,-0.6060446170,falla_engranaje,0.8000000000
9.3165000000,-0.0024421483,-0.6046503127,falla_engranaje,0.8000000000
9.3170000000,-0.0026402924,-0.6062846649,falla_engranaje,0.8000000000
9.3175000000,-0.0025952228,-0.5850949314,falla_engranaje,0.8000000000
9.3180000000,-0.0026562789,-0.6009767442,falla_engranaje,0.8000000000
9.3185000000,-0.0026090302,-0.6167160304,falla_engranaje,0.8000000000
9.3190000000,-0.0025231358,-0.6040570027,falla_engranaje,0.8000000000
9.3195000000,-0.0024338155,-0.6099878010,falla_engranaje,0.8000000000
9.3200000000,-0.0025475647,-0.6048983951,falla_engranaje,0.8000000000
9.3205000000,-0.0025517764,-0.6042374988,falla_engranaje,0.8000000000
9.3210000000,-0.0026313748,-0.5968930039,falla_engranaje,0.8000000000
9.3215000000,-0.0025196516,-0.6088569116,falla_engranaje,0.8000000000
9.3220000000,-0.0025614568,-0.6154982559,falla_engranaje,0.8000000000
9.3225000000,-0.0027237473,-0.5999049354,falla_engranaje,0.8000000000
9.3230000000,-0.0027025074,-0.6091931289,falla_engranaje,0.8000000000
9.3235000000,-0.0024962677,-0.6027591486,falla_engranaje,0.8000000000
9.3240000000,-0.0027141495,-0.6051019291,falla_engranaje,0.8000000000
9.3245000000,-0.0026548534,-0.6138447342,falla_engranaje,0.8000000000
9.3250000000,-0.0026274819,-0.6139987805,falla_engranaje,0.8000000000
9.3255000000,-0.0027338879,-0.6041508564,falla_engranaje,0.8000000000
9.3260000000,-0.0027407574,-0.6098786545,falla_engranaje,0.8000000000
9.3265000000,-0.0026591875,-0.6232322077,falla_engranaje,0.8000000000
9.3270000000,-0.0026570332,-0.6153861027,falla_engranaje,0.8000000000
9.3275000000,-0.0026516276,-0.6089411498,falla_engranaje,0.8000000000
9.3280000000,-0.0028069352,-0.6129844472,falla_engranaje,0.8000000000
9.3285000000,-0.0027036493,-0.6176999773,falla_engranaje,0.8000000000
9.3290000000,-0.0028134226,-0.6101329627,falla_engranaje,0.8000000000
9.3295000000,-0.0026684788,-0.6213462212,falla_engranaje,0.8000000000
9.3300000000,-0.0026794584,-0.6116704269,falla_engranaje,0.8000000000
9.3305000000,-0.0026127391,-0.6120450306,falla_engranaje,0.8000000000
9.3310000000,-0.0027559268,-0.6164237529,falla_engranaje,0.8000000000
9.3315000000,-0.0027560951,-0.6218589108,falla_engranaje,0.8000000000
9.3320000000,-0.0027001206,-0.6242727497,falla_engranaje,0.8000000000
9.3325000000,-0.0027697151,-0.6054018507,falla_engranaje,0.8000000000
9.3330000000,-0.0028218671,-0.6207090422,falla_engranaje,0.8000000000
9.3335000000,-0.0027320005,-0.6338492443,falla_engranaje,0.8000000000
9.3340000000,-0.0027426516,-0.5955964475,falla_engranaje,0.8000000000
9.3345000000,-0.0028695046,-0.6282740278,falla_engranaje,0.8000000000
9.3350000000,-0.0027575821,-0.6253947026,falla_engranaje,0.8000000000
9.3355000000,-0.0028461415,-0.6135344580,falla_engranaje,0.8000000000
9.3360000000,-0.0027786103,-0.6159895841,falla_engranaje,0.8000000000
9.3365000000,-0.0027580299,-0.6455065342,falla_engranaje,0.8000000000
9.3370000000,-0.0027309540,-0.6160072919,falla_engranaje,0.8000000000
9.3375000000,-0.0028122586,-0.6304872791,falla_engranaje,0.8000000000
9.3380000000,-0.0027518184,-0.6118104294,falla_engranaje,0.8000000000
9.3385000000,-0.0027032049,-0.6401231015,falla_engranaje,0.8000000000
9.3390000000,-0.0028861174,-0.6412806608,falla_engranaje,0.8000000000
9.3395000000,-0.0028395953,-0.6270426896,falla_engranaje,0.8000000000
9.3400000000,-0.0028471280,-0.6258089429,falla_engranaje,0.8000000000
9.3405000000,-0.0028836922,-0.6288474440,falla_engranaje,0.8000000000
9.3410000000,-0.0028026670,-0.6427178147,falla_engranaje,0.8000000000
9.3415000000,-0.0028270823,-0.6181971121,falla_engranaje,0.8000000000
9.3420000000,-0.0028927039,-0.6277460021,falla_engranaje,0.8000000000
9.3425000000,-0.0028212487,-0.6327944614,falla_engranaje,0.8000000000
9.3430000000,-0.0028632861,-0.6234971339,falla_engranaje,0.8000000000
9.3435000000,-0.0029441593,-0.6283226886,falla_engranaje,0.8000000000
9.3440000000,-0.0029879733,-0.6318547269,falla_engranaje,0.8000000000
9.3445000000,-0.0027783429,-0.6098460051,falla_engranaje,0.8000000000
9.3450000000,-0.0028957153,-0.6350449826,falla_engranaje,0.8000000000
9.3455000000,-0.0028824171,-0.6302395608,falla_engranaje,0.8000000000
9.3460000000,-0.0028865186,-0.6196657516,falla_engranaje,0.8000000000
9.3465000000,-0.0028053568,-0.6286546255,falla_engranaje,0.8000000000
9.3470000000,-0.0029042088,-0.6170890683,falla_engranaje,0.8000000000
9.3475000000,-0.0029406832,-0.6170377388,falla_engranaje,0.8000000000
9.3480000000,-0.0029625803,-0.6134460201,falla_engranaje,0.8000000000
9.3485000000,-0.0029344170,-0.6259771838,falla_engranaje,0.8000000000
9.3490000000,-0.0029007052,-0.6372129145,falla_engranaje,0.8000000000
9.3495000000,-0.0029782076,-0.6284757190,falla_engranaje,0.8000000000
9.3500000000,-0.0029249511,-0.6344562131,falla_engranaje,0.8000000000
9.3505000000,-0.0028677031,-0.6322188171,falla_engranaje,0.8000000000
9.3510000000,-0.0029464965,-0.6322430015,falla_engranaje,0.8000000000
9.3515000000,-0.0029048653,-0.6358120776,falla_engranaje,0.8000000000
9.3520000000,-0.0028649531,-0.6303861102,falla_engranaje,0.8000000000
9.3525000000,-0.0029379739,-0.6372266368,falla_engranaje,0.8000000000
9.3530000000,-0.0030220706,-0.6453226204,falla_engranaje,0.8000000000
9.3535000000,-0.0028464687,-0.6395347004,falla_engranaje,0.8000000000
9.3540000000,-0.0028806742,-0.6385988924,falla_engranaje,0.8000000000
9.3545000000,-0.0030482347,-0.6248243273,falla_engranaje,0.8000000000
9.3550000000,-0.0030448946,-0.6346249443,falla_engranaje,0.8000000000
9.3555000000,-0.0030271194,-0.6314565029,falla_engranaje,0.8000000000
9.3560000000,-0.0030189144,-0.6350936643,falla_engranaje,0.8000000000
9.3565000000,-0.0029164504,-0.6316493561,falla_engranaje,0.8000000000
9.3570000000,-0.0028780616,-0.6364023521,falla_engranaje,0.8000000000
9.3575000000,-0.0029421476,-0.6471587735,falla_engranaje,0.8000000000
9.3580000000,-0.0029811847,-0.6390889356,falla_engranaje,0.8000000000
9.3585000000,-0.0030443923,-0.6529600077,falla_engranaje,0.8000000000
9.3590000000,-0.0030670657,-0.6399583008,falla_engranaje,0.8000000000
9.3595000000,-0.0030069934,-0.6345140037,falla_engranaje,0.8000000000
9.3600000000,-0.0029511856,-0.6330658736,falla_engranaje,0.8000000000
9.3605000000,-0.0029631799,-0.6475117834,falla_engranaje,0.8000000000
9.3610000000,-0.0031714611,-0.6502195816,falla_engranaje,0.8000000000
9.3615000000,-0.0029836659,-0.6245851807,falla_engranaje,0.8000000000
9.3620000000,-0.0030814097,-0.6481830640,falla_engranaje,0.8000000000
9.3625000000,-0.0030090345,-0.6298016065,falla_engranaje,0.8000000000
9.3630000000,-0.0030171060,-0.6584216649,falla_engranaje,0.8000000000
9.3635000000,-0.0030125170,-0.6386196366,falla_engranaje,0.8000000000
9.3640000000,-0.0030784455,-0.6492843206,falla_engranaje,0.8000000000
9.3645000000,-0.0031043510,-0.6347795909,falla_engranaje,0.8000000000
9.3650000000,-0.0030879041,-0.6277565531,falla_engranaje,0.8000000000
9.3655000000,-0.0031834737,-0.6340117837,falla_engranaje,0.8000000000
9.3660000000,-0.0030687182,-0.6407380272,falla_engranaje,0.8000000000
9.3665000000,-0.0029378568,-0.6567170115,falla_engranaje,0.8000000000
9.3670000000,-0.0029955300,-0.6450539141,falla_engranaje,0.8000000000
9.3675000000,-0.0031759324,-0.6480063330,falla_engranaje,0.8000000000
9.3680000000,-0.0029446074,-0.6226083073,falla_engranaje,0.8000000000
9.3685000000,-0.0030597611,-0.6513100819,falla_engranaje,0.8000000000
9.3690000000,-0.0031839152,-0.6375465563,falla_engranaje,0.8000000000
9.3695000000,-0.0030468874,-0.6476480938,falla_engranaje,0.8000000000
9.3700000000,-0.0030142440,-0.6503148583,falla_engranaje,0.8000000000
9.3705000000,-0.0031273248,-0.6413476247,falla_engranaje,0.8000000000
9.3710000000,-0.0029962002,-0.6435245108,falla_engranaje,0.8000000000
9.3715000000,-0.0030697188,-0.6538779324,falla_engranaje,0.8000000000
9.3720000000,-0.0031250304,-0.6451219047,falla_engranaje,0.8000000000
9.3725000000,-0.0031169592,-0.6624164048,falla_engranaje,0.8000000000
9.3730000000,-0.0030840749,-0.6664292207,falla_engranaje,0.8000000000
9.3735000000,-0.0031589389,-0.6575915461,falla_engranaje,0.8000000000
9.3740000000,-0.0031312624,-0.6452042913,falla_engranaje,0.8000000000
9.3745000000,-0.0030388651,-0.6408945183,falla_engranaje,0.8000000000
9.3750000000,-0.0030525952,-0.6518478116,falla_engranaje,0.8000000000
9.3755000000,-0.0031627929,-0.6607489950,falla_engranaje,0.8000000000
9.3760000000,-0.0031222450,-0.6557797596,falla_engranaje,0.8000000000
9.3765000000,-0.0032695082,-0.6506127440,falla_engranaje,0.8000000000
9.3770000000,-0.0032095338,-0.6478801564,falla_engranaje,0.8000000000
9.3775000000,-0.0032650795,-0.6542390563,falla_engranaje,0.8000000000
9.3780000000,-0.0030794322,-0.6633953390,falla_engranaje,0.8000000000
9.3785000000,-0.0032405181,-0.6565383679,falla_engranaje,0.8000000000
9.3790000000,-0.0031923762,-0.6555156116,falla_engranaje,0.8000000000
9.3795000000,-0.0031215640,-0.6312832512,falla_engranaje,0.8000000000
9.3800000000,-0.0030748765,-0.6582438544,falla_engranaje,0.8000000000
9.3805000000,-0.0032663725,-0.6590272935,falla_engranaje,0.8000000000
9.3810000000,-0.0032226053,-0.6332367067,falla_engranaje,0.8000000000
9.3815000000,-0.0031696341,-0.6348319745,falla_engranaje,0.8000000000
9.3820000000,-0.0030931476,-0.6492304255,falla_engranaje,0.8000000000
9.3825000000,-0.0031813634,-0.6681971504,falla_engranaje,0.8000000000
9.3830000000,-0.0031491358,-0.6589029997,falla_engranaje,0.8000000000
9.3835000000,-0.0031160885,-0.6527390004,falla_engranaje,0.8000000000
9.3840000000,-0.0031555853,-0.6631629766,falla_engranaje,0.8000000000
9.3845000000,-0.0032982353,-0.6538502497,falla_engranaje,0.8000000000
9.3850000000,-0.0031434597,-0.6421166006,falla_engranaje,0.8000000000
9.3855000000,-0.0031284124,-0.6377531721,falla_engranaje,0.8000000000
9.3860000000,-0.0031354208,-0.6477944029,falla_engranaje,0.8000000000
9.3865000000,-0.0032052897,-0.6481409247,falla_engranaje,0.8000000000
9.3870000000,-0.0032394534,-0.6647510171,falla_engranaje,0.8000000000
9.3875000000,-0.0032326517,-0.6612434821,falla_engranaje,0.8000000000
9.3880000000,-0.0032790887,-0.6443300513,falla_engranaje,0.8000000000
9.3885000000,-0.0032383198,-0.6533500115,falla_engranaje,0.8000000000
9.3890000000,-0.0032603921,-0.6651919365,falla_engranaje,0.8000000000
9.3895000000,-0.0032858295,-0.6568602952,falla_engranaje,0.8000000000
9.3900000000,-0.0032729410,-0.6387181713,falla_engranaje,0.8000000000
9.3905000000,-0.0033241895,-0.6336291639,falla_engranaje,0.8000000000
9.3910000000,-0.0032299299,-0.6533503553,falla_engranaje,0.8000000000
9.3915000000,-0.0031863934,-0.6348982858,falla_engranaje,0.8000000000
9.3920000000,-0.0031876402,-0.6580250334,falla_engranaje,0.8000000000
9.3925000000,-0.0032980482,-0.6517944649,falla_engranaje,0.8000000000
9.3930000000,-0.0031475453,-0.6593577840,falla_engranaje,0.8000000000
9.3935000000,-0.0032214896,-0.6515821205,falla_engranaje,0.8000000000
9.3940000000,-0.0031673609,-0.6749332941,falla_engranaje,0.8000000000
9.3945000000,-0.0031402236,-0.6580732211,falla_engranaje,0.8000000000
9.3950000000,-0.0032274035,-0.6590792521,falla_engranaje,0.8000000000
9.3955000000,-0.0032820640,-0.6442868978,falla_engranaje,0.8000000000
9.3960000000,-0.0032435300,-0.6497236630,falla_engranaje,0.8000000000
9.3965000000,-0.0032309999,-0.6573439078,falla_engranaje,0.8000000000
9.3970000000,-0.0032400272,-0.6610920756,falla_engranaje,0.8000000000
9.3975000000,-0.0032247956,-0.6489584345,falla_engranaje,0.8000000000
9.3980000000,-0.0032622854,-0.6531450634,falla_engranaje,0.8000000000
9.3985000000,-0.0032460956,-0.6528523704,falla_engranaje,0.8000000000
9.3990000000,-0.0032145959,-0.6705036500,falla_engranaje,0.8000000000
9.3995000000,-0.0032862737,-0.6393199064,falla_engranaje,0.8000000000
9.4000000000,-0.0032020291,-0.6390494546,falla_engranaje,0.8000000000
9.4005000000,-0.0033137535,-0.6454621651,falla_engranaje,0.8000000000
9.4010000000,-0.0032173292,-0.6399150623,falla_engranaje,0.8000000000
9.4015000000,-0.0032848873,-0.6630569266,falla_engranaje,0.8000000000
9.4020000000,-0.0032283465,-0.6683492603,falla_engranaje,0.8000000000
9.4025000000,-0.0033453859,-0.6583400317,falla_engranaje,0.8000000000
9.4030000000,-0.0032553529,-0.6731524704,falla_engranaje,0.8000000000
9.4035000000,-0.0033163803,-0.6384590652,falla_engranaje,0.8000000000
9.4040000000,-0.0032145023,-0.6550366904,falla_engranaje,0.8000000000
9.4045000000,-0.0033190274,-0.6523365883,falla_engranaje,0.8000000000
9.4050000000,-0.0033695865,-0.6340075635,falla_engranaje,0.8000000000
9.4055000000,-0.0031898386,-0.6494976130,falla_engranaje,0.8000000000
9.4060000000,-0.0031513104,-0.6535837476,falla_engranaje,0.8000000000
9.4065000000,-0.0033657610,-0.6529955920,falla_engranaje,0.8000000000
9.4070000000,-0.0033483360,-0.6458070488,falla_engranaje,0.8000000000
9.4075000000,-0.0031712097,-0.6544543323,falla_engranaje,0.8000000000
9.4080000000,-0.0032429495,-0.6533388496,falla_engranaje,0.8000000000
9.4085000000,-0.0032634860,-0.6544000220,falla_engranaje,0.8000000000
9.4090000000,-0.0032186384,-0.6701838575,falla_engranaje,0.8000000000
9.4095000000,-0.0032131635,-0.6539773174,falla_engranaje,0.8000000000
9.4100000000,-0.0033143672,-0.6603116821,falla_engranaje,0.8000000000
9.4105000000,-0.0032454599,-0.6650162293,falla_engranaje,0.8000000000
9.4110000000,-0.0031910004,-0.6435408721,falla_engranaje,0.8000000000
9.4115000000,-0.0032893870,-0.6510278934,falla_engranaje,0.8000000000
9.4120000000,-0.0031891068,-0.6571614212,falla_engranaje,0.8000000000
9.4125000000,-0.0033370549,-0.6609916576,falla_engranaje,0.8000000000
9.4130000000,-0.0033295211,-0.6686813763,falla_engranaje,0.8000000000
9.4135000000,-0.0032032931,-0.6595682444,falla_engranaje,0.8000000000
9.4140000000,-0.0032420557,-0.6579411291,falla_engranaje,0.8000000000
9.4145000000,-0.0033381784,-0.6420048643,falla_engranaje,0.8000000000
9.4150000000,-0.0032383667,-0.6483093073,falla_engranaje,0.8000000000
9.4155000000,-0.0032394862,-0.6296065089,falla_engranaje,0.8000000000
9.4160000000,-0.0031889566,-0.6576436362,falla_engranaje,0.8000000000
9.4165000000,-0.0032660756,-0.6699642690,falla_engranaje,0.8000000000
9.4170000000,-0.0032752271,-0.6434821573,falla_engranaje,0.8000000000
9.4175000000,-0.0032837027,-0.6487382422,falla_engranaje,0.8000000000
9.4180000000,-0.0033729482,-0.6599337472,falla_engranaje,0.8000000000
9.4185000000,-0.0032789948,-0.6632755942,falla_engranaje,0.8000000000
9.4190000000,-0.0033005396,-0.6597062597,falla_engranaje,0.8000000000
9.4195000000,-0.0031615842,-0.6312022572,falla_engranaje,0.8000000000
9.4200000000,-0.0032717638,-0.6534896807,falla_engranaje,0.8000000000
9.4205000000,-0.0031596735,-0.6668361850,falla_engranaje,0.8000000000
9.4210000000,-0.0032494293,-0.6485017911,falla_engranaje,0.8000000000
9.4215000000,-0.0031753028,-0.6403084249,falla_engranaje,0.8000000000
9.4220000000,-0.0032465062,-0.6493399747,falla_engranaje,0.8000000000
9.4225000000,-0.0031279767,-0.6485059290,falla_engranaje,0.8000000000
9.4230000000,-0.0031082973,-0.6551601582,falla_engranaje,0.8000000000
9.4235000000,-0.0032431341,-0.6591518943,falla_engranaje,0.8000000000
9.4240000000,-0.0032235759,-0.6455667907,falla_engranaje,0.8000000000
9.4245000000,-0.0031745818,-0.6615882701,falla_engranaje,0.8000000000
9.4250000000,-0.0033594258,-0.6584248868,falla_engranaje,0.8000000000
9.4255000000,-0.0032462424,-0.6733495087,falla_engranaje,0.8000000000
9.4260000000,-0.0031822532,-0.6640982987,falla_engranaje,0.8000000000
9.4265000000,-0.0032891365,-0.6580351604,falla_engranaje,0.8000000000
9.4270000000,-0.0032760064,-0.6495412889,falla_engranaje,0.8000000000
9.4275000000,-0.0033000011,-0.6648120132,falla_engranaje,0.8000000000
9.4280000000,-0.0032792006,-0.6637886550,falla_engranaje,0.8000000000
9.4285000000,-0.0033400476,-0.6425060486,falla_engranaje,0.8000000000
9.4290000000,-0.0033624418,-0.6581863626,falla_engranaje,0.8000000000
9.4295000000,-0.0032073764,-0.6152795289,falla_engranaje,0.8000000000
9.4300000000,-0.0031566289,-0.6330722106,falla_engranaje,0.8000000000
9.4305000000,-0.0032066129,-0.6341734005,falla_engranaje,0.8000000000
9.4310000000,-0.0032325315,-0.6591303673,falla_engranaje,0.8000000000
9.4315000000,-0.0032409134,-0.6431163935,falla_engranaje,0.8000000000
9.4320000000,-0.0031981823,-0.6599903481,falla_engranaje,0.8000000000
9.4325000000,-0.0032516977,-0.6592108194,falla_engranaje,0.8000000000
9.4330000000,-0.0032686897,-0.6474627486,falla_engranaje,0.8000000000
9.4335000000,-0.0033424450,-0.6512689940,falla_engranaje,0.8000000000
9.4340000000,-0.0032576020,-0.6517296617,falla_engranaje,0.8000000000
9.4345000000,-0.0032328266,-0.6479000886,falla_engranaje,0.8000000000
9.4350000000,-0.0031865145,-0.6622503666,falla_engranaje,0.8000000000
9.4355000000,-0.0033962081,-0.6447364166,falla_engranaje,0.8000000000
9.4360000000,-0.0032706871,-0.6516591567,falla_engranaje,0.8000000000
9.4365000000,-0.0032951164,-0.6312818544,falla_engranaje,0.8000000000
9.4370000000,-0.0032084696,-0.6463939779,falla_engranaje,0.8000000000
9.4375000000,-0.0033027934,-0.6596473498,falla_engranaje,0.8000000000
9.4380000000,-0.0032883448,-0.6509845942,falla_engranaje,0.8000000000
9.4385000000,-0.0032691990,-0.6553106845,falla_engranaje,0.8000000000
9.4390000000,-0.0032311625,-0.6173453982,falla_engranaje,0.8000000000
9.4395000000,-0.0031737864,-0.6593377217,falla_engranaje,0.8000000000
9.4400000000,-0.0031264132,-0.6278212971,falla_engranaje,0.8000000000
9.4405000000,-0.0031952898,-0.6414553603,falla_engranaje,0.8000000000
9.4410000000,-0.0032567783,-0.6406435394,falla_engranaje,0.8000000000
9.4415000000,-0.0030734489,-0.6463083571,falla_engranaje,0.8000000000
9.4420000000,-0.0032084722,-0.6372071089,falla_engranaje,0.8000000000
9.4425000000,-0.0031442475,-0.6441053255,falla_engranaje,0.8000000000
9.4430000000,-0.0032202539,-0.6496422622,falla_engranaje,0.8000000000
9.4435000000,-0.0031185644,-0.6278496605,falla_engranaje,0.8000000000
9.4440000000,-0.0033397616,-0.6590683411,falla_engranaje,0.8000000000
9.4445000000,-0.0032544513,-0.6343548476,falla_engranaje,0.8000000000
9.4450000000,-0.0032466810,-0.6371637179,falla_engranaje,0.8000000000
9.4455000000,-0.0033026730,-0.6360055649,falla_engranaje,0.8000000000
9.4460000000,-0.0032194867,-0.6349018148,falla_engranaje,0.8000000000
9.4465000000,-0.0031601527,-0.6498014967,falla_engranaje,0.8000000000
9.4470000000,-0.0031163430,-0.6384858750,falla_engranaje,0.8000000000
9.4475000000,-0.0032907135,-0.6365680319,falla_engranaje,0.8000000000
9.4480000000,-0.0032051517,-0.6346579978,falla_engranaje,0.8000000000
9.4485000000,-0.0031811760,-0.6244361667,falla_engranaje,0.8000000000
9.4490000000,-0.0032315803,-0.6443841881,falla_engranaje,0.8000000000
9.4495000000,-0.0032235159,-0.6536580130,falla_engranaje,0.8000000000
9.4500000000,-0.0031815946,-0.6257977401,falla_engranaje,0.8000000000
9.4505000000,-0.0031399494,-0.6403536755,falla_engranaje,0.8000000000
9.4510000000,-0.0032331173,-0.6434118205,falla_engranaje,0.8000000000
9.4515000000,-0.0031825274,-0.6414748943,falla_engranaje,0.8000000000
9.4520000000,-0.0033041288,-0.6424983540,falla_engranaje,0.8000000000
9.4525000000,-0.0031962580,-0.6392197717,falla_engranaje,0.8000000000
9.4530000000,-0.0032778259,-0.6286345844,falla_engranaje,0.8000000000
9.4535000000,-0.0032086827,-0.6487896435,falla_engranaje,0.8000000000
9.4540000000,-0.0031480135,-0.6355425934,falla_engranaje,0.8000000000
9.4545000000,-0.0032789419,-0.6246223014,falla_engranaje,0.8000000000
9.4550000000,-0.0030844084,-0.6407716843,falla_engranaje,0.8000000000
9.4555000000,-0.0032274940,-0.6320077535,falla_engranaje,0.8000000000
9.4560000000,-0.0031760491,-0.6326517839,falla_engranaje,0.8000000000
9.4565000000,-0.0031789566,-0.6294178021,falla_engranaje,0.8000000000
9.4570000000,-0.0031265175,-0.6441134851,falla_engranaje,0.8000000000
9.4575000000,-0.0032205175,-0.6401572928,falla_engranaje,0.8000000000
9.4580000000,-0.0031236335,-0.6567740157,falla_engranaje,0.8000000000
9.4585000000,-0.0030584707,-0.6330885720,falla_engranaje,0.8000000000
9.4590000000,-0.0030984909,-0.6313354874,falla_engranaje,0.8000000000
9.4595000000,-0.0032140602,-0.6379018151,falla_engranaje,0.8000000000
9.4600000000,-0.0032266249,-0.6338214947,falla_engranaje,0.8000000000
9.4605000000,-0.0030180795,-0.6334104046,falla_engranaje,0.8000000000
9.4610000000,-0.0031784598,-0.6380595840,falla_engranaje,0.8000000000
9.4615000000,-0.0031931399,-0.6496090786,falla_engranaje,0.8000000000
9.4620000000,-0.0032531057,-0.6256258737,falla_engranaje,0.8000000000
9.4625000000,-0.0031272615,-0.6373147387,falla_engranaje,0.8000000000
9.4630000000,-0.0031351827,-0.6237099933,falla_engranaje,0.8000000000
9.4635000000,-0.0030838689,-0.6360732044,falla_engranaje,0.8000000000
9.4640000000,-0.0032204770,-0.6298843552,falla_engranaje,0.8000000000
9.4645000000,-0.0032169117,-0.6335206681,falla_engranaje,0.8000000000
9.4650000000,-0.0030765360,-0.6225361390,falla_engranaje,0.8000000000
9.4655000000,-0.0031800247,-0.6282999969,falla_engranaje,0.8000000000
9.4660000000,-0.0030925585,-0.6194886254,falla_engranaje,0.8000000000
9.4665000000,-0.0031142426,-0.6326425148,falla_engranaje,0.8000000000
9.4670000000,-0.0032154381,-0.6156233062,falla_engranaje,0.8000000000
9.4675000000,-0.0031253981,-0.6318235960,falla_engranaje,0.8000000000
9.4680000000,-0.0030985801,-0.6155267371,falla_engranaje,0.8000000000
9.4685000000,-0.0031806902,-0.6329486772,falla_engranaje,0.8000000000
9.4690000000,-0.0031722194,-0.6374850179,falla_engranaje,0.8000000000
9.4695000000,-0.0032286830,-0.6251367153,falla_engranaje,0.8000000000
9.4700000000,-0.0031086199,-0.6119737348,falla_engranaje,0.8000000000
9.4705000000,-0.0030708132,-0.6259025427,falla_engranaje,0.8000000000
9.4710000000,-0.0031331106,-0.6459640257,falla_engranaje,0.8000000000
9.4715000000,-0.0030254873,-0.6239804818,falla_engranaje,0.8000000000
9.4720000000,-0.0029960891,-0.6261812616,falla_engranaje,0.8000000000
9.4725000000,-0.0030563478,-0.6159691495,falla_engranaje,0.8000000000
9.4730000000,-0.0030911529,-0.6271259845,falla_engranaje,0.8000000000
9.4735000000,-0.0029093455,-0.5909742619,falla_engranaje,0.8000000000
9.4740000000,-0.0030046601,-0.6302932272,falla_engranaje,0.8000000000
9.4745000000,-0.0031143854,-0.6128167111,falla_engranaje,0.8000000000
9.4750000000,-0.0030161187,-0.6222491723,falla_engranaje,0.8000000000
9.4755000000,-0.0030226291,-0.6072897491,falla_engranaje,0.8000000000
9.4760000000,-0.0030300183,-0.6191148174,falla_engranaje,0.8000000000
9.4765000000,-0.0029998497,-0.6382957708,falla_engranaje,0.8000000000
9.4770000000,-0.0030595970,-0.6207320122,falla_engranaje,0.8000000000
9.4775000000,-0.0030481375,-0.6238362376,falla_engranaje,0.8000000000
9.4780000000,-0.0031006655,-0.6204994528,falla_engranaje,0.8000000000
9.4785000000,-0.0030080563,-0.6098925793,falla_engranaje,0.8000000000
9.4790000000,-0.0029689751,-0.6320174178,falla_engranaje,0.8000000000
9.4795000000,-0.0031100811,-0.6287845986,falla_engranaje,0.8000000000
9.4800000000,-0.0029973196,-0.6154916810,falla_engranaje,0.8000000000
9.4805000000,-0.0031111365,-0.6135084518,falla_engranaje,0.8000000000
9.4810000000,-0.0030052674,-0.6027688845,falla_engranaje,0.8000000000
9.4815000000,-0.0030033641,-0.5967545670,falla_engranaje,0.8000000000
9.4820000000,-0.0029363031,-0.6227586581,falla_engranaje,0.8000000000
9.4825000000,-0.0030258130,-0.5959737481,falla_engranaje,0.8000000000
9.4830000000,-0.0029313407,-0.6082162794,falla_engranaje,0.8000000000
9.4835000000,-0.0029906938,-0.6030474608,falla_engranaje,0.8000000000
9.4840000000,-0.0029627409,-0.6094992772,falla_engranaje,0.8000000000
9.4845000000,-0.0031688439,-0.5940872133,falla_engranaje,0.8000000000
9.4850000000,-0.0029570496,-0.6107940134,falla_engranaje,0.8000000000
9.4855000000,-0.0029437896,-0.5994289071,falla_engranaje,0.8000000000
9.4860000000,-0.0028653277,-0.6242178857,falla_engranaje,0.8000000000
9.4865000000,-0.0028701390,-0.6172756049,falla_engranaje,0.8000000000
9.4870000000,-0.0029024634,-0.5935502906,falla_engranaje,0.8000000000
9.4875000000,-0.0029305632,-0.6094217804,falla_engranaje,0.8000000000
9.4880000000,-0.0029901894,-0.6259757817,falla_engranaje,0.8000000000
9.4885000000,-0.0029976584,-0.6124125880,falla_engranaje,0.8000000000
9.4890000000,-0.0029427040,-0.6019794654,falla_engranaje,0.8000000000
9.4895000000,-0.0028705129,-0.5910044892,falla_engranaje,0.8000000000
9.4900000000,-0.0028964818,-0.6201254653,falla_engranaje,0.8000000000
9.4905000000,-0.0029083369,-0.5917597670,falla_engranaje,0.8000000000
9.4910000000,-0.0028782403,-0.6062349333,falla_engranaje,0.8000000000
9.4915000000,-0.0027705780,-0.5912445081,falla_engranaje,0.8000000000
9.4920000000,-0.0028417679,-0.6052798650,falla_engranaje,0.8000000000
9.4925000000,-0.0028979855,-0.5944082655,falla_engranaje,0.8000000000
9.4930000000,-0.0027629359,-0.5993260031,falla_engranaje,0.8000000000
9.4935000000,-0.0029370942,-0.6025192920,falla_engranaje,0.8000000000
9.4940000000,-0.0027664291,-0.5931925209,falla_engranaje,0.8000000000
9.4945000000,-0.0027988607,-0.5911851155,falla_engranaje,0.8000000000
9.4950000000,-0.0027403233,-0.6047955553,falla_engranaje,0.8000000000
9.4955000000,-0.0028656236,-0.5908926996,falla_engranaje,0.8000000000
9.4960000000,-0.0027448381,-0.6013043248,falla_engranaje,0.8000000000
9.4965000000,-0.0028828940,-0.5892917569,falla_engranaje,0.8000000000
9.4970000000,-0.0027826945,-0.5996570814,falla_engranaje,0.8000000000
9.4975000000,-0.0028669791,-0.6017069398,falla_engranaje,0.8000000000
9.4980000000,-0.0028084851,-0.6077134055,falla_engranaje,0.8000000000
9.4985000000,-0.0028483181,-0.5932991405,falla_engranaje,0.8000000000
9.4990000000,-0.0027315207,-0.6001416457,falla_engranaje,0.8000000000
9.4995000000,-0.0027799000,-0.6070282123,falla_engranaje,0.8000000000
9.5000000000,-0.0028418956,-0.5748371551,falla_engranaje,0.8000000000
9.5005000000,-0.0028255192,-0.6021247047,falla_engranaje,0.8000000000
9.5010000000,-0.0028300544,-0.5990087705,falla_engranaje,0.8000000000
9.5015000000,-0.0028639502,-0.6028757121,falla_engranaje,0.8000000000
9.5020000000,-0.0027716314,-0.5791976820,falla_engranaje,0.8000000000
9.5025000000,-0.0026710411,-0.6001877344,falla_engranaje,0.8000000000
9.5030000000,-0.0027785910,-0.5705453709,falla_engranaje,0.8000000000
9.5035000000,-0.0027046868,-0.5735866497,falla_engranaje,0.8000000000
9.5040000000,-0.0027291725,-0.5937507845,falla_engranaje,0.8000000000
9.5045000000,-0.0028764836,-0.5863541397,falla_engranaje,0.8000000000
9.5050000000,-0.0028127335,-0.5723722267,falla_engranaje,0.8000000000
9.5055000000,-0.0027436060,-0.5967978373,falla_engranaje,0.8000000000
9.5060000000,-0.0028392093,-0.5839493608,falla_engranaje,0.8000000000
9.5065000000,-0.0026692512,-0.5853864035,falla_engranaje,0.8000000000
9.5070000000,-0.0025840043,-0.5924615599,falla_engranaje,0.8000000000
9.5075000000,-0.0027435864,-0.5795390121,falla_engranaje,0.8000000000
9.5080000000,-0.0027003847,-0.5882587804,falla_engranaje,0.8000000000
9.5085000000,-0.0027679779,-0.5814610184,falla_engranaje,0.8000000000
9.5090000000,-0.0027006251,-0.5758655582,falla_engranaje,0.8000000000
9.5095000000,-0.0027280598,-0.6033236882,falla_engranaje,0.8000000000
9.5100000000,-0.0027579325,-0.5762098464,falla_engranaje,0.8000000000
9.5105000000,-0.0027668522,-0.5760915019,falla_engranaje,0.8000000000
9.5110000000,-0.0026744467,-0.5955623800,falla_engranaje,0.8000000000
9.5115000000,-0.0027161639,-0.5751075258,falla_engranaje,0.8000000000
9.5120000000,-0.0026910477,-0.5838976730,falla_engranaje,0.8000000000
9.5125000000,-0.0026372171,-0.5800365794,falla_engranaje,0.8000000000
9.5130000000,-0.0027198380,-0.5978129993,falla_engranaje,0.8000000000
9.5135000000,-0.0026049613,-0.5592658452,falla_engranaje,0.8000000000
9.5140000000,-0.0026356384,-0.5760461684,falla_engranaje,0.8000000000
9.5145000000,-0.0026876831,-0.5781054188,falla_engranaje,0.8000000000
9.5150000000,-0.0025680482,-0.5574545572,falla_engranaje,0.8000000000
9.5155000000,-0.0026486220,-0.5675898950,falla_engranaje,0.8000000000
9.5160000000,-0.0026240133,-0.5664678674,falla_engranaje,0.8000000000
9.5165000000,-0.0025345754,-0.5660416277,falla_engranaje,0.8000000000
9.5170000000,-0.0026039558,-0.5836134839,falla_engranaje,0.8000000000
9.5175000000,-0.0027558283,-0.5747032058,falla_engranaje,0.8000000000
9.5180000000,-0.0025627589,-0.5769261126,falla_engranaje,0.8000000000
9.5185000000,-0.0026003809,-0.5800852739,falla_engranaje,0.8000000000
9.5190000000,-0.0025923799,-0.5617488544,falla_engranaje,0.8000000000
9.5195000000,-0.0026312152,-0.5703543738,falla_engranaje,0.8000000000
9.5200000000,-0.0025875952,-0.5653308257,falla_engranaje,0.8000000000
9.5205000000,-0.0025443582,-0.5680875847,falla_engranaje,0.8000000000
9.5210000000,-0.0026002252,-0.5535796149,falla_engranaje,0.8000000000
9.5215000000,-0.0025869612,-0.5733773172,falla_engranaje,0.8000000000
9.5220000000,-0.0026210058,-0.5621549335,falla_engranaje,0.8000000000
9.5225000000,-0.0025387241,-0.5598160765,falla_engranaje,0.8000000000
9.5230000000,-0.0025512185,-0.5689480586,falla_engranaje,0.8000000000
9.5235000000,-0.0024970383,-0.5694236315,falla_engranaje,0.8000000000
9.5240000000,-0.0025009720,-0.5473577502,falla_engranaje,0.8000000000
9.5245000000,-0.0026359290,-0.5689144470,falla_engranaje,0.8000000000
9.5250000000,-0.0024957082,-0.5387495000,falla_engranaje,0.8000000000
9.5255000000,-0.0025095754,-0.5613378461,falla_engranaje,0.8000000000
9.5260000000,-0.0025146830,-0.5572514393,falla_engranaje,0.8000000000
9.5265000000,-0.0025475930,-0.5566860200,falla_engranaje,0.8000000000
9.5270000000,-0.0024648347,-0.5626575256,falla_engranaje,0.8000000000
9.5275000000,-0.0024580112,-0.5614439586,falla_engranaje,0.8000000000
9.5280000000,-0.0024316240,-0.5638021126,falla_engranaje,0.8000000000
9.5285000000,-0.0024763405,-0.5494133560,falla_engranaje,0.8000000000
9.5290000000,-0.0025781173,-0.5445628899,falla_engranaje,0.8000000000
9.5295000000,-0.0023183306,-0.5591552559,falla_engranaje,0.8000000000
9.5300000000,-0.0025741511,-0.5370576850,falla_engranaje,0.8000000000
9.5305000000,-0.0024079210,-0.5520106402,falla_engranaje,0.8000000000
9.5310000000,-0.0023242509,-0.5646421758,falla_engranaje,0.8000000000
9.5315000000,-0.0025249444,-0.5587752091,falla_engranaje,0.8000000000
9.5320000000,-0.0025377280,-0.5547472321,falla_engranaje,0.8000000000
9.5325000000,-0.0024309245,-0.5608169793,falla_engranaje,0.8000000000
9.5330000000,-0.0024834290,-0.5557381048,falla_engranaje,0.8000000000
9.5335000000,-0.0024943515,-0.5570779461,falla_engranaje,0.8000000000
9.5340000000,-0.0024622628,-0.5634216102,falla_engranaje,0.8000000000
9.5345000000,-0.0023159989,-0.5531212099,falla_engranaje,0.8000000000
9.5350000000,-0.0024777889,-0.5256933109,falla_engranaje,0.8000000000
9.5355000000,-0.0025289736,-0.5264576203,falla_engranaje,0.8000000000
9.5360000000,-0.0024717476,-0.5533472958,falla_engranaje,0.8000000000
9.5365000000,-0.0023128543,-0.5614439121,falla_engranaje,0.8000000000
9.5370000000,-0.0024890443,-0.5501018338,falla_engranaje,0.8000000000
9.5375000000,-0.0023522181,-0.5515606044,falla_engranaje,0.8000000000
9.5380000000,-0.0023994831,-0.5438196639,falla_engranaje,0.8000000000
9.5385000000,-0.0023299297,-0.5598357581,falla_engranaje,0.8000000000
9.5390000000,-0.0023060765,-0.5433770025,falla_engranaje,0.8000000000
9.5395000000,-0.0022334659,-0.5489337713,falla_engranaje,0.8000000000
9.5400000000,-0.0021327169,-0.5410843726,falla_engranaje,0.8000000000
9.5405000000,-0.0023022037,-0.5497675442,falla_engranaje,0.8000000000
9.5410000000,-0.0022790020,-0.5174993124,falla_engranaje,0.8000000000
9.5415000000,-0.0023732105,-0.5454443363,falla_engranaje,0.8000000000
9.5420000000,-0.0022312388,-0.5223168134,falla_engranaje,0.8000000000
9.5425000000,-0.0022882079,-0.5419840153,falla_engranaje,0.8000000000
9.5430000000,-0.0023151748,-0.5198413072,falla_engranaje,0.8000000000
9.5435000000,-0.0022174159,-0.5395978492,falla_engranaje,0.8000000000
9.5440000000,-0.0022098764,-0.5297038516,falla_engranaje,0.8000000000
9.5445000000,-0.0022382106,-0.5292409377,falla_engranaje,0.8000000000
9.5450000000,-0.0022564527,-0.5373564567,falla_engranaje,0.8000000000
9.5455000000,-0.0024227885,-0.5492107331,falla_engranaje,0.8000000000
9.5460000000,-0.0022921025,-0.5274569745,falla_engranaje,0.8000000000
9.5465000000,-0.0022324864,-0.5360731526,falla_engranaje,0.8000000000
9.5470000000,-0.0021837930,-0.5644715968,falla_engranaje,0.8000000000
9.5475000000,-0.0022108827,-0.5333800320,falla_engranaje,0.8000000000
9.5480000000,-0.0022726934,-0.5453218872,falla_engranaje,0.8000000000
9.5485000000,-0.0021508557,-0.5233431651,falla_engranaje,0.8000000000
9.5490000000,-0.0023749644,-0.5295018368,falla_engranaje,0.8000000000
9.5495000000,-0.0021828255,-0.5231792697,falla_engranaje,0.8000000000
9.5500000000,-0.0021933734,-0.5298567930,falla_engranaje,0.8000000000
9.5505000000,-0.0022289802,-0.5176174357,falla_engranaje,0.8000000000
9.5510000000,-0.0021742801,-0.5286137285,falla_engranaje,0.8000000000
9.5515000000,-0.0021967522,-0.5228671124,falla_engranaje,0.8000000000
9.5520000000,-0.0022364944,-0.5375187795,falla_engranaje,0.8000000000
9.5525000000,-0.0022079211,-0.5144446432,falla_engranaje,0.8000000000
9.5530000000,-0.0021408514,-0.5237364137,falla_engranaje,0.8000000000
9.5535000000,-0.0022000141,-0.5269037802,falla_engranaje,0.8000000000
9.5540000000,-0.0023220235,-0.5223910325,falla_engranaje,0.8000000000
9.5545000000,-0.0020587606,-0.5235870147,falla_engranaje,0.8000000000
9.5550000000,-0.0021873146,-0.5201066641,falla_engranaje,0.8000000000
9.5555000000,-0.0019728971,-0.5213243234,falla_engranaje,0.8000000000
9.5560000000,-0.0020823159,-0.5316028881,falla_engranaje,0.8000000000
9.5565000000,-0.0022685872,-0.5197872868,falla_engranaje,0.8000000000
9.5570000000,-0.0022051574,-0.5008486695,falla_engranaje,0.8000000000
9.5575000000,-0.0021118366,-0.5245851230,falla_engranaje,0.8000000000
9.5580000000,-0.0021406469,-0.5270880271,falla_engranaje,0.8000000000
9.5585000000,-0.0022115086,-0.5201445486,falla_engranaje,0.8000000000
9.5590000000,-0.0020974146,-0.5066410615,falla_engranaje,0.8000000000
9.5595000000,-0.0020471280,-0.5195853920,falla_engranaje,0.8000000000
9.5600000000,-0.0020823758,-0.5097645817,falla_engranaje,0.8000000000
9.5605000000,-0.0021322403,-0.5153566164,falla_engranaje,0.8000000000
9.5610000000,-0.0020403417,-0.4982835183,falla_engranaje,0.8000000000
9.5615000000,-0.0020584743,-0.5048570226,falla_engranaje,0.8000000000
9.5620000000,-0.0020147871,-0.5012418594,falla_engranaje,0.8000000000
9.5625000000,-0.0020141566,-0.4992252746,falla_engranaje,0.8000000000
9.5630000000,-0.0021358171,-0.4952185505,falla_engranaje,0.8000000000
9.5635000000,-0.0020043780,-0.5095002008,falla_engranaje,0.8000000000
9.5640000000,-0.0019775462,-0.4994665016,falla_engranaje,0.8000000000
9.5645000000,-0.0020097502,-0.5207247345,falla_engranaje,0.8000000000
9.5650000000,-0.0021029052,-0.5042280715,falla_engranaje,0.8000000000
9.5655000000,-0.0019781714,-0.5155631141,falla_engranaje,0.8000000000
9.5660000000,-0.0020230010,-0.4985174652,falla_engranaje,0.8000000000
9.5665000000,-0.0020496885,-0.5093595577,falla_engranaje,0.8000000000
9.5670000000,-0.0020770422,-0.4844983326,falla_engranaje,0.8000000000
9.5675000000,-0.0020536942,-0.4919818621,falla_engranaje,0.8000000000
9.5680000000,-0.0018697351,-0.4990361478,falla_engranaje,0.8000000000
9.5685000000,-0.0019291691,-0.5075643503,falla_engranaje,0.8000000000
9.5690000000,-0.0019952582,-0.5000527389,falla_engranaje,0.8000000000
9.5695000000,-0.0020769021,-0.5055418584,falla_engranaje,0.8000000000
9.5700000000,-0.0019079805,-0.5136509918,falla_engranaje,0.8000000000
9.5705000000,-0.0020019575,-0.5125333253,falla_engranaje,0.8000000000
9.5710000000,-0.0019168180,-0.5032362731,falla_engranaje,0.8000000000
9.5715000000,-0.0020398546,-0.5071903918,falla_engranaje,0.8000000000
9.5720000000,-0.0019097409,-0.4887583827,falla_engranaje,0.8000000000
9.5725000000,-0.0020477289,-0.4959175135,falla_engranaje,0.8000000000
9.5730000000,-0.0018761739,-0.5082497688,falla_engranaje,0.8000000000
9.5735000000,-0.0017644797,-0.4791535195,falla_engranaje,0.8000000000
9.5740000000,-0.0020235723,-0.4937117014,falla_engranaje,0.8000000000
9.5745000000,-0.0018534405,-0.4927211555,falla_engranaje,0.8000000000
9.5750000000,-0.0018727397,-0.4813688271,falla_engranaje,0.8000000000
9.5755000000,-0.0018505922,-0.4981205341,falla_engranaje,0.8000000000
9.5760000000,-0.0017722305,-0.4953833849,falla_engranaje,0.8000000000
9.5765000000,-0.0018742521,-0.4856266466,falla_engranaje,0.8000000000
9.5770000000,-0.0019509642,-0.4971061167,falla_engranaje,0.8000000000
9.5775000000,-0.0019500239,-0.4770875889,falla_engranaje,0.8000000000
9.5780000000,-0.0017945040,-0.4853473267,falla_engranaje,0.8000000000
9.5785000000,-0.0018459892,-0.4792619598,falla_engranaje,0.8000000000
9.5790000000,-0.0017614244,-0.5134275540,falla_engranaje,0.8000000000
9.5795000000,-0.0018972125,-0.5018661345,falla_engranaje,0.8000000000
9.5800000000,-0.0018574701,-0.4788788436,falla_engranaje,0.8000000000
9.5805000000,-0.0017515800,-0.5128793988,falla_engranaje,0.8000000000
9.5810000000,-0.0017896019,-0.4924578152,falla_engranaje,0.8000000000
9.5815000000,-0.0017807870,-0.4682684537,falla_engranaje,0.8000000000
9.5820000000,-0.0017861804,-0.4754516420,falla_engranaje,0.8000000000
9.5825000000,-0.0018146045,-0.4773397551,falla_engranaje,0.8000000000
9.5830000000,-0.0016713762,-0.4729794852,falla_engranaje,0.8000000000
9.5835000000,-0.0018427590,-0.4807514439,falla_engranaje,0.8000000000
9.5840000000,-0.0018122146,-0.4729567818,falla_engranaje,0.8000000000
9.5845000000,-0.0018498777,-0.4636232935,falla_engranaje,0.8000000000
9.5850000000,-0.0018032198,-0.4942328644,falla_engranaje,0.8000000000
9.5855000000,-0.0018410747,-0.4812460257,falla_engranaje,0.8000000000
9.5860000000,-0.0016971715,-0.4900018753,falla_engranaje,0.8000000000
9.5865000000,-0.0017405654,-0.4652352434,falla_engranaje,0.8000000000
9.5870000000,-0.0018032183,-0.4862528392,falla_engranaje,0.8000000000
9.5875000000,-0.0017819240,-0.4690623122,falla_engranaje,0.8000000000
9.5880000000,-0.0018005770,-0.4758246918,falla_engranaje,0.8000000000
9.5885000000,-0.0017002303,-0.4833207143,falla_engranaje,0.8000000000
9.5890000000,-0.0018190173,-0.4880160247,falla_engranaje,0.8000000000
9.5895000000,-0.0017315612,-0.4806110558,falla_engranaje,0.8000000000
9.5900000000,-0.0017482863,-0.4700953413,falla_engranaje,0.8000000000
9.5905000000,-0.0016434974,-0.4807814004,falla_engranaje,0.8000000000
9.5910000000,-0.0017276760,-0.4622240640,falla_engranaje,0.8000000000
9.5915000000,-0.0017120025,-0.4756820588,falla_engranaje,0.8000000000
9.5920000000,-0.0017081620,-0.4652497658,falla_engranaje,0.8000000000
9.5925000000,-0.0017282583,-0.4722740426,falla_engranaje,0.8000000000
9.5930000000,-0.0017156479,-0.4763466500,falla_engranaje,0.8000000000
9.5935000000,-0.0016469668,-0.4560398655,falla_engranaje,0.8000000000
9.5940000000,-0.0016889110,-0.4919609682,falla_engranaje,0.8000000000
9.5945000000,-0.0018030724,-0.4815623054,falla_engranaje,0.8000000000
9.5950000000,-0.0016479081,-0.4768140297,falla_engranaje,0.8000000000
9.5955000000,-0.0017474744,-0.4563666340,falla_engranaje,0.8000000000
9.5960000000,-0.0016284397,-0.4517409542,falla_engranaje,0.8000000000
9.5965000000,-0.0015859223,-0.4799693731,falla_engranaje,0.8000000000
9.5970000000,-0.0016559092,-0.4572171472,falla_engranaje,0.8000000000
9.5975000000,-0.0016090310,-0.4587317255,falla_engranaje,0.8000000000
9.5980000000,-0.0016496808,-0.4563378239,falla_engranaje,0.8000000000
9.5985000000,-0.0017211384,-0.4682357278,falla_engranaje,0.8000000000
9.5990000000,-0.0016707872,-0.4676308402,falla_engranaje,0.8000000000
9.5995000000,-0.0015933692,-0.4544061286,falla_engranaje,0.8000000000
9.6000000000,-0.0017350974,-0.4709121354,falla_engranaje,0.8000000000
9.6005000000,-0.0014684862,-0.4604984275,falla_engranaje,0.8000000000
9.6010000000,-0.0016986201,-0.4352308804,falla_engranaje,0.8000000000
9.6015000000,-0.0017509933,-0.4565499673,falla_engranaje,0.8000000000
9.6020000000,-0.0014757658,-0.4719959937,falla_engranaje,0.8000000000
9.6025000000,-0.0014751249,-0.4685105503,falla_engranaje,0.8000000000
9.6030000000,-0.0015435429,-0.4620510887,falla_engranaje,0.8000000000
9.6035000000,-0.0016427803,-0.4672193160,falla_engranaje,0.8000000000
9.6040000000,-0.0014945164,-0.4496236681,falla_engranaje,0.8000000000
9.6045000000,-0.0015307752,-0.4588107629,falla_engranaje,0.8000000000
9.6050000000,-0.0015531699,-0.4665288419,falla_engranaje,0.8000000000
9.6055000000,-0.0016683228,-0.4532175658,falla_engranaje,0.8000000000
9.6060000000,-0.0015145001,-0.4379840588,falla_engranaje,0.8000000000
9.6065000000,-0.0015434421,-0.4646927421,falla_engranaje,0.8000000000
9.6070000000,-0.0015436362,-0.4659097266,falla_engranaje,0.8000000000
9.6075000000,-0.0015805935,-0.4527252357,falla_engranaje,0.8000000000
9.6080000000,-0.0014296780,-0.4586646732,falla_engranaje,0.8000000000
9.6085000000,-0.0016295136,-0.4563208470,falla_engranaje,0.8000000000
9.6090000000,-0.0014281201,-0.4450763428,falla_engranaje,0.8000000000
9.6095000000,-0.0015906174,-0.4225245260,falla_engranaje,0.8000000000
9.6100000000,-0.0015180106,-0.4328340640,falla_engranaje,0.8000000000
9.6105000000,-0.0013814163,-0.4445784020,falla_engranaje,0.8000000000
9.6110000000,-0.0014799192,-0.4548305032,falla_engranaje,0.8000000000
9.6115000000,-0.0015247978,-0.4479878932,falla_engranaje,0.8000000000
9.6120000000,-0.0014387792,-0.4320769990,falla_engranaje,0.8000000000
9.6125000000,-0.0015466262,-0.4429520595,falla_engranaje,0.8000000000
9.6130000000,-0.0013714651,-0.4734330031,falla_engranaje,0.8000000000
9.6135000000,-0.0013797407,-0.4484237609,falla_engranaje,0.8000000000
9.6140000000,-0.0015697239,-0.4464122472,falla_engranaje,0.8000000000
9.6145000000,-0.0015931395,-0.4303756262,falla_engranaje,0.8000000000
9.6150000000,-0.0013780787,-0.4309878734,falla_engranaje,0.8000000000
9.6155000000,-0.0015230963,-0.4357406722,falla_engranaje,0.8000000000
9.6160000000,-0.0014954054,-0.4520146572,falla_engranaje,0.8000000000
9.6165000000,-0.0014455383,-0.4484263740,falla_engranaje,0.8000000000
9.6170000000,-0.0012378161,-0.4332429646,falla_engranaje,0.8000000000
9.6175000000,-0.0014425149,-0.4564153225,falla_engranaje,0.8000000000
9.6180000000,-0.0014879465,-0.4450153740,falla_engranaje,0.8000000000
9.6185000000,-0.0014624582,-0.4457995158,falla_engranaje,0.8000000000
9.6190000000,-0.0014428538,-0.4444425651,falla_engranaje,0.8000000000
9.6195000000,-0.0014656917,-0.4261848015,falla_engranaje,0.8000000000
9.6200000000,-0.0013133419,-0.4388843206,falla_engranaje,0.8000000000
9.6205000000,-0.0014380161,-0.4445137784,falla_engranaje,0.8000000000
9.6210000000,-0.0014649427,-0.4219212150,falla_engranaje,0.8000000000
9.6215000000,-0.0015289678,-0.4196497136,falla_engranaje,0.8000000000
9.6220000000,-0.0015006201,-0.4299842237,falla_engranaje,0.8000000000
9.6225000000,-0.0013619568,-0.4377696102,falla_engranaje,0.8000000000
9.6230000000,-0.0013594202,-0.4371123569,falla_engranaje,0.8000000000
9.6235000000,-0.0014202629,-0.4472090906,falla_engranaje,0.8000000000
9.6240000000,-0.0014135523,-0.4469143455,falla_engranaje,0.8000000000
9.6245000000,-0.0014540440,-0.4375567262,falla_engranaje,0.8000000000
9.6250000000,-0.0014263483,-0.4335949226,falla_engranaje,0.8000000000
9.6255000000,-0.0013387324,-0.4302090662,falla_engranaje,0.8000000000
9.6260000000,-0.0012379653,-0.4466472022,falla_engranaje,0.8000000000
9.6265000000,-0.0014365635,-0.4246852225,falla_engranaje,0.8000000000
9.6270000000,-0.0013041903,-0.4290113159,falla_engranaje,0.8000000000
9.6275000000,-0.0013957217,-0.4261018806,falla_engranaje,0.8000000000
9.6280000000,-0.0013817629,-0.4352683680,falla_engranaje,0.8000000000
9.6285000000,-0.0014520380,-0.4338163512,falla_engranaje,0.8000000000
9.6290000000,-0.0014022968,-0.4241444637,falla_engranaje,0.8000000000
9.6295000000,-0.0014463630,-0.4400453668,falla_engranaje,0.8000000000
9.6300000000,-0.0012632736,-0.4237752535,falla_engranaje,0.8000000000
9.6305000000,-0.0013458478,-0.4052708268,falla_engranaje,0.8000000000
9.6310000000,-0.0014504221,-0.4157057907,falla_engranaje,0.8000000000
9.6315000000,-0.0013170242,-0.4484387863,falla_engranaje,0.8000000000
9.6320000000,-0.0013758273,-0.4133221203,falla_engranaje,0.8000000000
9.6325000000,-0.0012519590,-0.4256199357,falla_engranaje,0.8000000000
9.6330000000,-0.0013109356,-0.4125360189,falla_engranaje,0.8000000000
9.6335000000,-0.0012938066,-0.4230308568,falla_engranaje,0.8000000000
9.6340000000,-0.0013581901,-0.4380275500,falla_engranaje,0.8000000000
9.6345000000,-0.0013409560,-0.4089654242,falla_engranaje,0.8000000000
9.6350000000,-0.0013319688,-0.4260342460,falla_engranaje,0.8000000000
9.6355000000,-0.0012792330,-0.4127255703,falla_engranaje,0.8000000000
9.6360000000,-0.0013875623,-0.4260517646,falla_engranaje,0.8000000000
9.6365000000,-0.0013232439,-0.4126548411,falla_engranaje,0.8000000000
9.6370000000,-0.0013365660,-0.4152488417,falla_engranaje,0.8000000000
9.6375000000,-0.0013290347,-0.4066835204,falla_engranaje,0.8000000000
9.6380000000,-0.0012585556,-0.4268717909,falla_engranaje,0.8000000000
9.6385000000,-0.0013325150,-0.4143257263,falla_engranaje,0.8000000000
9.6390000000,-0.0012745316,-0.4187006762,falla_engranaje,0.8000000000
9.6395000000,-0.0013821743,-0.4148510808,falla_engranaje,0.8000000000
9.6400000000,-0.0011849635,-0.4130963805,falla_engranaje,0.8000000000
9.6405000000,-0.0011699292,-0.4090652584,falla_engranaje,0.8000000000
9.6410000000,-0.0014100812,-0.4136332065,falla_engranaje,0.8000000000
9.6415000000,-0.0013106078,-0.4116204478,falla_engranaje,0.8000000000
9.6420000000,-0.0013249616,-0.4123039492,falla_engranaje,0.8000000000
9.6425000000,-0.0011975168,-0.4181405306,falla_engranaje,0.8000000000
9.6430000000,-0.0013738382,-0.4285229450,falla_engranaje,0.8000000000
9.6435000000,-0.0013131555,-0.4074511948,falla_engranaje,0.8000000000
9.6440000000,-0.0013239922,-0.4195822779,falla_engranaje,0.8000000000
9.6445000000,-0.0010954955,-0.4284325400,falla_engranaje,0.8000000000
9.6450000000,-0.0011817379,-0.4137590534,falla_engranaje,0.8000000000
9.6455000000,-0.0013054911,-0.3994076255,falla_engranaje,0.8000000000
9.6460000000,-0.0012629935,-0.4092429404,falla_engranaje,0.8000000000
9.6465000000,-0.0012212373,-0.4137072505,falla_engranaje,0.8000000000
9.6470000000,-0.0011821676,-0.4183056015,falla_engranaje,0.8000000000
9.6475000000,-0.0011161659,-0.4067033063,falla_engranaje,0.8000000000
9.6480000000,-0.0012546147,-0.3956450195,falla_engranaje,0.8000000000
9.6485000000,-0.0011024458,-0.3906021709,falla_engranaje,0.8000000000
9.6490000000,-0.0012529407,-0.4038136443,falla_engranaje,0.8000000000
9.6495000000,-0.0010752417,-0.4160368389,falla_engranaje,0.8000000000
9.6500000000,-0.0011021213,-0.3896665290,falla_engranaje,0.8000000000
9.6505000000,-0.0012643632,-0.4009717748,falla_engranaje,0.8000000000
9.6510000000,-0.0012470593,-0.4224857716,falla_engranaje,0.8000000000
9.6515000000,-0.0011733791,-0.4160606917,falla_engranaje,0.8000000000
9.6520000000,-0.0011833324,-0.3935973473,falla_engranaje,0.8000000000
9.6525000000,-0.0012460021,-0.4072790083,falla_engranaje,0.8000000000
9.6530000000,-0.0012296766,-0.3938784254,falla_engranaje,0.8000000000
9.6535000000,-0.0010478019,-0.3917132293,falla_engranaje,0.8000000000
9.6540000000,-0.0011965894,-0.3950318875,falla_engranaje,0.8000000000
9.6545000000,-0.0011886422,-0.4103139196,falla_engranaje,0.8000000000
9.6550000000,-0.0012013081,-0.4008484827,falla_engranaje,0.8000000000
9.6555000000,-0.0011577044,-0.4106194889,falla_engranaje,0.8000000000
9.6560000000,-0.0012240422,-0.3831021488,falla_engranaje,0.8000000000
9.6565000000,-0.0011590884,-0.4034860527,falla_engranaje,0.8000000000
9.6570000000,-0.0011752034,-0.3959888354,falla_engranaje,0.8000000000
9.6575000000,-0.0012306727,-0.4076652195,falla_engranaje,0.8000000000
9.6580000000,-0.0010945126,-0.4140995738,falla_engranaje,0.8000000000
9.6585000000,-0.0012130248,-0.4159800717,falla_engranaje,0.8000000000
9.6590000000,-0.0012031830,-0.3994137164,falla_engranaje,0.8000000000
9.6595000000,-0.0010320132,-0.4051941883,falla_engranaje,0.8000000000
9.6600000000,-0.0011263694,-0.3868133596,falla_engranaje,0.8000000000
9.6605000000,-0.0011413364,-0.3962967449,falla_engranaje,0.8000000000
9.6610000000,-0.0011658851,-0.3883879228,falla_engranaje,0.8000000000
9.6615000000,-0.0011197285,-0.3992373577,falla_engranaje,0.8000000000
9.6620000000,-0.0010296042,-0.3972651939,falla_engranaje,0.8000000000
9.6625000000,-0.0012572388,-0.3961712139,falla_engranaje,0.8000000000
9.6630000000,-0.0010085843,-0.4044295714,falla_engranaje,0.8000000000
9.6635000000,-0.0011243793,-0.3929337630,falla_engranaje,0.8000000000
9.6640000000,-0.0011994616,-0.3887231447,falla_engranaje,0.8000000000
9.6645000000,-0.0011446787,-0.4010175144,falla_engranaje,0.8000000000
9.6650000000,-0.0011994473,-0.3996152089,falla_engranaje,0.8000000000
9.6655000000,-0.0012223817,-0.3924662195,falla_engranaje,0.8000000000
9.6660000000,-0.0011494794,-0.3936979551,falla_engranaje,0.8000000000
9.6665000000,-0.0011755826,-0.3894321720,falla_engranaje,0.8000000000
9.6670000000,-0.0011351647,-0.3977869169,falla_engranaje,0.8000000000
9.6675000000,-0.0010794399,-0.3932523945,falla_engranaje,0.8000000000
9.6680000000,-0.0010555200,-0.3866944651,falla_engranaje,0.8000000000
9.6685000000,-0.0010069150,-0.3894785393,falla_engranaje,0.8000000000
9.6690000000,-0.0011368566,-0.3807136898,falla_engranaje,0.8000000000
9.6695000000,-0.0012201627,-0.3975113700,falla_engranaje,0.8000000000
9.6700000000,-0.0012583176,-0.3896705171,falla_engranaje,0.8000000000
9.6705000000,-0.0012231538,-0.3988045510,falla_engranaje,0.8000000000
9.6710000000,-0.0011027318,-0.3881157474,falla_engranaje,0.8000000000
9.6715000000,-0.0011393678,-0.3888551713,falla_engranaje,0.8000000000
9.6720000000,-0.0010285091,-0.3991870458,falla_engranaje,0.8000000000
9.6725000000,-0.0010921318,-0.3930181547,falla_engranaje,0.8000000000
9.6730000000,-0.0010472587,-0.3822373850,falla_engranaje,0.8000000000
9.6735000000,-0.0010297955,-0.3922346494,falla_engranaje,0.8000000000
9.6740000000,-0.0009089228,-0.3910353850,falla_engranaje,0.8000000000
9.6745000000,-0.0012118052,-0.3847603001,falla_engranaje,0.8000000000
9.6750000000,-0.0011232696,-0.3699084152,falla_engranaje,0.8000000000
9.6755000000,-0.0011637454,-0.3625878879,falla_engranaje,0.8000000000
9.6760000000,-0.0011506284,-0.3851421259,falla_engranaje,0.8000000000
9.6765000000,-0.0012050208,-0.3978748072,falla_engranaje,0.8000000000
9.6770000000,-0.0010515976,-0.3822207034,falla_engranaje,0.8000000000
9.6775000000,-0.0011754174,-0.3997352408,falla_engranaje,0.8000000000
9.6780000000,-0.0011333103,-0.3728516008,falla_engranaje,0.8000000000
9.6785000000,-0.0011725126,-0.3860445793,falla_engranaje,0.8000000000
9.6790000000,-0.0010839129,-0.3898630152,falla_engranaje,0.8000000000
9.6795000000,-0.0010680119,-0.4016777641,falla_engranaje,0.8000000000
9.6800000000,-0.0011947844,-0.3547469678,falla_engranaje,0.8000000000
9.6805000000,-0.0010777491,-0.3653399865,falla_engranaje,0.8000000000
9.6810000000,-0.0010801415,-0.3869841928,falla_engranaje,0.8000000000
9.6815000000,-0.0009678891,-0.3790658538,falla_engranaje,0.8000000000
9.6820000000,-0.0010869335,-0.3715220690,falla_engranaje,0.8000000000
9.6825000000,-0.0010575957,-0.4034349927,falla_engranaje,0.8000000000
9.6830000000,-0.0011669507,-0.3780900923,falla_engranaje,0.8000000000
9.6835000000,-0.0010996589,-0.3773890177,falla_engranaje,0.8000000000
9.6840000000,-0.0011013359,-0.4012750366,falla_engranaje,0.8000000000
9.6845000000,-0.0011465245,-0.3693510547,falla_engranaje,0.8000000000
9.6850000000,-0.0010683112,-0.3652179110,falla_engranaje,0.8000000000
9.6855000000,-0.0010568171,-0.3694283219,falla_engranaje,0.8000000000
9.6860000000,-0.0010626330,-0.3771822782,falla_engranaje,0.8000000000
9.6865000000,-0.0011017438,-0.3838689041,falla_engranaje,0.8000000000
9.6870000000,-0.0012067993,-0.3746730239,falla_engranaje,0.8000000000
9.6875000000,-0.0011685194,-0.3846671340,falla_engranaje,0.8000000000
9.6880000000,-0.0012003413,-0.3665625696,falla_engranaje,0.8000000000
9.6885000000,-0.0011151069,-0.3839899419,falla_engranaje,0.8000000000
9.6890000000,-0.0011812146,-0.3647216465,falla_engranaje,0.8000000000
9.6895000000,-0.0010208237,-0.3774033832,falla_engranaje,0.8000000000
9.6900000000,-0.0009719618,-0.3788985604,falla_engranaje,0.8000000000
9.6905000000,-0.0009786455,-0.3717030351,falla_engranaje,0.8000000000
9.6910000000,-0.0010737921,-0.3771229976,falla_engranaje,0.8000000000
9.6915000000,-0.0011153228,-0.3522953196,falla_engranaje,0.8000000000
9.6920000000,-0.0010514889,-0.3634046185,falla_engranaje,0.8000000000
9.6925000000,-0.0011088869,-0.3713601168,falla_engranaje,0.8000000000
9.6930000000,-0.0012351298,-0.3601621410,falla_engranaje,0.8000000000
9.6935000000,-0.0011328815,-0.3775094065,falla_engranaje,0.8000000000
9.6940000000,-0.0010576676,-0.3772086110,falla_engranaje,0.8000000000
9.6945000000,-0.0010739981,-0.3746963645,falla_engranaje,0.8000000000
9.6950000000,-0.0010798628,-0.3675350128,falla_engranaje,0.8000000000
9.6955000000,-0.0011027645,-0.3738963248,falla_engranaje,0.8000000000
9.6960000000,-0.0011388823,-0.3710088994,falla_engranaje,0.8000000000
9.6965000000,-0.0010384101,-0.3559001440,falla_engranaje,0.8000000000
9.6970000000,-0.0009964036,-0.3808261370,falla_engranaje,0.8000000000
9.6975000000,-0.0011046579,-0.3800344886,falla_engranaje,0.8000000000
9.6980000000,-0.0010939332,-0.3661790015,falla_engranaje,0.8000000000
9.6985000000,-0.0010725897,-0.3859539132,falla_engranaje,0.8000000000
9.6990000000,-0.0011736056,-0.3607666519,falla_engranaje,0.8000000000
9.6995000000,-0.0011550500,-0.3706525553,falla_engranaje,0.8000000000
9.7000000000,-0.0010042687,-0.3614279492,falla_engranaje,0.8000000000
9.7005000000,-0.0010682653,-0.3535565442,falla_engranaje,0.8000000000
9.7010000000,-0.0011299571,-0.3601932405,falla_engranaje,0.8000000000
9.7015000000,-0.0010971572,-0.3671269283,falla_engranaje,0.8000000000
9.7020000000,-0.0011348096,-0.3675477031,falla_engranaje,0.8000000000
9.7025000000,-0.0010860594,-0.3695878282,falla_engranaje,0.8000000000
9.7030000000,-0.0010832650,-0.3764264117,falla_engranaje,0.8000000000
9.7035000000,-0.0011227657,-0.3626767044,falla_engranaje,0.8000000000
9.7040000000,-0.0011377232,-0.3559557952,falla_engranaje,0.8000000000
9.7045000000,-0.0011694359,-0.3624864105,falla_engranaje,0.8000000000
9.7050000000,-0.0010925738,-0.3539388580,falla_engranaje,0.8000000000
9.7055000000,-0.0011701926,-0.3607008618,falla_engranaje,0.8000000000
9.7060000000,-0.0010890197,-0.3663107353,falla_engranaje,0.8000000000
9.7065000000,-0.0010923407,-0.3570257937,falla_engranaje,0.8000000000
9.7070000000,-0.0010884489,-0.3757837070,falla_engranaje,0.8000000000
9.7075000000,-0.0010815438,-0.3548131874,falla_engranaje,0.8000000000
9.7080000000,-0.0010517614,-0.3639383252,falla_engranaje,0.8000000000
9.7085000000,-0.0011272671,-0.3572300279,falla_engranaje,0.8000000000
9.7090000000,-0.0011726705,-0.3670661608,falla_engranaje,0.8000000000
9.7095000000,-0.0010870760,-0.3625449056,falla_engranaje,0.8000000000
9.7100000000,-0.0011213423,-0.3562513063,falla_engranaje,0.8000000000
9.7105000000,-0.0012012437,-0.3648174037,falla_engranaje,0.8000000000
9.7110000000,-0.0010210035,-0.3449962068,falla_engranaje,0.8000000000
9.7115000000,-0.0010344818,-0.3752718048,falla_engranaje,0.8000000000
9.7120000000,-0.0011021132,-0.3688576091,falla_engranaje,0.8000000000
9.7125000000,-0.0011486250,-0.3615334260,falla_engranaje,0.8000000000
9.7130000000,-0.0011856724,-0.3597270873,falla_engranaje,0.8000000000
9.7135000000,-0.0010826725,-0.3526434162,falla_engranaje,0.8000000000
9.7140000000,-0.0009623261,-0.3412362220,falla_engranaje,0.8000000000
9.7145000000,-0.0010933721,-0.3670413167,falla_engranaje,0.8000000000
9.7150000000,-0.0010764049,-0.3454806676,falla_engranaje,0.8000000000
9.7155000000,-0.0011205929,-0.3526044562,falla_engranaje,0.8000000000
9.7160000000,-0.0011896745,-0.3517282005,falla_engranaje,0.8000000000
9.7165000000,-0.0012721323,-0.3492735163,falla_engranaje,0.8000000000
9.7170000000,-0.0012088577,-0.3527842930,falla_engranaje,0.8000000000
9.7175000000,-0.0010765952,-0.3672234532,falla_engranaje,0.8000000000
9.7180000000,-0.0010557193,-0.3449326252,falla_engranaje,0.8000000000
9.7185000000,-0.0010422148,-0.3537634120,falla_engranaje,0.8000000000
9.7190000000,-0.0011113589,-0.3654082094,falla_engranaje,0.8000000000
9.7195000000,-0.0011176268,-0.3658926131,falla_engranaje,0.8000000000
9.7200000000,-0.0011931734,-0.3510002301,falla_engranaje,0.8000000000
9.7205000000,-0.0011150473,-0.3682277255,falla_engranaje,0.8000000000
9.7210000000,-0.0010635700,-0.3594242955,falla_engranaje,0.8000000000
9.7215000000,-0.0011515616,-0.3588402549,falla_engranaje,0.8000000000
9.7220000000,-0.0011760975,-0.3489938059,falla_engranaje,0.8000000000
9.7225000000,-0.0011665045,-0.3505908803,falla_engranaje,0.8000000000
9.7230000000,-0.0012397807,-0.3474164379,falla_engranaje,0.8000000000
9.7235000000,-0.0012296152,-0.3412381368,falla_engranaje,0.8000000000
9.7240000000,-0.0011581117,-0.3452522341,falla_engranaje,0.8000000000
9.7245000000,-0.0010941102,-0.3565259383,falla_engranaje,0.8000000000
9.7250000000,-0.0010554143,-0.3756082567,falla_engranaje,0.8000000000
9.7255000000,-0.0010664910,-0.3496913906,falla_engranaje,0.8000000000
9.7260000000,-0.0010688559,-0.3506729393,falla_engranaje,0.8000000000
9.7265000000,-0.0009474451,-0.3496538349,falla_engranaje,0.8000000000
9.7270000000,-0.0009327973,-0.3352974724,falla_engranaje,0.8000000000
9.7275000000,-0.0011095641,-0.3498199977,falla_engranaje,0.8000000000
9.7280000000,-0.0011034537,-0.3571604188,falla_engranaje,0.8000000000
9.7285000000,-0.0010509441,-0.3347562803,falla_engranaje,0.8000000000
9.7290000000,-0.0012729933,-0.3459598230,falla_engranaje,0.8000000000
9.7295000000,-0.0011677215,-0.3332547712,falla_engranaje,0.8000000000
9.7300000000,-0.0010510522,-0.3636567685,falla_engranaje,0.8000000000
9.7305000000,-0.0010388026,-0.3577492260,falla_engranaje,0.8000000000
9.7310000000,-0.0012495906,-0.3517683267,falla_engranaje,0.8000000000
9.7315000000,-0.0012341000,-0.3429794827,falla_engranaje,0.8000000000
9.7320000000,-0.0012285494,-0.3400961315,falla_engranaje,0.8000000000
9.7325000000,-0.0011547932,-0.3590982356,falla_engranaje,0.8000000000
9.7330000000,-0.0010951187,-0.3507120019,falla_engranaje,0.8000000000
9.7335000000,-0.0011635004,-0.3385720525,falla_engranaje,0.8000000000
9.7340000000,-0.0011345587,-0.3568996036,falla_engranaje,0.8000000000
9.7345000000,-0.0011053585,-0.3497596142,falla_engranaje,0.8000000000
9.7350000000,-0.0011574909,-0.3421085400,falla_engranaje,0.8000000000
9.7355000000,-0.0011206496,-0.3290349589,falla_engranaje,0.8000000000
9.7360000000,-0.0011428255,-0.3459298992,falla_engranaje,0.8000000000
9.7365000000,-0.0010603915,-0.3532007303,falla_engranaje,0.8000000000
9.7370000000,-0.0011162983,-0.3388810313,falla_engranaje,0.8000000000
9.7375000000,-0.0010302388,-0.3301425481,falla_engranaje,0.8000000000
9.7380000000,-0.0011928558,-0.3359223437,falla_engranaje,0.8000000000
9.7385000000,-0.0012170787,-0.3356961041,falla_engranaje,0.8000000000
9.7390000000,-0.0011073893,-0.3426273324,falla_engranaje,0.8000000000
9.7395000000,-0.0011145963,-0.3627562121,falla_engranaje,0.8000000000
9.7400000000,-0.0011390711,-0.3360595902,falla_engranaje,0.8000000000
9.7405000000,-0.0010674419,-0.3332756725,falla_engranaje,0.8000000000
9.7410000000,-0.0010721047,-0.3494863371,falla_engranaje,0.8000000000
9.7415000000,-0.0012574307,-0.3373277003,falla_engranaje,0.8000000000
9.7420000000,-0.0011004872,-0.3546080707,falla_engranaje,0.8000000000
9.7425000000,-0.0011866079,-0.3477165054,falla_engranaje,0.8000000000
9.7430000000,-0.0010633800,-0.3580974479,falla_engranaje,0.8000000000
9.7435000000,-0.0011341829,-0.3298842367,falla_engranaje,0.8000000000
9.7440000000,-0.0010894163,-0.3290439849,falla_engranaje,0.8000000000
9.7445000000,-0.0011101060,-0.3381539101,falla_engranaje,0.8000000000
9.7450000000,-0.0011926408,-0.3588386146,falla_engranaje,0.8000000000
9.7455000000,-0.0012250511,-0.3338142220,falla_engranaje,0.8000000000
9.7460000000,-0.0010875531,-0.3383813684,falla_engranaje,0.8000000000
9.7465000000,-0.0012984368,-0.3386836568,falla_engranaje,0.8000000000
9.7470000000,-0.0011537921,-0.3511572094,falla_engranaje,0.8000000000
9.7475000000,-0.0012723193,-0.3309664252,falla_engranaje,0.8000000000
9.7480000000,-0.0011971630,-0.3450507281,falla_engranaje,0.8000000000
9.7485000000,-0.0012251209,-0.3300350682,falla_engranaje,0.8000000000
9.7490000000,-0.0012615929,-0.3164537102,falla_engranaje,0.8000000000
9.7495000000,-0.0011248913,-0.3304051690,falla_engranaje,0.8000000000
9.7500000000,-0.0011880238,-0.3422639290,falla_engranaje,0.8000000000
9.7505000000,-0.0012057826,-0.3360337251,falla_engranaje,0.8000000000
9.7510000000,-0.0011197995,-0.3421821688,falla_engranaje,0.8000000000
9.7515000000,-0.0011743344,-0.3409950816,falla_engranaje,0.8000000000
9.7520000000,-0.0011849098,-0.3310457471,falla_engranaje,0.8000000000
9.7525000000,-0.0011901023,-0.3529917783,falla_engranaje,0.8000000000
9.7530000000,-0.0013263496,-0.3456940189,falla_engranaje,0.8000000000
9.7535000000,-0.0012705498,-0.3490860163,falla_engranaje,0.8000000000
9.7540000000,-0.0012996170,-0.3409753840,falla_engranaje,0.8000000000
9.7545000000,-0.0011628664,-0.3472935184,falla_engranaje,0.8000000000
9.7550000000,-0.0010431446,-0.3469759367,falla_engranaje,0.8000000000
9.7555000000,-0.0010757021,-0.3423159233,falla_engranaje,0.8000000000
9.7560000000,-0.0012160204,-0.3262440099,falla_engranaje,0.8000000000
9.7565000000,-0.0011633599,-0.3411337190,falla_engranaje,0.8000000000
9.7570000000,-0.0011290414,-0.3363399958,falla_engranaje,0.8000000000
9.7575000000,-0.0012310181,-0.3332564908,falla_engranaje,0.8000000000
9.7580000000,-0.0011481875,-0.3400392687,falla_engranaje,0.8000000000
9.7585000000,-0.0012374811,-0.3323100988,falla_engranaje,0.8000000000
9.7590000000,-0.0011068577,-0.3164453187,falla_engranaje,0.8000000000
9.7595000000,-0.0012672463,-0.3239778206,falla_engranaje,0.8000000000
9.7600000000,-0.0010518098,-0.3145418228,falla_engranaje,0.8000000000
9.7605000000,-0.0012543034,-0.3518699001,falla_engranaje,0.8000000000
9.7610000000,-0.0013516429,-0.3322012625,falla_engranaje,0.8000000000
9.7615000000,-0.0013104316,-0.3375025737,falla_engranaje,0.8000000000
9.7620000000,-0.0013329857,-0.3336612742,falla_engranaje,0.8000000000
9.7625000000,-0.0013339007,-0.3497251068,falla_engranaje,0.8000000000
9.7630000000,-0.0013476930,-0.3435515285,falla_engranaje,0.8000000000
9.7635000000,-0.0011884778,-0.3392909491,falla_engranaje,0.8000000000
9.7640000000,-0.0013484783,-0.3319319833,falla_engranaje,0.8000000000
9.7645000000,-0.0012463376,-0.3414983735,falla_engranaje,0.8000000000
9.7650000000,-0.0012382406,-0.3465448175,falla_engranaje,0.8000000000
9.7655000000,-0.0012531038,-0.3326263932,falla_engranaje,0.8000000000
9.7660000000,-0.0011862668,-0.3324167241,falla_engranaje,0.8000000000
9.7665000000,-0.0011498136,-0.3353769282,falla_engranaje,0.8000000000
9.7670000000,-0.0012674373,-0.3196866523,falla_engranaje,0.8000000000
9.7675000000,-0.0012791378,-0.3227544810,falla_engranaje,0.8000000000
9.7680000000,-0.0013644897,-0.3289299970,falla_engranaje,0.8000000000
9.7685000000,-0.0012263805,-0.3530031481,falla_engranaje,0.8000000000
9.7690000000,-0.0012115749,-0.3163905628,falla_engranaje,0.8000000000
9.7695000000,-0.0011894561,-0.3350510586,falla_engranaje,0.8000000000
9.7700000000,-0.0013001483,-0.3220419355,falla_engranaje,0.8000000000
9.7705000000,-0.0013190418,-0.3312068866,falla_engranaje,0.8000000000
9.7710000000,-0.0012384039,-0.3390247139,falla_engranaje,0.8000000000
9.7715000000,-0.0013403833,-0.3282500394,falla_engranaje,0.8000000000
9.7720000000,-0.0012654663,-0.3289148663,falla_engranaje,0.8000000000
9.7725000000,-0.0012617248,-0.3363928868,falla_engranaje,0.8000000000
9.7730000000,-0.0012857221,-0.3249192803,falla_engranaje,0.8000000000
9.7735000000,-0.0013048548,-0.3172306113,falla_engranaje,0.8000000000
9.7740000000,-0.0013290391,-0.3280850574,falla_engranaje,0.8000000000
9.7745000000,-0.0013223339,-0.3331059454,falla_engranaje,0.8000000000
9.7750000000,-0.0012372885,-0.3453750929,falla_engranaje,0.8000000000
9.7755000000,-0.0013520038,-0.3315132121,falla_engranaje,0.8000000000
9.7760000000,-0.0013875855,-0.3250528857,falla_engranaje,0.8000000000
9.7765000000,-0.0013397693,-0.3354745484,falla_engranaje,0.8000000000
9.7770000000,-0.0012991646,-0.3270159634,falla_engranaje,0.8000000000
9.7775000000,-0.0012221606,-0.3269498132,falla_engranaje,0.8000000000
9.7780000000,-0.0012131932,-0.3205359546,falla_engranaje,0.8000000000
9.7785000000,-0.0012961302,-0.3225553837,falla_engranaje,0.8000000000
9.7790000000,-0.0012529574,-0.3159197836,falla_engranaje,0.8000000000
9.7795000000,-0.0013875515,-0.3406864020,falla_engranaje,0.8000000000
9.7800000000,-0.0012152800,-0.3098218321,falla_engranaje,0.8000000000
9.7805000000,-0.0012314288,-0.3297735688,falla_engranaje,0.8000000000
9.7810000000,-0.0012954727,-0.3232404903,falla_engranaje,0.8000000000
9.7815000000,-0.0014467354,-0.3015787253,falla_engranaje,0.8000000000
9.7820000000,-0.0012194999,-0.3200830744,falla_engranaje,0.8000000000
9.7825000000,-0.0013741772,-0.3339939449,falla_engranaje,0.8000000000
9.7830000000,-0.0013536828,-0.3183848561,falla_engranaje,0.8000000000
9.7835000000,-0.0012357620,-0.3300050489,falla_engranaje,0.8000000000
9.7840000000,-0.0013146428,-0.3286475347,falla_engranaje,0.8000000000
9.7845000000,-0.0013420022,-0.3231850055,falla_engranaje,0.8000000000
9.7850000000,-0.0013127105,-0.3309872533,falla_engranaje,0.8000000000
9.7855000000,-0.0013604419,-0.3168808090,falla_engranaje,0.8000000000
9.7860000000,-0.0013683072,-0.3176482289,falla_engranaje,0.8000000000
9.7865000000,-0.0014187532,-0.3121918214,falla_engranaje,0.8000000000
9.7870000000,-0.0013832663,-0.3121146227,falla_engranaje,0.8000000000
9.7875000000,-0.0013076575,-0.3301993682,falla_engranaje,0.8000000000
9.7880000000,-0.0013627972,-0.3248448547,falla_engranaje,0.8000000000
9.7885000000,-0.0013740155,-0.3257431610,falla_engranaje,0.8000000000
9.7890000000,-0.0012436238,-0.3143027069,falla_engranaje,0.8000000000
9.7895000000,-0.0012192271,-0.3258697093,falla_engranaje,0.8000000000
9.7900000000,-0.0013387869,-0.3305560327,falla_engranaje,0.8000000000
9.7905000000,-0.0013544498,-0.3508815986,falla_engranaje,0.8000000000
9.7910000000,-0.0011791672,-0.3199407583,falla_engranaje,0.8000000000
9.7915000000,-0.0013303837,-0.3246072368,falla_engranaje,0.8000000000
9.7920000000,-0.0015178270,-0.3205512206,falla_engranaje,0.8000000000
9.7925000000,-0.0012327611,-0.3203667796,falla_engranaje,0.8000000000
9.7930000000,-0.0013971909,-0.3044614787,falla_engranaje,0.8000000000
9.7935000000,-0.0014241319,-0.3201321054,falla_engranaje,0.8000000000
9.7940000000,-0.0013818056,-0.3067252883,falla_engranaje,0.8000000000
9.7945000000,-0.0014748575,-0.3033647565,falla_engranaje,0.8000000000
9.7950000000,-0.0014523032,-0.2989685678,falla_engranaje,0.8000000000
9.7955000000,-0.0013116616,-0.3123047556,falla_engranaje,0.8000000000
9.7960000000,-0.0013525764,-0.3271886447,falla_engranaje,0.8000000000
9.7965000000,-0.0014491619,-0.3177435263,falla_engranaje,0.8000000000
9.7970000000,-0.0013619379,-0.3085850925,falla_engranaje,0.8000000000
9.7975000000,-0.0013342969,-0.3086676738,falla_engranaje,0.8000000000
9.7980000000,-0.0014563156,-0.3276621845,falla_engranaje,0.8000000000
9.7985000000,-0.0013412762,-0.3090565413,falla_engranaje,0.8000000000
9.7990000000,-0.0014849055,-0.3040114669,falla_engranaje,0.8000000000
9.7995000000,-0.0013874354,-0.3205264401,falla_engranaje,0.8000000000
9.8000000000,-0.0014286804,-0.3323745105,falla_engranaje,0.8000000000
9.8005000000,-0.0015080292,-0.3137376251,falla_engranaje,0.8000000000
9.8010000000,-0.0014347983,-0.3060958611,falla_engranaje,0.8000000000
9.8015000000,-0.0013640602,-0.3033441050,falla_engranaje,0.8000000000
9.8020000000,-0.0013625748,-0.3148973103,falla_engranaje,0.8000000000
9.8025000000,-0.0013264150,-0.3211268836,falla_engranaje,0.8000000000
9.8030000000,-0.0013923157,-0.3178921879,falla_engranaje,0.8000000000
9.8035000000,-0.0015041491,-0.3084333049,falla_engranaje,0.8000000000
9.8040000000,-0.0013774480,-0.3055776982,falla_engranaje,0.8000000000
9.8045000000,-0.0013762102,-0.3116796681,falla_engranaje,0.8000000000
9.8050000000,-0.0014450613,-0.3070640250,falla_engranaje,0.8000000000
9.8055000000,-0.0014133433,-0.3114833378,falla_engranaje,0.8000000000
9.8060000000,-0.0014088450,-0.3154273597,falla_engranaje,0.8000000000
9.8065000000,-0.0013567996,-0.3141335489,falla_engranaje,0.8000000000
9.8070000000,-0.0014980290,-0.3128146720,falla_engranaje,0.8000000000
9.8075000000,-0.0014348160,-0.3059300361,falla_engranaje,0.8000000000
9.8080000000,-0.0014376393,-0.3162258108,falla_engranaje,0.8000000000
9.8085000000,-0.0014664691,-0.3090984547,falla_engranaje,0.8000000000
9.8090000000,-0.0013490675,-0.3010305434,falla_engranaje,0.8000000000
9.8095000000,-0.0014272422,-0.3197170906,falla_engranaje,0.8000000000
9.8100000000,-0.0014218609,-0.3141365545,falla_engranaje,0.8000000000
9.8105000000,-0.0012587845,-0.3100502157,falla_engranaje,0.8000000000
9.8110000000,-0.0014754028,-0.3034483189,falla_engranaje,0.8000000000
9.8115000000,-0.0013932057,-0.3078506545,falla_engranaje,0.8000000000
9.8120000000,-0.0015640494,-0.3029151845,falla_engranaje,0.8000000000
9.8125000000,-0.0014629140,-0.3064557681,falla_engranaje,0.8000000000
9.8130000000,-0.0014041865,-0.3095992392,falla_engranaje,0.8000000000
9.8135000000,-0.0014018753,-0.3094602630,falla_engranaje,0.8000000000
9.8140000000,-0.0013988737,-0.3045995119,falla_engranaje,0.8000000000
9.8145000000,-0.0014436581,-0.2894901081,falla_engranaje,0.8000000000
9.8150000000,-0.0013496611,-0.3043463676,falla_engranaje,0.8000000000
9.8155000000,-0.0015173478,-0.2996334784,falla_engranaje,0.8000000000
9.8160000000,-0.0014177181,-0.3128257435,falla_engranaje,0.8000000000
9.8165000000,-0.0015765807,-0.2943012354,falla_engranaje,0.8000000000
9.8170000000,-0.0015094312,-0.3122391563,falla_engranaje,0.8000000000
9.8175000000,-0.0013851886,-0.2984799156,falla_engranaje,0.8000000000
9.8180000000,-0.0015321775,-0.2997897359,falla_engranaje,0.8000000000
9.8185000000,-0.0015485150,-0.2899255048,falla_engranaje,0.8000000000
9.8190000000,-0.0015108737,-0.3025237299,falla_engranaje,0.8000000000
9.8195000000,-0.0014118084,-0.2987756519,falla_engranaje,0.8000000000
9.8200000000,-0.0014585126,-0.2960063343,falla_engranaje,0.8000000000
9.8205000000,-0.0014610479,-0.3056527412,falla_engranaje,0.8000000000
9.8210000000,-0.0014321650,-0.2806819259,falla_engranaje,0.8000000000
9.8215000000,-0.0014312134,-0.2842019184,falla_engranaje,0.8000000000
9.8220000000,-0.0014696760,-0.3027638958,falla_engranaje,0.8000000000
9.8225000000,-0.0014480559,-0.2777080876,falla_engranaje,0.8000000000
9.8230000000,-0.0015508957,-0.2937763597,falla_engranaje,0.8000000000
9.8235000000,-0.0016191966,-0.3061417192,falla_engranaje,0.8000000000
9.8240000000,-0.0014631072,-0.2916483577,falla_engranaje,0.8000000000
9.8245000000,-0.0014195974,-0.2922246189,falla_engranaje,0.8000000000
9.8250000000,-0.0014187815,-0.2712436436,falla_engranaje,0.8000000000
9.8255000000,-0.0014745409,-0.3128214608,falla_engranaje,0.8000000000
9.8260000000,-0.0015709136,-0.2930732647,falla_engranaje,0.8000000000
9.8265000000,-0.0015646118,-0.2947121495,falla_engranaje,0.8000000000
9.8270000000,-0.0015882589,-0.2818100606,falla_engranaje,0.8000000000
9.8275000000,-0.0015862928,-0.2806951710,falla_engranaje,0.8000000000
9.8280000000,-0.0015678875,-0.2735352049,falla_engranaje,0.8000000000
9.8285000000,-0.0015246882,-0.3050661275,falla_engranaje,0.8000000000
9.8290000000,-0.0013882319,-0.2854157438,falla_engranaje,0.8000000000
9.8295000000,-0.0014083706,-0.2969578395,falla_engranaje,0.8000000000
9.8300000000,-0.0014161238,-0.2843448190,falla_engranaje,0.8000000000
9.8305000000,-0.0015328125,-0.2908513365,falla_engranaje,0.8000000000
9.8310000000,-0.0014738090,-0.2609244257,falla_engranaje,0.8000000000
9.8315000000,-0.0014360705,-0.2933215973,falla_engranaje,0.8000000000
9.8320000000,-0.0014274632,-0.2893993891,falla_engranaje,0.8000000000
9.8325000000,-0.0014755465,-0.2986861864,falla_engranaje,0.8000000000
9.8330000000,-0.0015327009,-0.2960464963,falla_engranaje,0.8000000000
9.8335000000,-0.0014542103,-0.2768155223,falla_engranaje,0.8000000000
9.8340000000,-0.0014888156,-0.3045817108,falla_engranaje,0.8000000000
9.8345000000,-0.0015359877,-0.2808041150,falla_engranaje,0.8000000000
9.8350000000,-0.0016481998,-0.2709126950,falla_engranaje,0.8000000000
9.8355000000,-0.0015837219,-0.2767974980,falla_engranaje,0.8000000000
9.8360000000,-0.0015215631,-0.2725818696,falla_engranaje,0.8000000000
9.8365000000,-0.0016223260,-0.2755351221,falla_engranaje,0.8000000000
9.8370000000,-0.0015836980,-0.2798597404,falla_engranaje,0.8000000000
9.8375000000,-0.0015210178,-0.2947018910,falla_engranaje,0.8000000000
9.8380000000,-0.0014852301,-0.2774646040,falla_engranaje,0.8000000000
9.8385000000,-0.0015592950,-0.2820117984,falla_engranaje,0.8000000000
9.8390000000,-0.0015449905,-0.2862011711,falla_engranaje,0.8000000000
9.8395000000,-0.0014520209,-0.2829090051,falla_engranaje,0.8000000000
9.8400000000,-0.0014084053,-0.2756762289,falla_engranaje,0.8000000000
9.8405000000,-0.0013739568,-0.2854998472,falla_engranaje,0.8000000000
9.8410000000,-0.0015537675,-0.2756290715,falla_engranaje,0.8000000000
9.8415000000,-0.0015701780,-0.2872898356,falla_engranaje,0.8000000000
9.8420000000,-0.0014704938,-0.2833090965,falla_engranaje,0.8000000000
9.8425000000,-0.0015438012,-0.2721757928,falla_engranaje,0.8000000000
9.8430000000,-0.0015539438,-0.2748331770,falla_engranaje,0.8000000000
9.8435000000,-0.0014735764,-0.2701437082,falla_engranaje,0.8000000000
9.8440000000,-0.0014375534,-0.2767876325,falla_engranaje,0.8000000000
9.8445000000,-0.0015562298,-0.2664301257,falla_engranaje,0.8000000000
9.8450000000,-0.0015301084,-0.2866295988,falla_engranaje,0.8000000000
9.8455000000,-0.0015971639,-0.2558690845,falla_engranaje,0.8000000000
9.8460000000,-0.0016067575,-0.2729200280,falla_engranaje,0.8000000000
9.8465000000,-0.0014845449,-0.2731745481,falla_engranaje,0.8000000000
9.8470000000,-0.0015945683,-0.2667526985,falla_engranaje,0.8000000000
9.8475000000,-0.0016245699,-0.2826527764,falla_engranaje,0.8000000000
9.8480000000,-0.0016301216,-0.2663432212,falla_engranaje,0.8000000000
9.8485000000,-0.0014919935,-0.2534692378,falla_engranaje,0.8000000000
9.8490000000,-0.0015910586,-0.2663703607,falla_engranaje,0.8000000000
9.8495000000,-0.0016651021,-0.2614984115,falla_engranaje,0.8000000000
9.8500000000,-0.0016254170,-0.2917421954,falla_engranaje,0.8000000000
9.8505000000,-0.0015628424,-0.2699420532,falla_engranaje,0.8000000000
9.8510000000,-0.0014809118,-0.2630223151,falla_engranaje,0.8000000000
9.8515000000,-0.0015828549,-0.2494026496,falla_engranaje,0.8000000000
9.8520000000,-0.0014659271,-0.2739867368,falla_engranaje,0.8000000000
9.8525000000,-0.0015875557,-0.2614911829,falla_engranaje,0.8000000000
9.8530000000,-0.0015287000,-0.2557263002,falla_engranaje,0.8000000000
9.8535000000,-0.0015923024,-0.2592978245,falla_engranaje,0.8000000000
9.8540000000,-0.0014426684,-0.2645810055,falla_engranaje,0.8000000000
9.8545000000,-0.0015536643,-0.2690678284,falla_engranaje,0.8000000000
9.8550000000,-0.0015378516,-0.2704458865,falla_engranaje,0.8000000000
9.8555000000,-0.0014150310,-0.2570520922,falla_engranaje,0.8000000000
9.8560000000,-0.0014368440,-0.2635815115,falla_engranaje,0.8000000000
9.8565000000,-0.0014969934,-0.2567774092,falla_engranaje,0.8000000000
9.8570000000,-0.0015153913,-0.2647050634,falla_engranaje,0.8000000000
9.8575000000,-0.0014764588,-0.2541073762,falla_engranaje,0.8000000000
9.8580000000,-0.0013946395,-0.2509628847,falla_engranaje,0.8000000000
9.8585000000,-0.0014426986,-0.2805909982,falla_engranaje,0.8000000000
9.8590000000,-0.0014580699,-0.2592841130,falla_engranaje,0.8000000000
9.8595000000,-0.0014400496,-0.2595108573,falla_engranaje,0.8000000000
9.8600000000,-0.0015758229,-0.2630193228,falla_engranaje,0.8000000000
9.8605000000,-0.0015147601,-0.2487122776,falla_engranaje,0.8000000000
9.8610000000,-0.0014625205,-0.2437717673,falla_engranaje,0.8000000000
9.8615000000,-0.0014274301,-0.2588816351,falla_engranaje,0.8000000000
9.8620000000,-0.0015856651,-0.2548334005,falla_engranaje,0.8000000000
9.8625000000,-0.0015503466,-0.2636604807,falla_engranaje,0.8000000000
9.8630000000,-0.0015163154,-0.2461548430,falla_engranaje,0.8000000000
9.8635000000,-0.0014390401,-0.2594768984,falla_engranaje,0.8000000000
9.8640000000,-0.0014499216,-0.2475146589,falla_engranaje,0.8000000000
9.8645000000,-0.0015309912,-0.2508725502,falla_engranaje,0.8000000000
9.8650000000,-0.0016039743,-0.2483614766,falla_engranaje,0.8000000000
9.8655000000,-0.0015173598,-0.2585931649,falla_engranaje,0.8000000000
9.8660000000,-0.0014967983,-0.2506374869,falla_engranaje,0.8000000000
9.8665000000,-0.0014344712,-0.2532372411,falla_engranaje,0.8000000000
9.8670000000,-0.0014126044,-0.2623316153,falla_engranaje,0.8000000000
9.8675000000,-0.0015618471,-0.2464614101,falla_engranaje,0.8000000000
9.8680000000,-0.0015985953,-0.2205200914,falla_engranaje,0.8000000000
9.8685000000,-0.0014462061,-0.2418993859,falla_engranaje,0.8000000000
9.8690000000,-0.0015279966,-0.2275101371,falla_engranaje,0.8000000000
9.8695000000,-0.0014053363,-0.2281287019,falla_engranaje,0.8000000000
9.8700000000,-0.0014687812,-0.2283247519,falla_engranaje,0.8000000000
9.8705000000,-0.0014802663,-0.2465398140,falla_engranaje,0.8000000000
9.8710000000,-0.0014491157,-0.2253507816,falla_engranaje,0.8000000000
9.8715000000,-0.0015369569,-0.2530824111,falla_engranaje,0.8000000000
9.8720000000,-0.0015124140,-0.2382919132,falla_engranaje,0.8000000000
9.8725000000,-0.0014647869,-0.2524307148,falla_engranaje,0.8000000000
9.8730000000,-0.0014562478,-0.2407523698,falla_engranaje,0.8000000000
9.8735000000,-0.0014012939,-0.2390701277,falla_engranaje,0.8000000000
9.8740000000,-0.0015726811,-0.2310708540,falla_engranaje,0.8000000000
9.8745000000,-0.0014548470,-0.2488918128,falla_engranaje,0.8000000000
9.8750000000,-0.0013720892,-0.2356493522,falla_engranaje,0.8000000000
9.8755000000,-0.0014888097,-0.2404687508,falla_engranaje,0.8000000000
9.8760000000,-0.0015577729,-0.2474481957,falla_engranaje,0.8000000000
9.8765000000,-0.0014654787,-0.2171656857,falla_engranaje,0.8000000000
9.8770000000,-0.0015183774,-0.2289561651,falla_engranaje,0.8000000000
9.8775000000,-0.0013806918,-0.2346063106,falla_engranaje,0.8000000000
9.8780000000,-0.0015259971,-0.2357345475,falla_engranaje,0.8000000000
9.8785000000,-0.0014975922,-0.2426673346,falla_engranaje,0.8000000000
9.8790000000,-0.0014885777,-0.2224179808,falla_engranaje,0.8000000000
9.8795000000,-0.0013038977,-0.2240581441,falla_engranaje,0.8000000000
9.8800000000,-0.0015429046,-0.2007023408,falla_engranaje,0.8000000000
9.8805000000,-0.0015536939,-0.2253564600,falla_engranaje,0.8000000000
9.8810000000,-0.0014834100,-0.2364627979,falla_engranaje,0.8000000000
9.8815000000,-0.0015569886,-0.2195933463,falla_engranaje,0.8000000000
9.8820000000,-0.0014360492,-0.2178179203,falla_engranaje,0.8000000000
9.8825000000,-0.0014204508,-0.2257866092,falla_engranaje,0.8000000000
9.8830000000,-0.0013053185,-0.2246032100,falla_engranaje,0.8000000000
9.8835000000,-0.0015116914,-0.2225055879,falla_engranaje,0.8000000000
9.8840000000,-0.0014924709,-0.2329502262,falla_engranaje,0.8000000000
9.8845000000,-0.0013129308,-0.2109123234,falla_engranaje,0.8000000000
9.8850000000,-0.0013675256,-0.2098344277,falla_engranaje,0.8000000000
9.8855000000,-0.0013901060,-0.2161291797,falla_engranaje,0.8000000000
9.8860000000,-0.0015279322,-0.2348149600,falla_engranaje,0.8000000000
9.8865000000,-0.0014191385,-0.2247108248,falla_engranaje,0.8000000000
9.8870000000,-0.0014469531,-0.2382629673,falla_engranaje,0.8000000000
9.8875000000,-0.0015246232,-0.2425034761,falla_engranaje,0.8000000000
9.8880000000,-0.0014140746,-0.2309456541,falla_engranaje,0.8000000000
9.8885000000,-0.0013567213,-0.2110337694,falla_engranaje,0.8000000000
9.8890000000,-0.0014832458,-0.2056548568,falla_engranaje,0.8000000000
9.8895000000,-0.0014919191,-0.1996994113,falla_engranaje,0.8000000000
9.8900000000,-0.0014461206,-0.2050243861,falla_engranaje,0.8000000000
9.8905000000,-0.0014792394,-0.2257693450,falla_engranaje,0.8000000000
9.8910000000,-0.0015256692,-0.2188087724,falla_engranaje,0.8000000000
9.8915000000,-0.0014797416,-0.2217580640,falla_engranaje,0.8000000000
9.8920000000,-0.0015679530,-0.2040208585,falla_engranaje,0.8000000000
9.8925000000,-0.0014453343,-0.2042686051,falla_engranaje,0.8000000000
9.8930000000,-0.0014455018,-0.2333637866,falla_engranaje,0.8000000000
9.8935000000,-0.0013902225,-0.1969384983,falla_engranaje,0.8000000000
9.8940000000,-0.0014716813,-0.2118129514,falla_engranaje,0.8000000000
9.8945000000,-0.0014776965,-0.2107864363,falla_engranaje,0.8000000000
9.8950000000,-0.0014419082,-0.2309608270,falla_engranaje,0.8000000000
9.8955000000,-0.0013772241,-0.2088732115,falla_engranaje,0.8000000000
9.8960000000,-0.0013316457,-0.2189769718,falla_engranaje,0.8000000000
9.8965000000,-0.0014244068,-0.2090153453,falla_engranaje,0.8000000000
9.8970000000,-0.0012986324,-0.2017287122,falla_engranaje,0.8000000000
9.8975000000,-0.0012631023,-0.2084899136,falla_engranaje,0.8000000000
9.8980000000,-0.0014405094,-0.2003253722,falla_engranaje,0.8000000000
9.8985000000,-0.0014034981,-0.1869270199,falla_engranaje,0.8000000000
9.8990000000,-0.0014181375,-0.2063631488,falla_engranaje,0.8000000000
9.8995000000,-0.0014834813,-0.2097252245,falla_engranaje,0.8000000000
9.9000000000,-0.0013457083,-0.2030604720,falla_engranaje,0.8000000000
9.9005000000,-0.0014214658,-0.1875610042,falla_engranaje,0.8000000000
9.9010000000,-0.0013597432,-0.2137010700,falla_engranaje,0.8000000000
9.9015000000,-0.0015014204,-0.1946110467,falla_engranaje,0.8000000000
9.9020000000,-0.0013772151,-0.2058278608,falla_engranaje,0.8000000000
9.9025000000,-0.0012134321,-0.1720115860,falla_engranaje,0.8000000000
9.9030000000,-0.0013582630,-0.1979501329,falla_engranaje,0.8000000000
9.9035000000,-0.0012666232,-0.2042014366,falla_engranaje,0.8000000000
9.9040000000,-0.0013702639,-0.1797402723,falla_engranaje,0.8000000000
9.9045000000,-0.0014035132,-0.1755827608,falla_engranaje,0.8000000000
9.9050000000,-0.0012351506,-0.1850080258,falla_engranaje,0.8000000000
9.9055000000,-0.0014195697,-0.1993118653,falla_engranaje,0.8000000000
9.9060000000,-0.0014311187,-0.1880505003,falla_engranaje,0.8000000000
9.9065000000,-0.0013045299,-0.1948158486,falla_engranaje,0.8000000000
9.9070000000,-0.0013250638,-0.2042646325,falla_engranaje,0.8000000000
9.9075000000,-0.0014125730,-0.1969025622,falla_engranaje,0.8000000000
9.9080000000,-0.0013527878,-0.1872548761,falla_engranaje,0.8000000000
9.9085000000,-0.0012719301,-0.1829220043,falla_engranaje,0.8000000000
9.9090000000,-0.0013197441,-0.1940711026,falla_engranaje,0.8000000000
9.9095000000,-0.0013905054,-0.2045300557,falla_engranaje,0.8000000000
9.9100000000,-0.0013222358,-0.1719310127,falla_engranaje,0.8000000000
9.9105000000,-0.0013345053,-0.1886489861,falla_engranaje,0.8000000000
9.9110000000,-0.0012555273,-0.1855283918,falla_engranaje,0.8000000000
9.9115000000,-0.0013619893,-0.1881022389,falla_engranaje,0.8000000000
9.9120000000,-0.0011996210,-0.1814477136,falla_engranaje,0.8000000000
9.9125000000,-0.0012198539,-0.1791047221,falla_engranaje,0.8000000000
9.9130000000,-0.0014651078,-0.1742600497,falla_engranaje,0.8000000000
9.9135000000,-0.0013177605,-0.1692955963,falla_engranaje,0.8000000000
9.9140000000,-0.0012495782,-0.1670651866,falla_engranaje,0.8000000000
9.9145000000,-0.0013030829,-0.1581811691,falla_engranaje,0.8000000000
9.9150000000,-0.0013410408,-0.1891410858,falla_engranaje,0.8000000000
9.9155000000,-0.0012004632,-0.1633299389,falla_engranaje,0.8000000000
9.9160000000,-0.0012442950,-0.1716860360,falla_engranaje,0.8000000000
9.9165000000,-0.0012331363,-0.1686350152,falla_engranaje,0.8000000000
9.9170000000,-0.0012090875,-0.1737896455,falla_engranaje,0.8000000000
9.9175000000,-0.0013069223,-0.1767053505,falla_engranaje,0.8000000000
9.9180000000,-0.0011905568,-0.1797343510,falla_engranaje,0.8000000000
9.9185000000,-0.0012826172,-0.1672893492,falla_engranaje,0.8000000000
9.9190000000,-0.0012478093,-0.1770998913,falla_engranaje,0.8000000000
9.9195000000,-0.0011853953,-0.1666266891,falla_engranaje,0.8000000000
9.9200000000,-0.0012974736,-0.1563283477,falla_engranaje,0.8000000000
9.9205000000,-0.0012596918,-0.1624557318,falla_engranaje,0.8000000000
9.9210000000,-0.0012889569,-0.1578042755,falla_engranaje,0.8000000000
9.9215000000,-0.0012952479,-0.1675413375,falla_engranaje,0.8000000000
9.9220000000,-0.0012868851,-0.1736112340,falla_engranaje,0.8000000000
9.9225000000,-0.0012678538,-0.1664301569,falla_engranaje,0.8000000000
9.9230000000,-0.0012017083,-0.1515767452,falla_engranaje,0.8000000000
9.9235000000,-0.0011428250,-0.1543066325,falla_engranaje,0.8000000000
9.9240000000,-0.0012015960,-0.1690069370,falla_engranaje,0.8000000000
9.9245000000,-0.0011583039,-0.1612801411,falla_engranaje,0.8000000000
9.9250000000,-0.0012022502,-0.1649019737,falla_engranaje,0.8000000000
9.9255000000,-0.0011062750,-0.1389858631,falla_engranaje,0.8000000000
9.9260000000,-0.0011215360,-0.1593434152,falla_engranaje,0.8000000000
9.9265000000,-0.0011858118,-0.1576414722,falla_engranaje,0.8000000000
9.9270000000,-0.0012662585,-0.1613855166,falla_engranaje,0.8000000000
9.9275000000,-0.0011925153,-0.1486244951,falla_engranaje,0.8000000000
9.9280000000,-0.0011924882,-0.1399888840,falla_engranaje,0.8000000000
9.9285000000,-0.0011350889,-0.1435354076,falla_engranaje,0.8000000000
9.9290000000,-0.0011162716,-0.1342401983,falla_engranaje,0.8000000000
9.9295000000,-0.0011800725,-0.1563901079,falla_engranaje,0.8000000000
9.9300000000,-0.0012095711,-0.1457999296,falla_engranaje,0.8000000000
9.9305000000,-0.0011194222,-0.1501807707,falla_engranaje,0.8000000000
9.9310000000,-0.0010528718,-0.1503413137,falla_engranaje,0.8000000000
9.9315000000,-0.0011054061,-0.1367422866,falla_engranaje,0.8000000000
9.9320000000,-0.0010594240,-0.1379185737,falla_engranaje,0.8000000000
9.9325000000,-0.0010584697,-0.1408392375,falla_engranaje,0.8000000000
9.9330000000,-0.0010544654,-0.1354602025,falla_engranaje,0.8000000000
9.9335000000,-0.0010510629,-0.1440382600,falla_engranaje,0.8000000000
9.9340000000,-0.0011239621,-0.1520393222,falla_engranaje,0.8000000000
9.9345000000,-0.0010206599,-0.1387297924,falla_engranaje,0.8000000000
9.9350000000,-0.0011044774,-0.1515542277,falla_engranaje,0.8000000000
9.9355000000,-0.0010664367,-0.1303798386,falla_engranaje,0.8000000000
9.9360000000,-0.0011099606,-0.1387603842,falla_engranaje,0.8000000000
9.9365000000,-0.0009637750,-0.1420701432,falla_engranaje,0.8000000000
9.9370000000,-0.0010236048,-0.1368649981,falla_engranaje,0.8000000000
9.9375000000,-0.0010723870,-0.1353423432,falla_engranaje,0.8000000000
9.9380000000,-0.0010477749,-0.1105993230,falla_engranaje,0.8000000000
9.9385000000,-0.0010594868,-0.1210557568,falla_engranaje,0.8000000000
9.9390000000,-0.0009573282,-0.1314365433,falla_engranaje,0.8000000000
9.9395000000,-0.0009994565,-0.1329312180,falla_engranaje,0.8000000000
9.9400000000,-0.0009938354,-0.1372988248,falla_engranaje,0.8000000000
9.9405000000,-0.0010917253,-0.1160769887,falla_engranaje,0.8000000000
9.9410000000,-0.0010539516,-0.1091922439,falla_engranaje,0.8000000000
9.9415000000,-0.0011196144,-0.1153036394,falla_engranaje,0.8000000000
9.9420000000,-0.0009476481,-0.1301782530,falla_engranaje,0.8000000000
9.9425000000,-0.0009789861,-0.1173361467,falla_engranaje,0.8000000000
9.9430000000,-0.0009182308,-0.1393007233,falla_engranaje,0.8000000000
9.9435000000,-0.0010184889,-0.1040438935,falla_engranaje,0.8000000000
9.9440000000,-0.0010513892,-0.1209258440,falla_engranaje,0.8000000000
9.9445000000,-0.0009170751,-0.1342484860,falla_engranaje,0.8000000000
9.9450000000,-0.0009013234,-0.1178515346,falla_engranaje,0.8000000000
9.9455000000,-0.0008868989,-0.1062058553,falla_engranaje,0.8000000000
9.9460000000,-0.0009981968,-0.1207144261,falla_engranaje,0.8000000000
9.9465000000,-0.0009802559,-0.1024988914,falla_engranaje,0.8000000000
9.9470000000,-0.0009491172,-0.1146862936,falla_engranaje,0.8000000000
9.9475000000,-0.0009126799,-0.1046044136,falla_engranaje,0.8000000000
9.9480000000,-0.0009820166,-0.0988606262,falla_engranaje,0.8000000000
9.9485000000,-0.0009588648,-0.0974137502,falla_engranaje,0.8000000000
9.9490000000,-0.0009218138,-0.1221140209,falla_engranaje,0.8000000000
9.9495000000,-0.0010013691,-0.1250914189,falla_engranaje,0.8000000000
9.9500000000,-0.0009221087,-0.0829225662,falla_engranaje,0.8000000000
9.9505000000,-0.0010187865,-0.0992662313,falla_engranaje,0.8000000000
9.9510000000,-0.0009595644,-0.1157733225,falla_engranaje,0.8000000000
9.9515000000,-0.0009059032,-0.0932188949,falla_engranaje,0.8000000000
9.9520000000,-0.0007991566,-0.1118055423,falla_engranaje,0.8000000000
9.9525000000,-0.0008544575,-0.0920901081,falla_engranaje,0.8000000000
9.9530000000,-0.0008958099,-0.0996278473,falla_engranaje,0.8000000000
9.9535000000,-0.0008489965,-0.1002981677,falla_engranaje,0.8000000000
9.9540000000,-0.0008538490,-0.0993175372,falla_engranaje,0.8000000000
9.9545000000,-0.0008782389,-0.1006279473,falla_engranaje,0.8000000000
9.9550000000,-0.0008439814,-0.0991615940,falla_engranaje,0.8000000000
9.9555000000,-0.0009070437,-0.0986009976,falla_engranaje,0.8000000000
9.9560000000,-0.0008279126,-0.1170990542,falla_engranaje,0.8000000000
9.9565000000,-0.0007355281,-0.0827948633,falla_engranaje,0.8000000000
9.9570000000,-0.0008014519,-0.1026671526,falla_engranaje,0.8000000000
9.9575000000,-0.0008227965,-0.1095124476,falla_engranaje,0.8000000000
9.9580000000,-0.0007880253,-0.1055463063,falla_engranaje,0.8000000000
9.9585000000,-0.0008020968,-0.0815643167,falla_engranaje,0.8000000000
9.9590000000,-0.0008228226,-0.0935263388,falla_engranaje,0.8000000000
9.9595000000,-0.0008657773,-0.1001366070,falla_engranaje,0.8000000000
9.9600000000,-0.0009092073,-0.0792473241,falla_engranaje,0.8000000000
9.9605000000,-0.0007681155,-0.0738345497,falla_engranaje,0.8000000000
9.9610000000,-0.0006956397,-0.1012616828,falla_engranaje,0.8000000000
9.9615000000,-0.0008369373,-0.0954132531,falla_engranaje,0.8000000000
9.9620000000,-0.0006732659,-0.0849269537,falla_engranaje,0.8000000000
9.9625000000,-0.0008247081,-0.0887293440,falla_engranaje,0.8000000000
9.9630000000,-0.0007956899,-0.0744913335,falla_engranaje,0.8000000000
9.9635000000,-0.0007282528,-0.0760668329,falla_engranaje,0.8000000000
9.9640000000,-0.0007331504,-0.0715925108,falla_engranaje,0.8000000000
9.9645000000,-0.0008271714,-0.0676488175,falla_engranaje,0.8000000000
9.9650000000,-0.0008648845,-0.0770293809,falla_engranaje,0.8000000000
9.9655000000,-0.0006862890,-0.0821599272,falla_engranaje,0.8000000000
9.9660000000,-0.0006581287,-0.0597763272,falla_engranaje,0.8000000000
9.9665000000,-0.0007400299,-0.0680240047,falla_engranaje,0.8000000000
9.9670000000,-0.0006892568,-0.0543452145,falla_engranaje,0.8000000000
9.9675000000,-0.0008102169,-0.0678457428,falla_engranaje,0.8000000000
9.9680000000,-0.0008291306,-0.0672894919,falla_engranaje,0.8000000000
9.9685000000,-0.0007270460,-0.0682774515,falla_engranaje,0.8000000000
9.9690000000,-0.0007395606,-0.0488985550,falla_engranaje,0.8000000000
9.9695000000,-0.0007103712,-0.0605924871,falla_engranaje,0.8000000000
9.9700000000,-0.0006328378,-0.0696123336,falla_engranaje,0.8000000000
9.9705000000,-0.0006964580,-0.0549884226,falla_engranaje,0.8000000000
9.9710000000,-0.0006966020,-0.0584605258,falla_engranaje,0.8000000000
9.9715000000,-0.0007069098,-0.0636754926,falla_engranaje,0.8000000000
9.9720000000,-0.0006909296,-0.0681232695,falla_engranaje,0.8000000000
9.9725000000,-0.0008045912,-0.0611960167,falla_engranaje,0.8000000000
9.9730000000,-0.0007077013,-0.0460900142,falla_engranaje,0.8000000000
9.9735000000,-0.0005628104,-0.0588137731,falla_engranaje,0.8000000000
9.9740000000,-0.0006256429,-0.0557852034,falla_engranaje,0.8000000000
9.9745000000,-0.0006882405,-0.0413954685,falla_engranaje,0.8000000000
9.9750000000,-0.0007463448,-0.0564907440,falla_engranaje,0.8000000000
9.9755000000,-0.0006774112,-0.0617985212,falla_engranaje,0.8000000000
9.9760000000,-0.0006250754,-0.0421591793,falla_engranaje,0.8000000000
9.9765000000,-0.0006825560,-0.0443695048,falla_engranaje,0.8000000000
9.9770000000,-0.0005265207,-0.0493011624,falla_engranaje,0.8000000000
9.9775000000,-0.0006821992,-0.0515995566,falla_engranaje,0.8000000000
9.9780000000,-0.0004325144,-0.0469858022,falla_engranaje,0.8000000000
9.9785000000,-0.0005044801,-0.0347652509,falla_engranaje,0.8000000000
9.9790000000,-0.0004954377,-0.0484271099,falla_engranaje,0.8000000000
9.9795000000,-0.0005797855,-0.0615584287,falla_engranaje,0.8000000000
9.9800000000,-0.0004356955,-0.0336349437,falla_engranaje,0.8000000000
9.9805000000,-0.0005153485,-0.0339766672,falla_engranaje,0.8000000000
9.9810000000,-0.0005297805,-0.0654159127,falla_engranaje,0.8000000000
9.9815000000,-0.0004183742,-0.0572934242,falla_engranaje,0.8000000000
9.9820000000,-0.0003729944,-0.0342844440,falla_engranaje,0.8000000000
9.9825000000,-0.0004500559,-0.0368093666,falla_engranaje,0.8000000000
9.9830000000,-0.0004904235,-0.0288636347,falla_engranaje,0.8000000000
9.9835000000,-0.0005765319,-0.0378105727,falla_engranaje,0.8000000000
9.9840000000,-0.0006364057,-0.0281168463,falla_engranaje,0.8000000000
9.9845000000,-0.0003086261,-0.0240918906,falla_engranaje,0.8000000000
9.9850000000,-0.0004719801,-0.0149966221,falla_engranaje,0.8000000000
9.9855000000,-0.0003660692,-0.0249061995,falla_engranaje,0.8000000000
9.9860000000,-0.0004514215,-0.0280899506,falla_engranaje,0.8000000000
9.9865000000,-0.0004778523,-0.0416679830,falla_engranaje,0.8000000000
9.9870000000,-0.0003175843,-0.0303319083,falla_engranaje,0.8000000000
9.9875000000,-0.0004275169,-0.0218090996,falla_engranaje,0.8000000000
9.9880000000,-0.0002373542,-0.0381828060,falla_engranaje,0.8000000000
9.9885000000,-0.0004499621,-0.0268171537,falla_engranaje,0.8000000000
9.9890000000,-0.0003530714,-0.0044565179,falla_engranaje,0.8000000000
9.9895000000,-0.0003626434,-0.0360794104,falla_engranaje,0.8000000000
9.9900000000,-0.0003816368,-0.0270444924,falla_engranaje,0.8000000000
9.9905000000,-0.0003317187,-0.0273768356,falla_engranaje,0.8000000000
9.9910000000,-0.0003120483,-0.0047767265,falla_engranaje,0.8000000000
9.9915000000,-0.0003938620,-0.0073405288,falla_engranaje,0.8000000000
9.9920000000,-0.0003671384,-0.0063430030,falla_engranaje,0.8000000000
9.9925000000,-0.0003009765,-0.0102696535,falla_engranaje,0.8000000000
9.9930000000,-0.0003703936,-0.0159602587,falla_engranaje,0.8000000000
9.9935000000,-0.0003043494,-0.0134438547,falla_engranaje,0.8000000000
9.9940000000,-0.0004018678,-0.0025780933,falla_engranaje,0.8000000000
9.9945000000,-0.0002710133,-0.0051231434,falla_engranaje,0.8000000000
9.9950000000,-0.0002175125,-0.0133578790,falla_engranaje,0.8000000000
9.9955000000,-0.0002964507,-0.0301794307,falla_engranaje,0.8000000000
9.9960000000,-0.0002754383,0.0047867595,falla_engranaje,0.8000000000
9.9965000000,-0.0003421976,-0.0211240848,falla_engranaje,0.8000000000
9.9970000000,-0.0001973454,-0.0059685666,falla_engranaje,0.8000000000
9.9975000000,-0.0002259901,-0.0070603852,falla_engranaje,0.8000000000
9.9980000000,-0.0002339951,0.0006675890,falla_engranaje,0.8000000000
9.9985000000,-0.0001944773,-0.0000806958,falla_engranaje,0.8000000000
9.9990000000,-0.0003415115,0.0096393074,falla_engranaje,0.8000000000
9.9995000000,-0.0002654507,-0.0050582480,falla_engranaje,0.8000000000
